1	34	1.34525
1	96	3.49714
1	136	1.19929
1	158	2.74452
1	167	3.75138
1	168	4.02086
1	169	3.97718
1	181	2.09421
2	56	1.6681
2	75	2.35806
2	87	2.43529
2	97	2.87744
2	111	2.82452
2	116	3.0503
2	117	3.50291
2	176	3.93001
3	9	0.601252
3	21	1.12759
3	120	2.99546
3	129	3.78119
3	135	2.04492
3	167	3.41876
3	185	4.05386
3	189	4.59281
4	155	1.83718
4	158	1.61941
4	166	1.66095
4	170	2.4105
4	178	3.181
4	191	3.49716
4	194	3.78487
4	199	4.62564
5	43	2.49465
5	105	1.27621
5	122	1.23827
5	136	4.28882
5	160	2.53409
5	177	3.37799
5	181	3.54713
5	187	3.8655
6	28	2.35876
6	71	2.12885
6	134	1.81343
6	154	2.64242
6	156	2.62207
6	157	2.58959
6	185	3.95345
6	189	4.4924
7	12	1.45245
7	121	2.66457
7	179	2.23234
7	185	2.6905
7	188	2.82019
7	191	3.20983
7	193	3.40177
7	200	4.17507
8	56	4.14386
8	80	0.924522
8	93	1.26621
8	116	1.81682
8	165	3.08891
8	176	3.49728
8	178	3.69146
8	194	4.29533
9	3	0.601252
9	149	2.23215
9	150	2.25487
9	162	2.88338
9	185	3.6643
9	189	4.20325
9	196	3.11177
9	199	3.68655
10	116	4.39041
10	128	1.35526
10	130	1.65687
10	132	2.06677
10	151	2.42783
10	163	3.01227
10	181	3.71483
10	187	4.0332
11	33	1.67932
11	78	2.254
11	94	6.79299
11	96	1.74934
11	106	2.16602
11	108	2.86639
11	115	2.33807
11	131	2.78605
12	7	1.45245
12	26	1.45965
12	79	2.20128
12	106	2.67145
12	108	3.37183
12	115	2.8435
12	131	3.29148
12	133	5.33568
13	113	2.62819
13	141	1.75794
13	151	4.15593
13	160	2.11649
13	163	2.42696
13	177	2.96039
13	181	3.12953
13	187	3.44789
14	50	0.962665
14	72	2.25086
14	135	2.41871
14	138	2.69661
14	150	3.01822
14	156	3.09628
14	162	3.64673
14	181	4.5411
15	21	1.65148
15	27	1.00577
15	118	2.92046
15	138	2.8467
15	153	3.33611
15	156	3.24637
15	169	4.16844
15	187	3.44616
16	40	1.25383
16	71	3.03409
16	125	2.4728
16	151	1.7019
16	165	2.56042
16	178	3.16296
16	192	3.8063
16	199	4.60761
17	47	1.69924
17	70	2.21507
17	75	2.50264
17	87	2.57986
17	103	2.15652
17	116	3.19488
17	117	3.64749
17	168	4.62542
18	106	0.964174
18	110	2.82344
18	126	2.96742
18	135	2.36295
18	154	3.06087
18	159	3.0876
18	162	3.59098
18	167	3.7368
19	59	1.56803
19	71	2.93299
19	117	1.21621
19	149	3.32544
19	158	3.11564
19	179	1.85119
19	182	4.89709
19	199	3.74146
20	36	2.96023
20	161	1.0575
20	180	1.98561
20	182	3.84055
20	191	2.84844
20	193	3.04038
20	195	3.09358
20	200	3.81368
21	3	1.12759
21	15	1.65148
21	71	2.36604
21	132	1.56889
21	149	2.75849
21	168	3.82503
21	186	4.11056
21	199	5.23031
22	40	2.36584
22	44	2.17549
22	53	2.1045
22	81	2.9193
22	86	2.92906
22	123	3.34502
22	137	2.9707
22	146	3.81073
23	111	0.866244
23	166	2.39675
23	171	2.35569
23	180	2.93868
23	192	2.9758
23	196	3.70334
23	197	3.70751
23	198	3.6759
24	46	1.14529
24	91	2.58162
24	114	3.05621
24	132	2.22952
24	145	2.09905
24	164	3.43708
24	181	3.87759
24	187	4.19595
25	59	2.11074
25	147	1.91935
25	157	2.18365
25	172	2.68125
25	174	2.5911
25	176	2.81316
25	192	3.65067
25	197	4.66414
26	12	1.45965
26	79	2.28462
26	96	2.33811
26	108	3.45516
26	115	2.92683
26	131	3.37481
26	139	1.88749
26	188	4.90809
27	15	1.00577
27	41	1.00355
27	102	3.38635
27	166	3.3842
27	169	3.13563
27	182	3.68443
27	185	3.54494
27	186	3.46486
28	6	2.35876
28	45	0.0634084
28	183	2.60312
28	188	2.65036
28	193	3.23194
28	195	3.28513
28	196	4.43266
28	200	4.00523
29	76	1.82772
29	127	2.24522
29	164	4.02102
29	173	2.38803
29	179	2.35626
29	188	2.9441
29	191	3.33375
29	195	3.57888
29	200	4.29898
30	105	1.53471
30	117	1.30208
30	141	2.43404
30	164	3.36513
30	177	3.63649
30	181	3.80563
30	187	4.124
30	195	2.44865
30	200	4.37495
31	65	2.3936
31	70	2.11463
31	75	2.40219
31	87	2.47942
31	111	2.86866
31	116	3.09444
31	117	3.54705
31	124	2.57021
31	192	5.52349
32	93	0.963721
32	104	0.808256
32	170	2.61848
32	172	3.06289
32	178	3.38897
32	188	3.70273
32	192	4.03231
32	198	3.58831
32	199	4.83362
33	11	1.67932
33	78	3.56789
33	79	3.00973
33	96	3.06323
33	106	3.4799
33	131	4.09993
33	153	1.7502
33	165	2.56511
33	188	3.79066
34	1	1.34525
34	63	2.87254
34	137	2.1231
34	160	1.99794
34	167	3.44058
34	168	3.71007
34	169	3.66638
34	184	3.23701
34	189	4.61463
35	82	0.798048
35	140	2.38578
35	142	1.90927
35	148	2.42052
35	170	2.6616
35	194	3.52167
35	196	4.43964
35	197	4.4438
35	198	4.4122
36	20	2.96023
36	53	1.93909
36	141	2.4474
36	145	2.04045
36	159	3.18785
36	160	2.80595
36	177	3.64985
36	181	3.81899
36	187	4.13735
37	57	2.20418
37	61	0.241272
37	157	2.04411
37	174	2.45156
37	178	2.8678
37	190	5.89059
37	192	3.51114
37	194	3.47167
37	199	4.31245
38	67	2.61063
38	80	2.76184
38	89	2.79452
38	94	3.09846
38	142	3.81728
38	144	3.81728
38	164	0.581846
38	184	2.96792
38	200	4.57131
39	74	3.16104
39	84	3.05058
39	90	3.0423
39	98	3.00692
39	114	3.09429
39	120	3.54488
39	146	2.23041
39	156	3.74111
39	175	2.11805
40	16	1.25383
40	22	2.36584
40	46	2.76411
40	49	2.92889
40	76	3.35486
40	92	3.43496
40	123	4.05136
40	161	2.78409
40	196	4.07105
41	27	1.00355
41	51	0.796123
41	112	2.15035
41	144	0.989358
41	156	3.24414
41	169	4.16621
41	185	4.57552
41	189	5.11446
41	200	4.9758
42	84	1.04843
42	133	1.55324
42	148	2.16182
42	162	3.88275
42	175	3.17719
42	182	3.17725
42	190	3.6417
42	196	4.18094
42	197	4.1851
43	5	2.49465
43	128	3.01345
43	161	1.56763
43	180	2.49575
43	182	2.59561
43	191	3.35858
43	193	3.55051
43	195	3.60371
43	200	4.32381
44	22	2.17549
44	49	2.73854
44	81	3.43529
44	86	3.44505
44	92	3.24461
44	123	3.86101
44	142	2.67397
44	143	1.59295
44	192	3.81906
45	28	0.0634084
45	66	1.75385
45	73	2.57235
45	102	3.75909
45	179	2.78279
45	188	3.37064
45	193	3.95222
45	195	4.00542
45	200	4.72552
46	24	1.14529
46	40	2.76411
46	49	2.62082
46	81	3.31757
46	86	3.32733
46	92	3.12689
46	123	3.74329
46	135	2.94289
46	171	4.01118
47	17	1.69924
47	56	1.89647
47	65	2.57782
47	87	2.66365
47	111	3.05288
47	116	3.27867
47	117	3.73127
47	125	1.80795
47	199	6.29234
48	78	3.12239
48	79	2.56423
48	96	2.61773
48	97	2.78559
48	108	3.73478
48	115	3.20645
48	131	3.65443
48	177	2.64388
48	184	2.69564
49	40	2.92889
49	44	2.73854
49	46	2.62082
49	76	3.21157
49	85	0.877374
49	86	3.49211
49	123	3.90807
49	130	3.21531
49	160	4.00707
50	14	0.962665
50	139	0.979441
50	163	3.13584
50	167	3.01682
50	168	3.28631
50	182	3.79142
50	185	3.65192
50	188	4.00004
50	189	4.19087
51	41	0.796123
51	150	1.92808
51	162	2.5566
51	169	2.92821
51	178	4.32444
51	182	3.47701
51	185	3.33751
51	187	3.77115
51	189	3.87646
52	58	1.86806
52	107	1.62072
52	119	1.42247
52	126	2.53321
52	165	3.69284
52	171	2.95928
52	196	4.30693
52	197	4.3111
52	198	4.27949
53	22	2.1045
53	36	1.93909
53	76	3.09351
53	81	3.3643
53	86	3.37406
53	92	3.17362
53	123	3.79002
53	153	2.84821
53	167	3.3207
54	121	1.60848
54	152	2.02383
54	157	2.82501
54	163	2.81314
54	170	2.8782
54	176	3.45452
54	191	3.73611
54	193	2.94971
54	194	4.25257
54	199	5.09334
55	127	1.18113
55	166	3.97728
55	173	2.42009
55	180	2.50298
55	183	2.92893
55	186	4.30957
55	188	2.97616
55	191	3.3658
55	195	3.61094
55	200	4.33104
56	2	1.6681
56	8	4.14386
56	47	1.89647
56	65	2.69127
56	75	2.69986
56	87	2.77709
56	95	5.31646
56	111	3.16633
56	116	3.39211
56	117	3.84472
57	37	2.20418
57	149	2.20032
57	154	2.32144
57	162	2.85155
57	163	3.64607
57	168	3.26686
57	182	3.77197
57	186	3.55239
57	189	4.17142
57	190	3.64587
58	52	1.86806
58	104	3.11627
58	161	1.70321
58	169	4.49906
58	180	2.63132
58	183	3.05727
58	188	3.10451
58	191	3.49415
58	193	3.68609
58	200	4.45939
59	19	1.56803
59	25	2.11074
59	118	2.27007
59	132	1.86283
59	149	2.4952
59	168	3.56173
59	185	3.92735
59	186	3.84727
59	189	4.4663
59	199	5.52424
60	82	1.52267
60	99	1.98823
60	104	2.16648
60	145	1.85569
60	153	2.83905
60	155	2.83701
60	166	3.85767
60	190	4.62502
60	198	5.13682
60	200	4.81152
61	37	0.241272
61	86	1.47787
61	118	4.44781
61	147	2.94115
61	151	2.56807
61	152	2.40426
61	167	3.58942
61	176	3.83495
61	192	4.67247
61	199	5.47378
62	77	0.398797
62	132	2.03634
62	160	2.67137
62	163	2.98185
62	164	3.24391
62	177	3.51527
62	181	3.68441
62	187	4.00278
62	188	5.06956
62	192	4.01631
63	34	2.87254
63	140	1.81224
63	145	4.21865
63	150	2.39174
63	166	2.5595
63	175	2.86235
63	190	3.32685
63	196	3.86609
63	197	3.87026
63	198	3.83865
64	70	1.50446
64	113	2.43082
64	118	2.90758
64	135	2.55592
64	137	2.61227
64	159	3.28056
64	162	3.78394
64	165	3.43856
64	185	4.56486
64	198	4.54968
65	31	2.3936
65	47	2.57782
65	56	2.69127
65	70	3.09366
65	87	3.45845
65	88	2.49574
65	111	3.84768
65	116	4.07346
65	128	2.08386
65	200	4.92694
66	45	1.75385
66	93	1.39078
66	138	3.32263
66	155	2.47222
66	165	3.21349
66	172	3.48995
66	174	3.3998
66	184	3.74978
66	190	4.41616
66	194	4.41991
67	38	2.61063
67	84	2.96386
67	89	2.55533
67	120	3.45816
67	124	3.3918
67	142	3.57808
67	144	3.57808
67	173	3.22195
67	180	3.5454
67	187	2.70536
68	83	3.92531
68	94	1.16159
68	157	2.27348
68	172	2.77109
68	174	2.68094
68	178	3.09717
68	184	3.03092
68	186	4.42294
68	192	3.74051
68	199	4.54182
69	72	0.0169228
69	79	1.19823
69	96	3.67627
69	173	2.7375
69	183	3.24634
69	191	3.68322
69	193	3.87515
69	195	3.92835
69	199	4.62453
69	200	4.64845
70	17	2.21507
70	31	2.11463
70	64	1.50446
70	65	3.09366
70	75	3.10225
70	111	3.56872
70	116	3.7945
70	117	4.24711
70	126	3.51625
70	170	4.45541
71	6	2.12885
71	16	3.03409
71	19	2.93299
71	21	2.36604
71	105	1.54483
71	113	3.15827
71	135	3.28337
71	137	3.33972
71	163	4.91782
71	168	4.92669
72	14	2.25086
72	69	0.0169228
72	159	2.14004
72	171	4.29374
72	172	2.25306
72	173	3.30451
72	183	3.81335
72	191	4.25023
72	193	4.44216
72	195	4.49536
72	200	5.21546
73	45	2.57235
73	133	3.49682
73	139	1.90652
73	147	2.27401
73	161	4.88137
73	165	2.75944
73	176	3.16781
73	178	3.36199
73	184	3.29574
73	194	3.96586
73	199	4.80664
74	39	3.16104
74	80	3.22553
74	94	3.56216
74	98	3.62309
74	112	2.46813
74	114	3.71046
74	120	4.16105
74	124	4.09469
74	173	2.68808
74	174	3.06713
74	178	2.72478
75	2	2.35806
75	17	2.50264
75	31	2.40219
75	56	2.69986
75	70	3.10225
75	111	3.85628
75	116	4.08206
75	117	4.53467
75	143	2.00476
75	192	4.23088
75	194	4.69819
76	29	1.82772
76	40	3.35486
76	49	3.21157
76	53	3.09351
76	81	3.90832
76	86	3.91808
76	92	3.71764
76	119	1.95021
76	123	4.33404
76	180	2.97962
76	185	4.18488
77	62	0.398797
77	129	2.39837
77	140	2.84411
77	153	2.57275
77	158	2.57134
77	166	3.59138
77	177	3.92685
77	189	4.05682
77	190	4.35873
77	197	4.90213
77	198	4.87053
78	11	2.254
78	33	3.56789
78	48	3.12239
78	96	3.63791
78	100	2.7989
78	106	4.05458
78	115	4.22663
78	129	2.00306
78	131	4.67461
78	157	3.13925
78	175	2.98187
79	12	2.20128
79	26	2.28462
79	33	3.00973
79	48	2.56423
79	69	1.19823
79	106	3.49642
79	108	4.1968
79	115	3.66847
79	131	4.11645
79	162	4.91509
79	170	4.83281
80	8	0.924522
80	38	2.76184
80	74	3.22553
80	89	2.70654
80	90	3.1068
80	102	3.11993
80	114	3.15878
80	142	3.72929
80	144	3.72929
80	150	4.09435
80	166	5.90797
81	22	2.9193
81	44	3.43529
81	46	3.31757
81	53	3.3643
81	76	3.90832
81	83	2.27681
81	92	3.98842
81	98	1.22959
81	116	3.73621
81	123	4.60482
81	177	3.75613
82	35	0.798048
82	60	1.52267
82	133	2.06874
82	151	3.97933
82	152	3.53974
82	154	3.43196
82	166	3.38984
82	175	3.69269
82	196	4.69643
82	197	4.7006
82	198	4.66899
83	68	3.92531
83	81	2.27681
83	85	2.12944
83	112	2.19593
83	119	2.56062
83	126	4.73311
83	127	3.31202
83	129	2.94549
83	140	3.39123
83	171	4.09743
83	190	4.90584
84	39	3.05058
84	42	1.04843
84	67	2.96386
84	89	3.14775
84	99	0.839348
84	120	4.05059
84	124	3.98423
84	142	4.1705
84	144	4.1705
84	156	4.13028
84	191	4.92179
85	49	0.877374
85	83	2.12944
85	118	3.57102
85	125	2.80991
85	146	2.63678
85	148	3.00326
85	175	4.01863
85	190	4.48313
85	191	4.33937
85	194	3.69465
85	196	5.02238
85	198	4.99493
86	22	2.92906
86	44	3.44505
86	46	3.32733
86	49	3.49211
86	53	3.37406
86	61	1.47787
86	76	3.91808
86	92	3.99818
86	102	3.60628
86	123	4.61458
86	143	2.10219
86	198	5.26714
87	2	2.43529
87	17	2.57986
87	31	2.47942
87	47	2.66365
87	56	2.77709
87	65	3.45845
87	111	3.93351
87	116	4.15929
87	117	4.6119
87	118	3.73306
87	171	3.67268
87	199	5.08669
88	65	2.49574
88	99	3.79788
88	128	6.17014
88	139	2.02971
88	147	2.3972
88	170	2.71469
88	172	3.1591
88	174	3.06895
88	176	3.291
88	184	3.41893
88	194	4.08905
88	199	4.92983
89	38	2.79452
89	67	2.55533
89	80	2.70654
89	84	3.14775
89	102	3.15261
89	120	3.64205
89	124	3.5757
89	142	3.76197
89	144	3.76197
89	169	3.59622
89	173	3.69408
89	196	5.17719
90	39	3.0423
90	80	3.1068
90	97	2.38521
90	98	3.50435
90	102	3.55287
90	114	3.59172
90	124	3.97595
90	131	3.28177
90	142	4.16223
90	144	4.16223
90	169	2.88887
90	177	3.9371
91	24	2.58162
91	103	1.68119
91	121	1.69712
91	141	3.61092
91	155	2.39352
91	165	3.13479
91	170	2.96685
91	174	3.3211
91	192	4.38068
91	194	4.34121
91	196	6.28675
91	199	5.18199
92	40	3.43496
92	44	3.24461
92	46	3.12689
92	53	3.17362
92	76	3.71764
92	81	3.98842
92	86	3.99818
92	108	1.66013
92	115	2.62335
92	123	4.41414
92	160	4.3283
92	183	3.85264
93	8	1.26621
93	32	0.963721
93	66	1.39078
93	127	2.67982
93	133	4.65118
93	155	3.00272
93	157	3.52285
93	174	3.9303
93	183	5.12697
93	184	4.28028
93	194	4.95041
93	199	5.79118
94	11	6.79299
94	38	3.09846
94	68	1.16159
94	74	3.56216
94	98	3.40804
94	102	3.45656
94	114	3.49541
94	120	3.946
94	123	0.892654
94	142	4.06591
94	144	4.06591
94	156	3.62184
95	56	5.31646
95	118	2.42014
95	138	2.34638
95	149	2.64527
95	154	2.76639
95	159	2.79313
95	162	3.29651
95	176	2.51002
95	182	4.21692
95	186	3.99734
95	189	4.61637
95	200	4.66448
96	1	3.49714
96	11	1.74934
96	26	2.33811
96	33	3.06323
96	48	2.61773
96	69	3.67627
96	78	3.63791
96	106	3.54992
96	108	4.2503
96	115	3.72197
96	123	5.29495
96	131	4.16995
97	2	2.87744
97	48	2.78559
97	90	2.38521
97	119	2.38228
97	125	3.05427
97	129	2.76715
97	140	3.21289
97	146	2.88114
97	148	3.24763
97	174	6.01094
97	190	4.7275
97	196	5.26674
97	197	5.27091
98	39	3.00692
98	74	3.62309
98	81	1.22959
98	90	3.50435
98	94	3.40804
98	102	3.51749
98	107	2.97061
98	114	3.55634
98	124	3.94057
98	142	4.12685
98	144	4.12685
98	173	4.65725
98	190	5.20667
99	60	1.98823
99	84	0.839348
99	88	3.79788
99	107	2.47578
99	121	5.12637
99	125	2.94952
99	146	2.77639
99	166	3.8554
99	171	3.81433
99	190	4.62274
99	193	4.30978
99	196	5.16199
99	197	5.16615
100	78	2.7989
100	122	3.64047
100	123	3.06038
100	136	1.4225
100	138	4.56438
100	143	2.03001
100	161	2.94641
100	173	3.79164
100	179	3.75987
100	180	3.87453
100	183	4.30048
100	195	4.98249
100	200	5.70259
101	102	3.30993
101	131	3.96642
101	143	1.53529
101	161	2.45169
101	164	2.28743
101	179	3.26514
101	180	3.3798
101	183	3.80576
101	191	4.24263
101	193	4.43457
101	194	4.49927
101	195	4.48777
101	200	5.20787
102	27	3.38635
102	45	3.75909
102	80	3.11993
102	86	3.60628
102	89	3.15261
102	90	3.55287
102	94	3.45656
102	98	3.51749
102	101	3.30993
102	114	3.60486
102	120	4.05545
102	142	4.17537
102	144	4.17537
103	17	2.15652
103	91	1.68119
103	121	2.67542
103	147	3.62765
103	151	3.25458
103	152	3.09077
103	155	3.37182
103	163	4.16043
103	168	3.45709
103	174	4.2994
103	184	4.64939
103	193	4.297
103	199	6.16029
104	32	0.808256
104	58	3.11627
104	60	2.16648
104	119	2.45578
104	127	3.20718
104	133	2.71255
104	140	3.28639
104	155	5.38378
104	171	3.99259
104	173	4.75278
104	175	4.3365
104	196	5.34024
104	198	5.3128
105	5	1.27621
105	30	1.53471
105	71	1.54483
105	128	2.74101
105	145	3.32204
105	149	3.93211
105	160	4.08755
105	163	4.39802
105	177	4.93145
105	181	5.10058
105	187	5.41895
105	189	4.49039
105	193	4.09626
106	11	2.16602
106	12	2.67145
106	18	0.964174
106	33	3.4799
106	78	4.05458
106	79	3.49642
106	96	3.54992
106	108	4.66697
106	115	4.13864
106	118	3.96308
106	131	4.58662
106	178	3.29553
106	200	5.86433
107	52	1.62072
107	98	2.97061
107	99	2.47578
107	112	2.40266
107	127	3.51875
107	140	3.59796
107	146	3.26621
107	147	2.86496
107	157	3.7622
107	169	4.44893
107	175	4.64807
107	197	5.65598
107	198	5.62437
108	11	2.86639
108	12	3.37183
108	26	3.45516
108	48	3.73478
108	79	4.1968
108	92	1.66013
108	96	4.2503
108	106	4.66697
108	115	4.83902
108	131	5.287
108	133	2.1399
108	156	4.0094
108	167	3.17417
108	188	4.74214
109	131	3.71152
109	136	0.904479
109	162	3.46657
109	165	3.60476
109	173	3.27362
109	179	3.24184
109	180	3.35651
109	183	3.78246
109	185	4.9452
109	188	3.82969
109	191	4.21933
109	193	4.41127
109	195	4.46447
109	200	5.18457
110	18	2.82344
110	114	1.61394
110	121	4.07192
110	134	1.16095
110	143	2.1197
110	179	3.84955
110	183	4.39017
110	184	3.57125
110	188	4.4374
110	189	3.64947
110	191	4.82704
110	193	5.01898
110	195	5.07218
110	200	5.79228
111	2	2.82452
111	23	0.866244
111	31	2.86866
111	47	3.05288
111	56	3.16633
111	65	3.84768
111	70	3.56872
111	75	3.85628
111	87	3.93351
111	116	4.54853
111	117	5.00113
111	119	3.77849
111	155	5.11544
111	191	5.95704
112	41	2.15035
112	74	2.46813
112	83	2.19593
112	107	2.40266
112	125	2.8764
112	127	2.95581
112	135	5.58905
112	146	2.70327
112	171	3.74122
112	187	5.49689
112	190	4.54963
112	196	5.08887
112	197	5.09304
112	198	5.06143
113	13	2.62819
113	64	2.43082
113	71	3.15827
113	122	2.20554
113	135	2.97393
113	149	3.55072
113	150	3.57344
113	158	3.34092
113	159	3.69858
113	162	4.20195
113	168	4.61726
113	177	4.62391
113	182	5.12237
113	200	6.27906
114	24	3.05621
114	39	3.09429
114	74	3.71046
114	80	3.15878
114	90	3.59172
114	94	3.49541
114	98	3.55634
114	102	3.60486
114	110	1.61394
114	124	4.02794
114	142	4.21422
114	144	4.21422
114	149	5.80028
114	186	5.24691
115	11	2.33807
115	12	2.8435
115	26	2.92683
115	48	3.20645
115	78	4.22663
115	79	3.66847
115	92	2.62335
115	96	3.72197
115	106	4.13864
115	108	4.83902
115	131	4.75867
115	168	4.13781
115	183	3.57891
115	189	5.37185
116	2	3.0503
116	8	1.81682
116	10	4.39041
116	17	3.19488
116	31	3.09444
116	47	3.27867
116	56	3.39211
116	65	4.07346
116	70	3.7945
116	75	4.08206
116	81	3.73621
116	87	4.15929
116	111	4.54853
116	172	5.76705
117	2	3.50291
117	17	3.64749
117	19	1.21621
117	30	1.30208
117	31	3.54705
117	47	3.73127
117	56	3.84472
117	70	4.24711
117	75	4.53467
117	87	4.6119
117	111	5.00113
117	143	3.90051
117	152	4.29432
117	157	4.98147
118	15	2.92046
118	59	2.27007
118	61	4.44781
118	64	2.90758
118	85	3.57102
118	87	3.73306
118	95	2.42014
118	106	3.96308
118	138	3.72858
118	150	4.05019
118	158	3.81767
118	162	4.67871
118	167	4.82452
118	169	5.05032
119	52	1.42247
119	76	1.95021
119	83	2.56062
119	97	2.38228
119	104	2.45578
119	111	3.77849
119	129	2.95397
119	130	4.49876
119	171	4.10591
119	175	4.44982
119	186	5.49615
119	196	5.45356
119	197	5.45773
119	198	5.42612
120	3	2.99546
120	39	3.54488
120	67	3.45816
120	74	4.16105
120	84	4.05059
120	89	3.64205
120	94	3.946
120	102	4.05545
120	124	4.47853
120	142	4.66481
120	144	4.66481
120	158	3.12177
120	176	3.97796
120	183	2.8143
120	184	4.52903
121	7	2.66457
121	54	1.60848
121	91	1.69712
121	99	5.12637
121	103	2.67542
121	110	4.07192
121	139	3.2761
121	150	5.55899
121	151	3.27051
121	155	3.38775
121	165	4.12902
121	172	4.40549
121	184	4.66532
121	192	5.37491
121	199	6.17621
122	5	1.23827
122	100	3.64047
122	113	2.20554
122	126	2.72727
122	130	3.00468
122	132	3.41458
122	141	3.69106
122	145	3.28411
122	160	4.04961
122	163	4.36008
122	164	4.62214
122	171	5.40928
122	177	4.89351
122	187	5.38101
122	188	6.17924
123	22	3.34502
123	40	4.05136
123	44	3.86101
123	46	3.74329
123	49	3.90807
123	53	3.79002
123	76	4.33404
123	81	4.60482
123	86	4.61458
123	92	4.41414
123	94	0.892654
123	96	5.29495
123	100	3.06038
123	137	2.51569
123	196	5.66843
124	31	2.57021
124	67	3.3918
124	74	4.09469
124	84	3.98423
124	89	3.5757
124	90	3.97595
124	98	3.94057
124	114	4.02794
124	120	4.47853
124	142	4.59845
124	144	4.59845
124	161	3.83687
124	164	2.25677
124	170	3.60853
124	185	5.16944
125	16	2.4728
125	47	1.80795
125	85	2.80991
125	97	3.05427
125	99	2.94952
125	112	2.8764
125	129	3.62596
125	131	4.10194
125	146	3.73995
125	153	3.80034
125	186	3.77559
125	190	5.58631
125	191	5.27951
125	196	6.12555
125	198	6.09811
126	18	2.96742
126	52	2.53321
126	70	3.51625
126	83	4.73311
126	122	2.72727
126	128	2.67655
126	132	3.38806
126	141	3.66454
126	154	3.68256
126	160	4.02309
126	163	4.33356
126	164	4.59563
126	177	4.86699
126	181	5.03613
126	187	5.35449
127	29	2.24522
127	55	1.18113
127	83	3.31202
127	93	2.67982
127	104	3.20718
127	107	3.51875
127	112	2.95581
127	130	2.04495
127	153	3.87974
127	163	3.62329
127	175	5.20122
127	196	6.20496
127	197	6.20913
127	198	6.17752
127	200	5.67917
128	10	1.35526
128	43	3.01345
128	65	2.08386
128	88	6.17014
128	105	2.74101
128	126	2.67655
128	130	2.95396
128	141	3.64034
128	145	3.23339
128	163	4.30936
128	164	4.57143
128	177	4.84279
128	179	6.16345
128	181	5.01193
128	187	5.33029
129	3	3.78119
129	77	2.39837
129	78	2.00306
129	83	2.94549
129	97	2.76715
129	119	2.95397
129	125	3.62596
129	137	2.64301
129	161	4.50879
129	165	4.50092
129	166	4.53184
129	171	4.49078
129	190	5.29919
129	197	5.84259
129	198	5.81099
130	10	1.65687
130	49	3.21531
130	119	4.49876
130	122	3.00468
130	127	2.04495
130	128	2.95396
130	134	3.64396
130	136	4.01648
130	141	3.94195
130	145	3.535
130	163	4.61097
130	164	4.87304
130	177	5.1444
130	181	5.31354
130	187	5.63191
131	11	2.78605
131	12	3.29148
131	26	3.37481
131	33	4.09993
131	48	3.65443
131	78	4.67461
131	79	4.11645
131	90	3.28177
131	96	4.16995
131	101	3.96642
131	106	4.58662
131	108	5.287
131	109	3.71152
131	115	4.75867
131	125	4.10194
131	148	4.13918
132	10	2.06677
132	21	1.56889
132	24	2.22952
132	59	1.86283
132	62	2.03634
132	122	3.41458
132	126	3.38806
132	141	4.35185
132	160	4.7104
132	164	5.28294
132	170	4.5977
132	177	5.5543
132	181	5.72344
132	187	6.0418
132	189	5.71022
132	194	5.45778
133	12	5.33568
133	42	1.55324
133	73	3.49682
133	82	2.06874
133	93	4.65118
133	104	2.71255
133	108	2.1399
133	148	3.69121
133	152	3.57328
133	153	3.38511
133	166	4.40374
133	175	4.70659
133	190	5.17109
133	196	5.71033
133	197	5.7145
133	198	5.68289
134	6	1.81343
134	110	1.16095
134	130	3.64396
134	154	3.09317
134	155	5.30368
134	156	5.35377
134	161	2.97308
134	173	3.81831
134	179	3.78653
134	180	3.9012
134	183	4.32715
134	188	4.37438
134	191	4.76402
134	193	4.95596
134	195	5.00916
134	200	5.72926
135	3	2.04492
135	14	2.41871
135	18	2.36295
135	46	2.94289
135	64	2.55592
135	71	3.28337
135	112	5.58905
135	113	2.97393
135	154	3.79693
135	168	4.74235
135	169	4.69866
135	172	4.41218
135	176	6.26005
135	182	5.24746
135	186	5.02789
135	189	5.64691
136	1	1.19929
136	5	4.28882
136	100	1.4225
136	109	0.904479
136	130	4.01648
136	161	3.32432
136	172	3.64838
136	173	4.16954
136	179	4.13777
136	180	4.25243
136	184	6.04731
136	188	4.72561
136	191	5.11526
136	193	5.3072
136	195	5.36039
136	200	6.08049
137	22	2.9707
137	34	2.1231
137	64	2.61227
137	71	3.33972
137	123	2.51569
137	129	2.64301
137	149	3.73217
137	156	3.83295
137	159	3.88003
137	167	4.52922
137	168	4.79871
137	171	5.20766
137	185	5.16432
137	186	5.08424
137	189	5.70327
137	198	5.86319
138	14	2.69661
138	15	2.8467
138	66	3.32263
138	95	2.34638
138	100	4.56438
138	118	3.72858
138	142	4.9048
138	147	4.00749
138	149	3.95371
138	152	4.21759
138	156	4.05449
138	158	3.74391
138	159	4.10157
138	169	4.97656
138	185	5.38586
138	186	5.30578
138	189	5.92481
139	26	1.88749
139	50	0.979441
139	73	1.90652
139	88	2.02971
139	121	3.2761
139	151	3.85526
139	157	4.49263
139	165	4.71377
139	169	4.52879
139	173	4.62665
139	174	4.90008
139	175	3.68468
139	184	5.25007
139	192	5.95966
139	193	5.31285
139	194	5.92019
139	199	6.76097
140	35	2.38578
140	63	1.81224
140	77	2.84411
140	83	3.39123
140	97	3.21289
140	104	3.28639
140	107	3.59796
140	141	2.4654
140	171	4.93651
140	175	5.28042
140	176	4.10917
140	189	4.73845
140	190	5.74493
140	192	4.0187
140	196	6.28417
140	197	6.28833
140	199	5.716
141	13	1.75794
141	30	2.43404
141	36	2.4474
141	91	3.61092
141	122	3.69106
141	126	3.66454
141	128	3.64034
141	130	3.94195
141	132	4.35185
141	140	2.4654
141	144	3.65976
141	160	4.98688
141	169	4.94284
141	177	5.83078
141	181	5.99992
141	187	6.31828
141	198	6.34011
142	35	1.90927
142	38	3.81728
142	44	2.67397
142	67	3.57808
142	80	3.72929
142	84	4.1705
142	89	3.76197
142	90	4.16223
142	94	4.06591
142	98	4.12685
142	102	4.17537
142	114	4.21422
142	120	4.66481
142	124	4.59845
142	138	4.9048
142	186	5.41758
142	195	6.12811
143	44	1.59295
143	75	2.00476
143	86	2.10219
143	100	2.03001
143	101	1.53529
143	110	2.1197
143	117	3.90051
143	171	5.01175
143	173	4.77705
143	179	4.74528
143	180	4.85994
143	183	5.28589
143	188	5.33312
143	191	5.72277
143	195	5.9679
143	199	6.42576
143	200	6.688
144	38	3.81728
144	41	0.989358
144	67	3.57808
144	80	3.72929
144	84	4.1705
144	89	3.76197
144	90	4.16223
144	94	4.06591
144	98	4.12685
144	102	4.17537
144	114	4.21422
144	120	4.66481
144	124	4.59845
144	141	3.65976
144	174	5.23153
144	176	5.30353
144	184	5.8546
145	24	2.09905
145	36	2.04045
145	60	1.85569
145	63	4.21865
145	105	3.32204
145	122	3.28411
145	128	3.23339
145	130	3.535
145	152	4.41137
145	160	4.57993
145	163	4.8904
145	164	5.15246
145	172	4.48629
145	177	5.42383
145	179	6.05071
145	181	5.59297
145	187	5.91133
146	22	3.81073
146	39	2.23041
146	85	2.63678
146	97	2.88114
146	99	2.77639
146	107	3.26621
146	112	2.70327
146	125	3.73995
146	148	3.93331
146	153	3.62721
146	154	3.8243
146	161	5.59996
146	166	4.64584
146	190	5.41318
146	196	5.95242
146	197	5.95659
146	198	5.92498
146	199	7.46169
147	25	1.91935
147	61	2.94115
147	73	2.27401
147	88	2.3972
147	103	3.62765
147	107	2.86496
147	138	4.00749
147	148	2.16231
147	153	3.92496
147	155	4.33999
147	170	4.91331
147	178	5.6838
147	179	4.7192
147	184	5.61755
147	192	6.32714
147	193	5.23779
147	194	6.28767
147	199	7.12845
148	35	2.42052
148	42	2.16182
148	85	3.00326
148	97	3.24763
148	131	4.13918
148	133	3.69121
148	146	3.93331
148	147	2.16231
148	168	3.69043
148	171	4.97125
148	174	4.22319
148	175	5.31516
148	180	4.1676
148	190	5.77966
148	195	4.52335
148	196	6.31891
148	197	6.32307
148	198	6.29146
149	9	2.23215
149	19	3.32544
149	21	2.75849
149	57	2.20032
149	59	2.4952
149	95	2.64527
149	105	3.93211
149	113	3.55072
149	114	5.80028
149	137	3.73217
149	138	3.95371
149	157	5.97089
149	159	4.40046
149	167	5.04965
149	176	7.20653
149	182	5.82425
149	185	5.68476
149	186	5.60468
150	9	2.25487
150	14	3.01822
150	51	1.92808
150	63	2.39174
150	80	4.09435
150	113	3.57344
150	118	4.05019
150	121	5.55899
150	159	4.42318
150	162	4.92656
150	167	5.07237
150	169	5.29817
150	179	4.22381
150	182	5.84697
150	185	5.70748
150	186	5.6274
150	189	6.24642
150	195	4.7354
150	197	3.84253
151	10	2.42783
151	13	4.15593
151	16	1.7019
151	61	2.56807
151	82	3.97933
151	103	3.25458
151	121	3.27051
151	139	3.85526
151	157	4.48704
151	168	5.04757
151	170	4.54023
151	176	5.11654
151	178	5.31073
151	182	4.54587
151	184	5.24447
151	187	4.6847
151	192	5.95406
151	194	5.9146
151	199	6.75537
152	54	2.02383
152	61	2.40426
152	82	3.53974
152	103	3.09077
152	117	4.29432
152	133	3.57328
152	138	4.21759
152	145	4.41137
152	155	3.8031
152	157	4.32323
152	162	4.81177
152	165	4.54437
152	172	4.82084
152	174	4.73068
152	176	4.95274
152	178	5.14692
152	192	5.79026
152	194	5.75079
152	199	6.59157
153	15	3.33611
153	33	1.7502
153	53	2.84821
153	60	2.83905
153	77	2.57275
153	125	3.80034
153	127	3.87974
153	133	3.38511
153	146	3.62721
153	147	3.92496
153	166	4.70622
153	171	4.66515
153	175	5.00906
153	188	7.02062
153	190	5.47357
153	192	5.96737
153	196	6.01281
153	197	6.01697
153	198	5.98536
154	6	2.64242
154	18	3.06087
154	57	2.32144
154	82	3.43196
154	95	2.76639
154	126	3.68256
154	134	3.09317
154	135	3.79693
154	146	3.8243
154	156	4.4745
154	159	4.52158
154	167	5.17078
154	169	5.39657
154	182	5.94537
154	185	5.80588
154	186	5.7258
154	189	6.34483
154	194	5.4818
154	195	5.33312
155	4	1.83718
155	60	2.83701
155	66	2.47222
155	91	2.39352
155	93	3.00272
155	103	3.37182
155	104	5.38378
155	111	5.11544
155	121	3.38775
155	134	5.30368
155	147	4.33999
155	152	3.8031
155	170	4.65748
155	172	5.10189
155	176	5.23379
155	178	5.42797
155	182	6.20901
155	192	6.07131
155	199	6.87262
156	6	2.62207
156	14	3.09628
156	15	3.24637
156	39	3.74111
156	41	3.24414
156	84	4.13028
156	94	3.62184
156	108	4.0094
156	134	5.35377
156	137	3.83295
156	138	4.05449
156	154	4.4745
156	158	4.14358
156	162	5.00461
156	167	5.15043
156	175	5.97254
156	182	5.92503
156	185	5.78553
156	186	5.70545
156	189	6.32448
157	6	2.58959
157	25	2.18365
157	37	2.04411
157	54	2.82501
157	68	2.27348
157	78	3.13925
157	93	3.52285
157	107	3.7622
157	117	4.98147
157	139	4.49263
157	149	5.97089
157	151	4.48704
157	152	4.32323
157	165	5.34555
157	174	5.53186
157	176	5.75392
157	177	6.3992
157	184	5.88185
157	194	6.55197
157	199	7.39275
158	1	2.74452
158	4	1.61941
158	19	3.11564
158	77	2.57134
158	113	3.34092
158	118	3.81767
158	120	3.12177
158	138	3.74391
158	156	4.14358
158	159	4.19066
158	167	4.83985
158	168	5.10934
158	169	5.06565
158	182	5.61445
158	184	6.8304
158	185	5.47495
158	186	5.39487
158	189	6.0139
158	192	6.18885
158	195	6.50748
159	18	3.0876
159	36	3.18785
159	64	3.28056
159	72	2.14004
159	95	2.79313
159	113	3.69858
159	137	3.88003
159	138	4.10157
159	149	4.40046
159	150	4.42318
159	154	4.52158
159	158	4.19066
159	168	5.467
159	169	5.42331
159	182	5.97211
159	186	5.75253
159	189	6.37156
159	190	5.27302
159	194	5.55148
159	195	5.4028
159	200	7.3291
160	5	2.53409
160	13	2.11649
160	34	1.99794
160	36	2.80595
160	49	4.00707
160	62	2.67137
160	92	4.3283
160	105	4.08755
160	122	4.04961
160	126	4.02309
160	132	4.7104
160	141	4.98688
160	145	4.57993
160	163	5.6559
160	164	5.91797
160	165	6.18475
160	177	6.18933
160	178	6.03317
160	180	6.31992
160	181	6.35847
160	187	6.67683
161	20	1.0575
161	40	2.78409
161	43	1.56763
161	58	1.70321
161	73	4.88137
161	100	2.94641
161	101	2.45169
161	124	3.83687
161	129	4.50879
161	134	2.97308
161	136	3.32432
161	146	5.59996
161	173	5.69346
161	179	5.66168
161	180	5.77634
161	188	6.24953
161	191	6.63917
161	193	6.83111
161	194	7.25745
161	195	6.88431
161	200	7.60441
162	9	2.88338
162	14	3.64673
162	18	3.59098
162	42	3.88275
162	51	2.5566
162	57	2.85155
162	64	3.78394
162	79	4.91509
162	95	3.29651
162	109	3.46657
162	113	4.20195
162	118	4.67871
162	150	4.92656
162	152	4.81177
162	156	5.00461
162	175	5.34154
162	179	6.45112
162	182	6.47549
162	185	6.33599
162	186	6.25591
162	189	6.87494
163	10	3.01227
163	13	2.42696
163	50	3.13584
163	54	2.81314
163	57	3.64607
163	62	2.98185
163	71	4.91782
163	103	4.16043
163	105	4.39802
163	122	4.36008
163	126	4.33356
163	127	3.62329
163	128	4.30936
163	130	4.61097
163	145	4.8904
163	160	5.6559
163	164	6.22844
163	177	6.4998
163	181	6.66894
163	187	6.98731
163	197	6.56938
164	24	3.43708
164	29	4.02102
164	30	3.36513
164	38	0.581846
164	62	3.24391
164	101	2.28743
164	122	4.62214
164	124	2.25677
164	126	4.59563
164	128	4.57143
164	130	4.87304
164	132	5.28294
164	145	5.15246
164	160	5.91797
164	163	6.22844
164	166	4.48586
164	174	5.22851
164	177	6.76187
164	181	6.931
164	187	7.24937
164	189	5.9298
164	198	6.14887
165	8	3.08891
165	16	2.56042
165	33	2.56511
165	52	3.69284
165	64	3.43856
165	66	3.21349
165	73	2.75944
165	91	3.13479
165	109	3.60476
165	121	4.12902
165	129	4.50092
165	139	4.71377
165	152	4.54437
165	157	5.34555
165	160	6.18475
165	170	5.39875
165	176	5.97506
165	178	6.16924
165	190	6.97113
165	192	6.81258
165	194	6.77311
165	199	7.61389
166	4	1.66095
166	23	2.39675
166	27	3.3842
166	55	3.97728
166	60	3.85767
166	63	2.5595
166	77	3.59138
166	80	5.90797
166	82	3.38984
166	99	3.8554
166	129	4.53184
166	133	4.40374
166	146	4.64584
166	153	4.70622
166	164	4.48586
166	171	5.68378
166	175	6.02769
166	182	5.2144
166	190	6.49219
166	196	7.03144
166	197	7.0356
166	198	7.00399
166	200	8.47532
167	1	3.75138
167	3	3.41876
167	18	3.7368
167	34	3.44058
167	50	3.01682
167	53	3.3207
167	61	3.58942
167	108	3.17417
167	118	4.82452
167	137	4.52922
167	149	5.04965
167	150	5.07237
167	154	5.17078
167	156	5.15043
167	158	4.83985
167	168	6.11619
167	169	6.0725
167	172	4.68247
167	182	6.6213
167	183	5.36667
167	186	6.40173
167	187	5.5627
167	198	7.37869
168	1	4.02086
168	17	4.62542
168	21	3.82503
168	34	3.71007
168	50	3.28631
168	57	3.26686
168	59	3.56173
168	71	4.92669
168	103	3.45709
168	113	4.61726
168	115	4.13781
168	135	4.74235
168	137	4.79871
168	148	3.69043
168	151	5.04757
168	158	5.10934
168	159	5.467
168	167	6.11619
168	169	6.34199
168	183	5.3671
168	185	6.75129
168	186	6.67121
168	193	6.76591
169	1	3.97718
169	15	4.16844
169	27	3.13563
169	34	3.66638
169	41	4.16621
169	51	2.92821
169	58	4.49906
169	89	3.59622
169	90	2.88887
169	107	4.44893
169	118	5.05032
169	135	4.69866
169	138	4.97656
169	139	4.52879
169	141	4.94284
169	150	5.29817
169	154	5.39657
169	158	5.06565
169	159	5.42331
169	167	6.0725
169	168	6.34199
169	182	6.8471
169	199	8.19344
170	4	2.4105
170	32	2.61848
170	35	2.6616
170	54	2.8782
170	70	4.45541
170	79	4.83281
170	88	2.71469
170	91	2.96685
170	124	3.60853
170	132	4.5977
170	147	4.91331
170	151	4.54023
170	155	4.65748
170	165	5.39875
170	172	5.67521
170	175	5.25926
170	176	5.80711
170	178	6.00129
170	184	5.93504
170	191	7.67384
170	192	6.64463
170	194	6.60516
170	199	7.44594
171	23	2.35569
171	46	4.01118
171	52	2.95928
171	72	4.29374
171	83	4.09743
171	87	3.67268
171	99	3.81433
171	104	3.99259
171	112	3.74122
171	119	4.10591
171	122	5.40928
171	129	4.49078
171	137	5.20766
171	140	4.93651
171	143	5.01175
171	148	4.97125
171	153	4.66515
171	166	5.68378
171	172	5.48048
171	190	6.45113
171	196	6.99037
171	197	6.99454
171	198	6.96293
172	25	2.68125
172	32	3.06289
172	66	3.48995
172	68	2.77109
172	72	2.25306
172	88	3.1591
172	116	5.76705
172	121	4.40549
172	135	4.41218
172	136	3.64838
172	145	4.48629
172	152	4.82084
172	155	5.10189
172	167	4.68247
172	170	5.67521
172	171	5.48048
172	174	6.02947
172	176	6.25153
172	178	6.44571
172	181	4.5433
172	184	6.37945
172	192	7.08904
172	194	7.04958
172	199	7.89035
173	29	2.38803
173	55	2.42009
173	67	3.22195
173	69	2.7375
173	72	3.30451
173	74	2.68808
173	89	3.69408
173	98	4.65725
173	100	3.79164
173	104	4.75278
173	109	3.27362
173	134	3.81831
173	136	4.16954
173	139	4.62665
173	143	4.77705
173	161	5.69346
173	179	6.50691
173	180	6.62157
173	182	5.57801
173	183	7.04752
173	188	7.09475
173	193	7.67633
173	195	7.72953
173	199	8.29131
173	200	8.44963
174	25	2.5911
174	37	2.45156
174	66	3.3998
174	68	2.68094
174	74	3.06713
174	88	3.06895
174	91	3.3211
174	93	3.9303
174	97	6.01094
174	103	4.2994
174	139	4.90008
174	144	5.23153
174	148	4.22319
174	152	4.73068
174	157	5.53186
174	164	5.22851
174	172	6.02947
174	176	6.16137
174	178	6.35555
174	184	6.2893
174	186	6.58115
174	190	7.1619
174	192	6.99889
174	194	6.95942
174	199	7.8002
175	39	2.11805
175	42	3.17719
175	63	2.86235
175	78	2.98187
175	82	3.69269
175	85	4.01863
175	104	4.3365
175	107	4.64807
175	119	4.44982
175	127	5.20122
175	133	4.70659
175	139	3.68468
175	140	5.28042
175	148	5.31516
175	153	5.00906
175	156	5.97254
175	162	5.34154
175	166	6.02769
175	170	5.25926
175	178	5.32815
175	185	6.82017
175	190	6.79504
175	196	7.33428
175	197	7.33845
175	198	7.30684
176	2	3.93001
176	8	3.49728
176	25	2.81316
176	54	3.45452
176	61	3.83495
176	73	3.16781
176	88	3.291
176	95	2.51002
176	120	3.97796
176	135	6.26005
176	140	4.10917
176	144	5.30353
176	149	7.20653
176	151	5.11654
176	152	4.95274
176	155	5.23379
176	157	5.75392
176	165	5.97506
176	170	5.80711
176	172	6.25153
176	174	6.16137
176	178	6.57761
176	184	6.51135
176	192	7.22094
176	194	7.18148
176	197	6.47081
177	5	3.37799
177	13	2.96039
177	30	3.63649
177	36	3.64985
177	48	2.64388
177	62	3.51527
177	77	3.92685
177	81	3.75613
177	90	3.9371
177	105	4.93145
177	113	4.62391
177	122	4.89351
177	126	4.86699
177	128	4.84279
177	130	5.1444
177	132	5.5543
177	141	5.83078
177	145	5.42383
177	157	6.3992
177	160	6.18933
177	163	6.4998
177	164	6.76187
177	180	7.50724
177	181	7.20237
177	187	7.52073
177	197	6.97012
178	4	3.181
178	8	3.69146
178	16	3.16296
178	32	3.38897
178	37	2.8678
178	51	4.32444
178	68	3.09717
178	73	3.36199
178	74	2.72478
178	106	3.29553
178	147	5.6838
178	151	5.31073
178	152	5.14692
178	155	5.42797
178	160	6.03317
178	165	6.16924
178	170	6.00129
178	172	6.44571
178	174	6.35555
178	175	5.32815
178	176	6.57761
178	179	6.43773
178	180	6.59358
178	184	6.70554
178	189	7.35046
178	192	7.41513
178	199	8.21644
179	7	2.23234
179	19	1.85119
179	29	2.35626
179	45	2.78279
179	100	3.75987
179	101	3.26514
179	109	3.24184
179	110	3.84955
179	128	6.16345
179	134	3.78653
179	136	4.13777
179	143	4.74528
179	145	6.05071
179	147	4.7192
179	150	4.22381
179	161	5.66168
179	162	6.45112
179	173	6.50691
179	178	6.43773
179	180	6.58979
179	183	7.01575
179	188	7.06298
179	191	7.45262
179	193	7.64456
179	195	7.69776
179	197	6.18737
179	200	8.41786
180	20	1.98561
180	23	2.93868
180	43	2.49575
180	55	2.50298
180	58	2.63132
180	67	3.5454
180	76	2.97962
180	100	3.87453
180	101	3.3798
180	109	3.35651
180	134	3.9012
180	136	4.25243
180	143	4.85994
180	148	4.1676
180	160	6.31992
180	161	5.77634
180	173	6.62157
180	177	7.50724
180	178	6.59358
180	179	6.58979
180	183	7.13041
180	188	7.17764
180	191	7.56729
180	193	7.75922
180	195	7.81242
180	196	8.03998
180	200	8.53252
181	1	2.09421
181	5	3.54713
181	10	3.71483
181	13	3.12953
181	14	4.5411
181	24	3.87759
181	30	3.80563
181	36	3.81899
181	62	3.68441
181	105	5.10058
181	126	5.03613
181	128	5.01193
181	130	5.31354
181	132	5.72344
181	141	5.99992
181	145	5.59297
181	160	6.35847
181	163	6.66894
181	164	6.931
181	172	4.5433
181	177	7.20237
181	183	5.2275
181	186	5.90879
181	187	7.68987
181	193	6.62631
181	196	7.42322
181	197	5.72645
182	19	4.89709
182	20	3.84055
182	27	3.68443
182	42	3.17725
182	43	2.59561
182	50	3.79142
182	51	3.47701
182	57	3.77197
182	95	4.21692
182	113	5.12237
182	135	5.24746
182	149	5.82425
182	150	5.84697
182	151	4.54587
182	154	5.94537
182	155	6.20901
182	156	5.92503
182	158	5.61445
182	159	5.97211
182	162	6.47549
182	166	5.2144
182	167	6.6213
182	169	6.8471
182	173	5.57801
182	185	7.2564
182	186	7.17632
182	194	6.40589
182	198	6.87741
183	28	2.60312
183	55	2.92893
183	58	3.05727
183	69	3.24634
183	72	3.81335
183	92	3.85264
183	93	5.12697
183	100	4.30048
183	101	3.80576
183	109	3.78246
183	110	4.39017
183	115	3.57891
183	120	2.8143
183	134	4.32715
183	143	5.28589
183	167	5.36667
183	168	5.3671
183	173	7.04752
183	179	7.01575
183	180	7.13041
183	181	5.2275
183	185	7.04953
183	188	7.60359
183	190	6.07024
183	191	7.99324
183	193	8.18517
183	195	8.23837
183	200	8.95847
184	34	3.23701
184	38	2.96792
184	48	2.69564
184	66	3.74978
184	68	3.03092
184	73	3.29574
184	88	3.41893
184	93	4.28028
184	103	4.64939
184	110	3.57125
184	120	4.52903
184	121	4.66532
184	136	6.04731
184	139	5.25007
184	144	5.8546
184	147	5.61755
184	151	5.24447
184	157	5.88185
184	158	6.8304
184	170	5.93504
184	172	6.37945
184	174	6.2893
184	176	6.51135
184	178	6.70554
184	192	7.34887
184	194	7.30941
184	196	8.71865
184	199	8.15018
185	3	4.05386
185	6	3.95345
185	7	2.6905
185	9	3.6643
185	27	3.54494
185	41	4.57552
185	50	3.65192
185	51	3.33751
185	59	3.92735
185	64	4.56486
185	76	4.18488
185	109	4.9452
185	124	5.16944
185	137	5.16432
185	138	5.38586
185	149	5.68476
185	150	5.70748
185	154	5.80588
185	156	5.78553
185	158	5.47495
185	162	6.33599
185	168	6.75129
185	175	6.82017
185	182	7.2564
185	183	7.04953
185	186	7.03683
185	189	7.65586
185	195	8.44134
185	197	7.54848
186	21	4.11056
186	27	3.46486
186	55	4.30957
186	57	3.55239
186	59	3.84727
186	68	4.42294
186	95	3.99734
186	114	5.24691
186	119	5.49615
186	125	3.77559
186	135	5.02789
186	137	5.08424
186	138	5.30578
186	142	5.41758
186	149	5.60468
186	150	5.6274
186	154	5.7258
186	156	5.70545
186	158	5.39487
186	159	5.75253
186	162	6.25591
186	167	6.40173
186	168	6.67121
186	174	6.58115
186	181	5.90879
186	182	7.17632
186	185	7.03683
186	187	5.68552
186	189	7.57578
187	5	3.8655
187	10	4.0332
187	13	3.44789
187	15	3.44616
187	24	4.19595
187	30	4.124
187	36	4.13735
187	51	3.77115
187	62	4.00278
187	67	2.70536
187	105	5.41895
187	112	5.49689
187	122	5.38101
187	126	5.35449
187	128	5.33029
187	130	5.63191
187	132	6.0418
187	141	6.31828
187	145	5.91133
187	151	4.6847
187	160	6.67683
187	163	6.98731
187	164	7.24937
187	167	5.5627
187	177	7.52073
187	181	7.68987
187	186	5.68552
187	191	7.18944
187	200	8.32235
188	7	2.82019
188	26	4.90809
188	28	2.65036
188	29	2.9441
188	32	3.70273
188	33	3.79066
188	45	3.37064
188	50	4.00004
188	55	2.97616
188	58	3.10451
188	62	5.06956
188	108	4.74214
188	109	3.82969
188	110	4.4374
188	122	6.17924
188	134	4.37438
188	136	4.72561
188	143	5.33312
188	153	7.02062
188	161	6.24953
188	173	7.09475
188	179	7.06298
188	180	7.17764
188	183	7.60359
188	191	8.04047
188	193	8.23241
188	195	8.2856
188	197	7.43359
188	200	9.00571
