1	43	1.63274
1	79	1.38281
1	97	2.25754
1	145	1.55875
1	173	3.00734
1	177	3.85792
1	190	4.52961
1	192	4.42029
2	29	0.597486
2	58	1.95566
2	87	2.06804
2	124	2.92244
2	149	3.06495
2	167	2.53422
2	188	4.23112
2	197	5.24999
3	39	1.96806
3	104	2.20835
3	108	0.933078
3	125	2.81573
3	129	3.2011
3	149	3.93129
3	184	3.57566
3	196	3.97704
4	102	1.25532
4	159	3.02196
4	166	2.51632
4	176	3.22129
4	178	2.52261
4	180	2.86421
4	189	3.41599
4	190	3.83475
5	57	3.19686
5	91	1.38599
5	138	2.04397
5	145	2.70458
5	155	3.0156
5	165	3.12678
5	175	3.55045
5	178	3.61814
6	11	2.50674
6	46	1.745
6	64	1.98544
6	80	1.3116
6	135	2.5673
6	157	3.33147
6	187	4.10094
6	196	5.07449
7	10	2.60503
7	31	2.59502
7	38	1.79946
7	81	1.81998
7	102	2.47074
7	152	2.59204
7	173	4.30784
7	176	4.43671
8	160	1.83732
8	171	1.72901
8	180	2.03796
8	182	2.71874
8	194	3.31012
8	195	3.25507
8	199	4.30069
8	200	3.46259
9	19	0.945618
9	54	0.915484
9	82	2.96757
9	144	2.54213
9	148	2.98318
9	175	4.4171
9	192	3.46115
9	197	4.38653
10	7	2.60503
10	90	2.37482
10	103	1.49432
10	110	0.460932
10	181	3.19164
10	184	4.82503
10	199	3.8632
10	200	3.79745
11	6	2.50674
11	55	1.74292
11	91	1.89274
11	115	3.08067
11	121	2.56249
11	142	3.51152
11	146	3.53973
11	165	3.77315
12	42	1.28637
12	44	2.11194
12	125	1.59287
12	156	2.03091
12	168	3.78882
12	179	4.13042
12	195	3.72237
12	199	3.99559
13	76	1.7902
13	82	2.23386
13	148	2.24947
13	154	2.25679
13	155	3.14853
13	162	2.34156
13	175	3.68338
13	198	4.90242
14	102	2.00533
14	106	2.24672
14	117	1.87205
14	129	2.91275
14	143	2.11443
14	183	4.14396
14	184	3.37126
14	185	3.95399
15	114	2.33629
15	126	1.8007
15	150	2.58484
15	151	2.7313
15	161	2.66666
15	168	3.57902
15	183	2.83278
15	190	4.11098
16	22	1.56047
16	104	2.68798
16	106	0.722405
16	144	3.28828
16	153	2.33183
16	172	3.77765
16	186	4.14977
16	196	4.10675
17	46	1.26731
17	121	2.34693
17	129	2.1875
17	139	2.12444
17	149	2.91768
17	182	3.49842
17	184	4.19543
17	188	4.08384
18	98	2.39541
18	151	1.84963
18	162	1.86925
18	174	2.70209
18	183	3.31044
18	184	2.85385
18	198	3.36407
18	200	4.27877
19	9	0.945618
19	43	2.16466
19	72	0.587507
19	132	2.76365
19	140	3.60626
19	155	3.53536
19	175	4.07021
19	177	4.94713
20	58	2.18547
20	109	2.07422
20	120	3.30764
20	121	2.2227
20	127	2.10416
20	129	2.56458
20	156	3.7493
20	188	4.46093
21	76	1.92728
21	111	3.53907
21	122	1.76156
21	180	2.03796
21	182	2.71874
21	184	4.08349
21	194	3.31012
21	195	3.25507
22	16	1.56047
22	111	0.458137
22	120	4.02378
22	134	2.56237
22	166	1.84492
22	181	3.3068
22	191	5.37466
22	199	3.97837
22	200	3.91261
23	51	0.336195
23	135	2.55822
23	158	3.16671
23	169	2.40344
23	182	3.61552
23	183	4.14888
23	185	3.65507
23	193	3.35075
23	197	3.75177
24	35	1.38846
24	58	2.31495
24	146	3.1726
24	149	3.42425
24	164	2.3533
24	181	2.64425
24	188	4.59041
24	192	2.80609
24	195	4.32841
25	65	0.808139
25	84	0.837935
25	116	1.77464
25	168	1.56889
25	174	3.08208
25	189	3.38953
25	193	3.68932
25	194	5.95581
25	195	5.90076
26	50	2.18752
26	95	1.67748
26	99	1.81733
26	125	2.62966
26	157	2.98883
26	178	2.9587
26	189	3.85208
26	191	3.88871
26	195	5.02241
27	105	1.58786
27	109	1.19064
27	111	3.6299
27	113	2.42281
27	121	2.26074
27	133	3.0847
27	136	3.52414
27	183	4.92724
27	189	4.37354
28	47	1.95594
28	53	1.87432
28	81	1.23932
28	120	3.11874
28	152	3.30135
28	174	3.46391
28	185	4.19839
28	188	3.92233
28	189	3.9586
29	2	0.597486
29	49	2.36268
29	77	1.65985
29	145	1.85074
29	156	3.38515
29	168	4.5672
29	178	3.0129
29	179	4.9088
29	198	4.66307
30	120	2.20473
30	133	2.53942
30	155	1.56465
30	161	2.7441
30	163	3.37175
30	164	3.13679
30	187	4.44946
30	190	4.08284
30	194	2.92868
31	7	2.59502
31	129	3.42014
31	133	3.72539
31	141	1.13492
31	142	1.93904
31	173	3.75592
31	193	3.26467
31	197	3.6657
31	198	3.49649
32	38	1.41077
32	88	1.54933
32	115	3.0645
32	133	3.63471
32	135	2.97001
32	161	2.9057
32	162	3.47434
32	179	4.15966
32	185	3.82851
33	83	1.75986
33	107	0.980654
33	124	2.51965
33	130	2.95068
33	143	2.15397
33	153	2.11232
33	191	4.32701
33	192	4.4636
33	199	5.71736
34	53	1.68267
34	85	2.09964
34	89	2.35559
34	94	1.10805
34	174	3.27227
34	183	4.2362
34	184	3.42403
34	185	4.00675
34	196	4.80123
35	24	1.38846
35	66	0.639999
35	70	4.28778
35	73	3.66884
35	159	2.92692
35	163	4.15565
35	177	2.43965
35	186	3.76362
35	190	3.7397
36	101	0.637201
36	104	2.09523
36	116	2.35164
36	137	1.09074
36	154	2.55994
36	191	4.35463
36	192	3.61455
36	194	5.18086
36	195	5.12582
37	67	0.986567
37	77	3.29314
37	86	3.21144
37	89	2.26802
37	128	2.58207
37	133	2.68349
37	157	3.82406
37	162	3.41131
37	191	4.72394
38	7	1.79946
38	32	1.41077
38	63	0.307201
38	120	3.25589
38	151	3.65486
38	161	3.59023
38	177	4.46231
38	179	4.84419
38	181	3.70485
39	3	1.96806
39	58	3.11344
39	119	0.657085
39	127	3.03213
39	152	2.37089
39	174	2.84362
39	186	3.0505
39	188	5.3889
39	199	4.59462
40	99	1.22973
40	112	2.55064
40	129	3.51
40	139	3.44694
40	140	1.99351
40	146	3.98853
40	164	2.28596
40	191	3.47884
40	199	4.53431
41	89	2.30574
41	104	2.67792
41	112	3.30392
41	143	2.4274
41	147	3.61092
41	150	3.93841
41	156	2.07163
41	169	3.01533
41	185	4.26696
41	189	4.02717
42	12	1.28637
42	49	2.20291
42	114	3.1647
42	123	2.14447
42	168	4.40743
42	171	2.55872
42	177	3.93048
42	179	4.74903
42	187	3.30881
42	196	3.889
43	1	1.63274
43	19	2.16466
43	55	1.95615
43	108	2.08471
43	121	3.39881
43	125	3.50875
43	130	3.39148
43	160	3.23638
43	162	3.64248
43	195	6.61687
44	12	2.11194
44	71	2.16146
44	77	2.32565
44	89	2.18378
44	133	3.13842
44	161	4.32064
44	162	4.88928
44	166	3.52761
44	172	3.64563
44	176	3.32785
45	78	2.39119
45	82	2.99005
45	100	1.99988
45	138	2.93309
45	145	3.5937
45	155	3.90472
45	166	2.98755
45	176	2.7878
45	186	3.78665
45	191	4.27531
46	6	1.745
46	17	1.26731
46	53	1.97664
46	111	4.1144
46	142	2.67076
46	143	2.46116
46	172	4.0764
46	185	4.30072
46	194	4.61921
46	197	4.39742
47	28	1.95594
47	85	3.36035
47	87	3.17355
47	141	3.52147
47	146	3.77974
47	154	1.45079
47	180	2.79956
47	182	3.48034
47	194	4.07172
47	195	4.01667
48	67	1.94905
48	88	1.07813
48	136	3.37891
48	140	3.34097
48	150	2.25131
48	153	3.22805
48	173	3.17988
48	175	2.33469
48	196	5.00296
48	199	5.88176
49	29	2.36268
49	42	2.20291
49	59	2.34251
49	93	1.72382
49	97	1.5949
49	111	3.3815
49	151	3.85764
49	179	5.04697
49	180	3.57336
49	199	5.5687
50	26	2.18752
50	57	2.3748
50	63	3.13403
50	75	2.78102
50	89	3.26164
50	106	1.42933
50	173	4.44122
50	177	3.93309
50	184	3.49023
50	190	4.60477
51	23	0.336195
51	90	1.66109
51	98	3.66072
51	150	3.6997
51	154	2.42168
51	164	3.50574
51	169	3.45024
51	174	3.96739
51	193	4.39755
51	196	4.51267
52	66	1.70105
52	86	1.09458
52	96	2.14473
52	103	2.42715
52	163	3.89697
52	169	2.9639
52	184	3.6328
52	189	3.97574
52	192	5.60509
52	198	4.14303
53	28	1.87432
53	34	1.68267
53	46	1.97664
53	98	4.65551
53	127	1.91376
53	135	2.22805
53	166	3.28193
53	179	3.0547
53	195	5.35192
53	198	5.62417
54	9	0.915484
54	59	2.05274
54	64	2.68221
54	109	1.71314
54	113	3.137
54	116	3.47283
54	122	3.04892
54	147	2.64546
54	186	5.71373
54	195	6.25806
55	11	1.74292
55	43	1.95615
55	115	2.24947
55	116	2.49363
55	130	3.23076
55	137	3.06975
55	160	3.07567
55	187	4.47668
55	190	5.02384
55	196	4.31067
56	78	2.09002
56	82	2.68889
56	111	3.03521
56	139	1.31329
56	145	3.29254
56	147	2.84054
56	155	3.60356
56	175	4.13842
56	183	3.41597
56	199	5.2224
57	5	3.19686
57	50	2.3748
57	61	2.64387
57	90	4.02129
57	93	0.991367
57	126	1.5985
57	131	3.55591
57	181	3.98186
57	199	4.65342
57	200	4.58767
58	2	1.95566
58	20	2.18547
58	24	2.31495
58	39	3.11344
58	65	1.3976
58	144	3.05596
58	159	2.60487
58	164	3.52219
58	188	6.24283
58	190	5.24229
59	49	2.34251
59	54	2.05274
59	77	1.63969
59	84	1.93564
59	114	3.3043
59	133	3.66155
59	136	2.29167
59	161	3.63467
59	179	4.88863
59	190	5.86572
60	97	2.40861
60	127	2.67102
60	134	2.51466
60	143	2.13185
60	144	3.66783
60	170	2.21265
60	187	4.56082
60	189	3.73162
60	193	3.66709
60	197	4.06811
61	57	2.64387
61	83	1.44754
61	170	2.22599
61	174	3.25027
61	178	2.34228
61	182	3.06229
61	188	3.79933
61	190	4.87384
61	197	4.08146
61	198	3.91225
62	64	1.79584
62	84	1.96013
62	86	2.97095
62	126	3.57993
62	148	2.79841
62	159	3.99066
62	165	3.10753
62	167	2.83252
62	182	4.07865
62	183	4.56337
62	190	4.80344
63	38	0.307201
63	50	3.13403
63	99	2.76384
63	115	2.21485
63	137	3.29788
63	150	3.46308
63	171	4.34478
63	180	3.52213
63	187	4.70481
63	188	3.91471
63	198	4.8307
64	6	1.98544
64	54	2.68221
64	62	1.79584
64	122	3.15774
64	147	2.75427
64	152	3.34049
64	155	3.49562
64	161	4.67506
64	162	3.29442
64	174	4.79103
64	177	4.49857
65	25	0.808139
65	58	1.3976
65	95	0.716613
65	125	4.09685
65	131	1.60912
65	150	4.44519
65	175	2.9525
65	182	4.6596
65	193	5.35581
65	194	5.25097
65	195	5.19593
66	35	0.639999
66	52	1.70105
66	81	2.47634
66	102	3.1271
66	106	2.30308
66	165	4.01062
66	181	3.21552
66	191	4.11745
66	195	4.89969
66	196	5.68743
66	200	4.33481
67	37	0.986567
67	48	1.94905
67	69	1.37861
67	119	1.65237
67	120	2.64337
67	176	5.11975
67	183	5.49313
67	193	4.05637
67	197	4.32997
67	198	4.51337
67	200	4.36203
68	78	2.83408
68	86	2.28932
68	101	1.36568
68	112	3.04795
68	132	3.57592
68	145	4.03659
68	148	3.44856
68	149	2.14438
68	155	4.34762
68	186	4.1927
68	190	5.20858
69	67	1.37861
69	120	1.3618
69	124	2.76169
69	138	2.47305
69	155	2.91298
69	165	2.75572
69	176	3.83818
69	186	4.47555
69	193	4.81564
69	196	4.43253
69	198	5.27264
70	35	4.28778
70	71	2.39641
70	73	1.31467
70	76	3.70198
70	79	3.82593
70	112	2.00225
70	134	2.93166
70	138	4.01461
70	146	3.44014
70	149	3.69179
70	188	4.85795
71	44	2.16146
71	70	2.39641
71	114	2.59562
71	128	1.97167
71	162	3.49463
71	165	2.93965
71	168	3.83835
71	179	4.17995
71	186	4.22382
71	188	4.16519
71	196	4.52653
72	19	0.587507
72	96	0.689391
72	131	1.9874
72	147	2.93108
72	150	3.25857
72	172	3.08775
72	180	4.3571
72	186	3.76883
72	194	5.62926
72	195	5.57421
72	198	4.62619
73	35	3.66884
73	70	1.31467
73	87	2.81192
73	122	2.9173
73	129	3.07865
73	134	3.04871
73	135	3.48492
73	139	3.01559
73	155	3.8356
73	176	4.33904
73	188	4.975
74	107	2.6244
74	112	2.35615
74	132	3.79315
74	138	3.59322
74	143	1.48162
74	148	3.6658
74	155	4.56486
74	157	1.86683
74	174	3.29401
74	199	5.04502
74	200	4.20692
75	50	2.78102
75	89	2.02629
75	120	3.89964
75	121	2.8147
75	125	3.22316
75	137	2.94487
75	152	4.08225
75	159	3.14032
75	163	3.27409
75	171	3.99177
75	181	4.34859
76	13	1.7902
76	21	1.92728
76	70	3.70198
76	98	2.74889
76	100	1.01263
76	124	1.96523
76	158	2.94514
76	160	4.61014
76	172	3.84093
76	191	6.01805
76	199	5.54333
76	200	5.47757
77	29	1.65985
77	37	3.29314
77	44	2.32565
77	59	1.63969
77	80	2.51136
77	145	4.00762
77	151	3.15481
77	162	3.65882
77	164	5.25837
77	168	4.00254
77	179	4.34414
77	183	5.70027
78	45	2.39119
78	56	2.09002
78	68	2.83408
78	107	3.01799
78	134	1.79644
78	147	3.28232
78	155	4.95845
78	173	2.96231
78	175	5.4933
78	180	3.66885
78	181	3.7068
78	195	5.39096
79	1	1.38281
79	70	3.82593
79	81	2.9117
79	101	0.435545
79	122	3.23275
79	146	3.67385
79	154	2.35828
79	180	3.70705
79	182	4.38783
79	189	5.75391
79	194	4.97921
79	195	4.92416
80	6	1.3116
80	77	2.51136
80	120	3.47081
80	125	3.23996
80	127	2.16577
80	152	3.65342
80	161	4.01017
80	171	4.00857
80	173	3.22266
80	187	4.3686
80	192	4.6356
80	197	5.00699
81	7	1.81998
81	28	1.23932
81	66	2.47634
81	79	2.9117
81	106	2.17259
81	115	3.18765
81	146	3.06312
81	157	3.40855
81	161	4.71975
81	190	5.57604
81	193	5.44297
81	196	5.55693
82	9	2.96757
82	13	2.23386
82	45	2.99005
82	56	2.68889
82	109	2.9015
82	112	3.85239
82	114	1.38825
82	145	5.24628
82	148	4.65825
82	165	3.71296
82	185	4.00266
82	188	4.9385
83	33	1.75986
83	61	1.44754
83	94	2.29814
83	130	3.47528
83	140	3.05691
83	141	3.13608
83	158	4.12935
83	164	3.40853
83	171	4.36117
83	174	5.16695
83	182	4.57816
83	187	4.7212
84	25	0.837935
84	59	1.93564
84	62	1.96013
84	95	0.74641
84	146	2.89057
84	150	4.35981
84	166	4.07096
84	180	4.00861
84	182	4.6894
84	194	5.28077
84	195	5.22572
84	200	5.57608
85	34	2.09964
85	47	3.36035
85	99	3.62493
85	113	1.71723
85	132	3.4982
85	136	2.82721
85	144	2.14697
85	167	2.87003
85	181	4.25803
85	186	5.38537
85	199	4.9296
85	200	4.86384
86	37	3.21144
86	52	1.09458
86	62	2.97095
86	68	2.28932
86	98	3.85864
86	104	4.11013
86	128	3.34814
86	142	3.26985
86	170	3.14104
86	179	4.85455
86	193	4.59548
86	198	4.8273
87	2	2.06804
87	47	3.17355
87	73	2.81192
87	97	2.7689
87	104	3.4661
87	110	2.46605
87	112	3.4995
87	127	3.99843
87	146	4.93739
87	169	3.23883
87	176	4.19972
87	183	4.93626
88	32	1.54933
88	48	1.07813
88	118	2.31932
88	119	2.13133
88	128	2.77448
88	151	3.79343
88	161	3.7288
88	162	4.29744
88	168	4.64116
88	183	4.26243
88	195	5.79564
88	197	5.19871
89	34	2.35559
89	37	2.26802
89	41	2.30574
89	44	2.18378
89	50	3.26164
89	75	2.02629
89	132	3.75415
89	140	3.16814
89	145	3.68636
89	191	4.96284
89	192	5.09943
89	198	6.49869
90	10	2.37482
90	51	1.66109
90	57	4.02129
90	95	0.442677
90	154	2.35611
90	160	4.31613
90	170	3.97101
90	178	4.44257
90	180	3.70488
90	182	4.38566
90	194	4.97704
90	195	4.92199
91	5	1.38599
91	11	1.89274
91	103	2.14114
91	115	2.84151
91	126	3.4649
91	148	2.68337
91	153	3.43588
91	170	3.49492
91	179	3.73297
91	186	5.25382
91	190	5.22991
91	195	6.03019
92	105	2.5681
92	125	5.07502
92	141	3.69586
92	144	2.27238
92	149	3.8853
92	151	4.2105
92	158	2.45682
92	166	2.92156
92	167	2.99543
92	169	3.97387
92	172	3.35261
92	181	4.38344
92	199	5.055
93	49	1.72382
93	57	0.991367
93	108	2.74225
93	139	3.11851
93	151	3.76038
93	157	3.84944
93	158	3.19073
93	163	3.52395
93	166	3.65547
93	172	4.08652
93	182	4.68783
93	199	5.78892
93	200	5.72317
94	34	1.10805
94	83	2.29814
94	98	4.08089
94	109	2.61292
94	116	1.93172
94	141	2.68798
94	170	3.36329
94	173	3.5508
94	181	4.29529
94	183	4.44624
94	197	5.21876
94	198	5.04955
94	199	6.25268
95	26	1.67748
95	65	0.716613
95	84	0.74641
95	90	0.442677
95	105	2.34472
95	112	4.56548
95	114	2.10134
95	180	4.59213
95	182	5.27291
95	190	6.72611
95	194	5.86428
95	195	5.80924
95	196	6.01294
96	52	2.14473
96	72	0.689391
96	143	2.0532
96	152	3.39286
96	154	2.83785
96	166	3.27338
96	177	4.41667
96	180	4.18662
96	182	4.8674
96	187	3.795
96	194	5.45878
96	195	5.40373
96	196	4.37519
97	1	2.25754
97	49	1.5949
97	60	2.40861
97	87	2.7689
97	108	2.70952
97	109	3.25894
97	148	3.27866
97	152	4.67497
97	160	3.86119
97	164	3.94953
97	187	5.2622
97	189	5.45515
97	191	5.39261
98	18	2.39541
98	51	3.66072
98	53	4.65551
98	76	2.74889
98	86	3.85864
98	94	4.08089
98	111	4.36068
98	115	3.24526
98	128	2.47102
98	129	3.51022
98	137	2.22852
98	156	4.78426
98	194	4.86549
99	26	1.81733
99	40	1.22973
99	63	2.76384
99	85	3.62493
99	133	3.30693
99	135	3.68333
99	138	4.08157
99	160	3.81596
99	163	4.13926
99	164	3.9043
99	168	4.30373
99	169	4.06406
99	189	6.12437
100	45	1.99988
100	76	1.01263
100	101	3.17046
100	127	3.83022
100	138	4.05525
100	151	4.27436
100	158	2.3221
100	167	2.86071
100	172	3.21789
100	181	4.24872
100	189	6.09805
100	199	4.92028
100	200	4.85453
101	36	0.637201
101	68	1.36568
101	79	0.435545
101	100	3.17046
101	131	2.21313
101	144	3.78678
101	154	3.23406
101	174	4.75035
101	182	5.26361
101	192	4.70581
101	194	5.85498
101	195	5.79994
101	200	5.66325
102	4	1.25532
102	7	2.47074
102	14	2.00533
102	66	3.1271
102	113	3.53314
102	121	3.32023
102	122	3.58591
102	150	3.45604
102	157	3.74924
102	175	3.38036
102	184	5.28465
102	189	5.48387
102	196	6.20769
103	10	1.49432
103	52	2.42715
103	91	2.14114
103	118	2.17043
103	122	3.07657
103	136	4.0743
103	140	3.35822
103	153	3.92344
103	166	3.55579
103	176	5.10401
103	184	4.25623
103	196	5.69836
103	198	5.21225
103	199	5.89901
104	3	2.20835
104	16	2.68798
104	36	2.09523
104	41	2.67792
104	86	4.11013
104	87	3.4661
104	107	2.82092
104	127	3.27241
104	129	3.73284
104	139	3.66978
104	146	4.21137
104	184	5.91485
104	188	5.62919
104	194	5.87524
105	27	1.58786
105	92	2.5681
105	95	2.34472
105	113	2.56858
105	118	1.67975
105	136	3.58362
105	177	3.92674
105	181	4.00547
105	183	4.98672
105	187	4.14127
105	190	5.22679
105	191	4.9074
105	195	5.68964
105	196	5.20768
106	14	2.24672
106	16	0.722405
106	50	1.42933
106	66	2.30308
106	81	2.17259
106	117	2.64916
106	123	4.18288
106	125	4.7661
106	176	4.78933
106	185	4.63022
106	186	5.4267
106	190	5.40278
106	196	5.38367
106	197	6.29865
107	33	0.980654
107	74	2.6244
107	78	3.01799
107	104	2.82092
107	132	3.75982
107	138	3.5599
107	148	3.63247
107	155	4.53153
107	161	4.26881
107	175	5.06638
107	177	4.93586
107	179	3.56534
107	192	4.34024
107	200	5.29769
108	3	0.933078
108	43	2.08471
108	93	2.74225
108	97	2.70952
108	129	3.54948
108	132	3.15584
108	140	2.94097
108	156	4.62245
108	171	4.24523
108	181	4.62974
108	187	4.60525
108	191	4.73567
108	192	4.87226
108	199	6.58713
109	20	2.07422
109	27	1.19064
109	54	1.71314
109	82	2.9015
109	94	2.61292
109	97	3.25894
109	128	3.15588
109	176	4.21611
109	183	4.58949
109	186	4.85348
109	189	5.78918
109	190	4.82956
109	196	4.81045
109	200	6.39464
110	10	0.460932
110	87	2.46605
110	111	2.52848
110	113	2.83634
110	135	3.19876
110	140	4.05506
110	142	3.04404
110	160	4.13248
110	165	3.76756
110	167	3.98914
110	172	4.34631
110	191	5.54039
110	199	6.04871
110	200	5.98296
111	21	3.53907
111	22	0.458137
111	27	3.6299
111	46	4.1144
111	49	3.3815
111	56	3.03521
111	98	4.36068
111	110	2.52848
111	124	2.35265
111	131	4.12693
111	166	3.7973
111	181	5.25918
111	199	5.93075
111	200	5.86499
112	40	2.55064
112	41	3.30392
112	68	3.04795
112	70	2.00225
112	74	2.35615
112	82	3.85239
112	87	3.4995
112	95	4.56548
112	118	4.43408
112	134	3.73628
112	143	4.62024
112	146	4.24476
112	149	4.49641
112	188	5.66258
113	27	2.42281
113	54	3.137
113	85	1.71723
113	102	3.53314
113	105	2.56858
113	110	2.83634
113	126	3.18369
113	140	4.93741
113	148	3.85817
113	158	3.64043
113	166	4.10517
113	172	4.53622
113	174	5.72721
113	200	6.17286
114	15	2.33629
114	42	3.1647
114	59	3.3043
114	71	2.59562
114	82	1.38825
114	95	2.10134
114	128	3.80047
114	162	5.32343
114	168	5.66715
114	185	3.18089
114	191	4.66403
114	193	4.57573
114	195	5.44626
114	197	4.84933
115	11	3.08067
115	32	3.0645
115	55	2.24947
115	63	2.21485
115	81	3.18765
115	91	2.84151
115	98	3.24526
115	147	3.37348
115	152	3.95971
115	153	4.62382
115	163	4.06622
115	177	5.11779
115	180	5.57455
115	192	5.77434
116	25	1.77464
116	36	2.35164
116	54	3.47283
116	55	2.49363
116	94	1.93172
116	131	3.25568
116	156	2.63509
116	169	3.57878
116	174	4.09593
116	185	4.83042
116	186	6.26993
116	189	4.59062
116	193	4.52609
116	196	6.57264
117	14	1.87205
117	106	2.64916
117	123	2.44585
117	132	2.92154
117	149	2.7604
117	156	3.74348
117	160	3.88947
117	178	4.29634
117	179	3.78239
117	180	4.35751
117	182	4.01305
117	184	5.35609
117	189	5.69902
117	193	5.63449
117	194	4.67045
118	88	2.31932
118	103	2.17043
118	105	1.67975
118	112	4.43408
118	126	4.28443
118	127	3.41156
118	145	3.62386
118	147	2.21484
118	153	3.46517
118	171	4.55127
118	177	3.95915
118	183	5.01913
118	186	5.28311
118	190	5.2592
118	198	6.43619
119	39	0.657085
119	67	1.65237
119	88	2.13133
119	125	4.53224
119	136	3.08223
119	159	3.91261
119	165	3.02948
119	170	4.12646
119	177	3.42534
119	183	4.48532
119	184	5.29218
119	186	4.74931
119	190	4.72539
119	197	6.0648
119	198	6.2482
120	20	3.30764
120	22	4.02378
120	28	3.11874
120	30	2.20473
120	38	3.25589
120	67	2.64337
120	69	1.3618
120	75	3.89964
120	80	3.47081
120	152	3.25827
120	159	4.90361
120	173	5.76428
120	183	5.47633
120	190	5.71639
120	196	5.69729
121	11	2.56249
121	17	2.34693
121	20	2.2227
121	27	2.26074
121	43	3.39881
121	75	2.8147
121	102	3.32023
121	138	3.89486
121	149	3.78877
121	152	3.44153
121	155	4.33479
121	183	5.65959
121	186	5.92358
121	193	6.23745
121	196	5.88055
122	21	1.76156
122	54	3.04892
122	64	3.15774
122	73	2.9173
122	79	3.23275
122	102	3.58591
122	103	3.07657
122	124	3.71007
122	132	3.47649
122	133	4.17538
122	164	4.65944
122	165	4.46943
122	176	5.55189
122	190	6.16534
122	192	5.11224
123	42	2.14447
123	106	4.18288
123	117	2.44585
123	130	2.91449
123	132	4.45527
123	134	4.01881
123	141	2.09372
123	142	2.89784
123	148	4.26652
123	184	3.94507
123	185	4.52779
123	189	4.288
123	193	4.22347
123	197	4.6245
123	200	7.04846
124	2	2.92244
124	33	2.51965
124	69	2.76169
124	76	1.96523
124	111	2.35265
124	122	3.71007
124	126	2.81796
124	142	4.12297
124	162	4.42716
124	167	3.81331
124	172	4.17049
124	180	5.67945
124	181	5.20132
124	187	5.85319
124	199	5.87288
124	200	5.80713
125	3	2.81573
125	12	1.59287
125	26	2.62966
125	43	3.50875
125	65	4.09685
125	75	3.22316
125	80	3.23996
125	92	5.07502
125	106	4.7661
125	119	4.53224
125	131	3.91141
125	133	4.11925
125	135	4.49565
125	137	4.62236
125	168	5.20558
125	191	6.15971
126	15	1.8007
126	57	1.5985
126	62	3.57993
126	91	3.4649
126	113	3.18369
126	118	4.28443
126	124	2.81796
126	144	3.61343
126	149	4.44154
126	153	4.42893
126	158	3.79787
126	166	4.26261
126	175	4.48691
126	185	5.49538
126	199	6.39605
126	200	6.3303
127	20	2.10416
127	39	3.03213
127	53	1.91376
127	60	2.67102
127	80	2.16577
127	87	3.99843
127	100	3.83022
127	104	3.27241
127	118	3.41156
127	134	4.23522
127	139	4.20211
127	149	4.99535
127	158	4.37251
127	188	6.16152
127	198	6.47435
127	199	7.16111
128	37	2.58207
128	71	1.97167
128	86	3.34814
128	88	2.77448
128	98	2.47102
128	109	3.15588
128	114	3.80047
128	151	4.19548
128	161	4.13085
128	162	4.69948
128	168	5.04321
128	172	4.57044
128	176	4.25266
128	179	5.38481
128	194	5.11325
128	195	6.52241
129	3	3.2011
129	14	2.91275
129	17	2.1875
129	20	2.56458
129	31	3.42014
129	40	3.51
129	73	3.07865
129	98	3.51022
129	104	3.73284
129	108	3.54948
129	134	4.69564
129	142	4.28303
129	149	5.45577
129	163	4.33118
129	188	6.62194
129	192	6.0393
129	200	6.99674
130	33	2.95068
130	43	3.39148
130	55	3.23076
130	83	3.47528
130	123	2.91449
130	144	3.18585
130	150	3.84605
130	157	5.14255
130	159	2.73476
130	172	3.67522
130	173	4.76608
130	177	4.7005
130	186	4.3563
130	187	5.91202
130	188	4.29767
130	190	5.37219
130	192	6.17902
131	57	3.55591
131	65	1.60912
131	72	1.9874
131	101	2.21313
131	111	4.12693
131	116	3.25568
131	125	3.91141
131	141	2.53224
131	154	4.13587
131	164	4.06579
131	177	5.1142
131	180	5.48463
131	182	6.16542
131	185	3.77553
131	188	4.71137
131	194	6.75679
131	195	6.70174
132	19	2.76365
132	68	3.57592
132	74	3.79315
132	85	3.4982
132	89	3.75415
132	107	3.75982
132	108	3.15584
132	117	2.92154
132	122	3.47649
132	123	4.45527
132	138	4.72865
132	145	5.38925
132	148	4.80122
132	160	4.97783
132	168	4.17701
132	170	4.6327
132	175	6.23513
133	27	3.0847
133	30	2.53942
133	31	3.72539
133	32	3.63471
133	37	2.68349
133	44	3.13842
133	59	3.66155
133	99	3.30693
133	122	4.17538
133	125	4.11925
133	157	4.47843
133	160	3.84688
133	164	3.93523
133	171	4.88787
133	181	6.1827
133	187	5.24789
133	198	7.45333
134	22	2.56237
134	60	2.51466
134	70	2.93166
134	73	3.04871
134	78	1.79644
134	112	3.73628
134	123	4.01881
134	127	4.23522
134	129	4.69564
134	139	4.63258
134	146	5.17417
134	153	3.3997
134	156	5.04006
134	172	4.77955
134	185	4.46615
134	188	6.59199
134	190	6.47651
135	6	2.5673
135	23	2.55822
135	32	2.97001
135	53	2.22805
135	73	3.48492
135	99	3.68333
135	110	3.19876
135	125	4.49565
135	137	4.21736
135	140	3.96001
135	155	4.42898
135	158	4.68679
135	172	5.2502
135	173	4.47836
135	191	5.75471
135	192	5.8913
135	196	6.23399
136	27	3.52414
136	48	3.37891
136	59	2.29167
136	85	2.82721
136	103	4.0743
136	105	3.58362
136	119	3.08223
136	138	3.28386
136	150	4.39231
136	157	3.59203
136	158	3.9816
136	161	4.90323
136	171	4.19853
136	174	5.01921
136	177	5.86302
136	187	4.94862
136	196	7.14396
137	36	1.09074
137	55	3.06975
137	63	3.29788
137	75	2.94487
137	98	2.22852
137	125	4.62236
137	135	4.21736
137	140	4.08672
137	156	4.58845
137	159	3.38748
137	163	4.67329
137	171	5.39098
137	174	4.80214
137	186	5.00902
137	191	5.88142
137	194	4.87075
137	197	5.68297
137	199	6.55314
138	5	2.04397
138	45	2.93309
138	69	2.47305
138	70	4.01461
138	74	3.59322
138	99	4.08157
138	100	4.05525
138	107	3.5599
138	121	3.89486
138	132	4.72865
138	136	3.28386
138	145	5.18932
138	148	4.60129
138	155	5.50035
138	168	4.12195
138	175	6.0352
138	184	5.74336
138	197	6.51598
139	17	2.12444
139	40	3.44694
139	56	1.31329
139	73	3.01559
139	93	3.11851
139	104	3.66978
139	127	4.20211
139	134	4.63258
139	142	3.41157
139	145	3.4643
139	146	5.14106
139	149	5.39271
139	165	4.13509
139	188	6.55888
139	189	5.51983
139	193	5.81962
139	194	5.281
139	200	6.12528
140	19	3.60626
140	40	1.99351
140	48	3.34097
140	83	3.05691
140	89	3.16814
140	103	3.35822
140	108	2.94097
140	110	4.05506
140	113	4.93741
140	135	3.96001
140	137	4.08672
140	146	4.80809
140	160	4.09264
140	165	5.50341
140	174	6.5807
140	187	5.49365
140	191	5.62406
140	192	5.76066
141	31	1.13492
141	47	3.52147
141	83	3.13608
141	92	3.69586
141	94	2.68798
141	123	2.09372
141	131	2.53224
141	147	4.70875
141	153	3.48557
141	171	4.51894
141	174	4.85219
141	185	5.58668
141	189	5.34689
141	190	6.56238
141	191	6.03515
141	193	5.28235
141	197	5.68338
141	198	5.51418
142	11	3.51152
142	31	1.93904
142	46	2.67076
142	86	3.26985
142	110	3.04404
142	123	2.89784
142	124	4.12297
142	129	4.28303
142	139	3.41157
142	144	4.60611
142	152	5.09695
142	156	4.19547
142	173	4.6188
142	174	5.65631
142	178	4.74832
142	187	5.49909
142	197	6.4875
142	198	6.3183
143	14	2.11443
143	33	2.15397
143	41	2.4274
143	46	2.46116
143	60	2.13185
143	74	1.48162
143	96	2.0532
143	112	4.62024
143	157	4.13092
143	176	4.76613
143	178	4.53872
143	185	6.1812
143	188	5.70635
143	189	5.9414
143	191	6.25364
143	195	7.03588
143	197	6.2779
143	198	6.10869
144	9	2.54213
144	16	3.28828
144	58	3.05596
144	60	3.66783
144	85	2.14697
144	92	2.27238
144	101	3.78678
144	126	3.61343
144	130	3.18585
144	142	4.60611
144	162	4.9103
144	166	4.53491
144	167	4.60879
144	170	5.34943
144	172	4.96596
144	181	5.99679
144	193	7.01416
144	199	6.66836
144	200	6.6026
145	1	1.55875
145	5	2.70458
145	29	1.85074
145	45	3.5937
145	56	3.29254
145	68	4.03659
145	77	4.00762
145	82	5.24628
145	89	3.68636
145	118	3.62386
145	132	5.38925
145	138	5.18932
145	139	3.4643
145	148	5.2619
145	171	4.80173
145	175	6.69581
145	193	6.22965
145	194	5.69102
145	197	6.50324
146	11	3.53973
146	24	3.1726
146	40	3.98853
146	47	3.77974
146	70	3.44014
146	79	3.67385
146	81	3.06312
146	84	2.89057
146	87	4.93739
146	104	4.21137
146	112	4.24476
146	134	5.17417
146	139	5.14106
146	140	4.80809
146	159	4.18323
146	170	4.54039
146	173	4.64701
146	188	7.10047
146	191	6.29342
147	41	3.61092
147	54	2.64546
147	56	2.84054
147	64	2.75427
147	72	2.93108
147	78	3.28232
147	115	3.37348
147	118	2.21484
147	141	4.70875
147	153	3.96785
147	159	4.94909
147	170	5.68213
147	173	5.78876
147	175	4.94356
147	177	4.46182
147	183	5.5218
147	186	5.78579
147	196	5.74277
147	197	7.62047
148	9	2.98318
148	13	2.24947
148	62	2.79841
148	68	3.44856
148	74	3.6658
148	82	4.65825
148	91	2.68337
148	97	3.27866
148	107	3.63247
148	113	3.85817
148	123	4.26652
148	132	4.80122
148	138	4.60129
148	145	5.2619
148	171	4.68077
148	175	6.10778
148	191	6.19699
148	199	7.25246
148	200	6.41435
149	2	3.06495
149	3	3.93129
149	17	2.91768
149	24	3.42425
149	68	2.14438
149	70	3.69179
149	92	3.8853
149	112	4.49641
149	117	2.7604
149	121	3.78877
149	126	4.44154
149	127	4.99535
149	129	5.45577
149	139	5.39271
149	160	4.81668
149	182	4.94026
149	187	5.45847
149	188	7.35212
149	192	5.48451
149	195	7.00683
150	15	2.58484
150	41	3.93841
150	48	2.25131
150	51	3.6997
150	63	3.46308
150	65	4.44519
150	72	3.25857
150	84	4.35981
150	102	3.45604
150	130	3.84605
150	136	4.39231
150	152	3.57734
150	153	4.24145
150	159	5.22269
150	165	4.33956
150	176	5.42202
150	183	5.7954
150	187	6.99653
150	190	6.03547
150	198	8.13136
151	15	2.7313
151	18	1.84963
151	38	3.65486
151	49	3.85764
151	77	3.15481
151	88	3.79343
151	92	4.2105
151	93	3.76038
151	100	4.27436
151	128	4.19548
151	161	5.1498
151	162	5.71844
151	163	4.10159
151	168	6.06216
151	169	4.10139
151	175	4.05819
151	179	6.40376
151	181	5.64786
151	183	5.79882
151	198	6.91849
152	7	2.59204
152	28	3.30135
152	39	2.37089
152	64	3.34049
152	75	4.08225
152	80	3.65342
152	96	3.39286
152	97	4.67497
152	115	3.95971
152	120	3.25827
152	121	3.44153
152	142	5.09695
152	150	3.57734
152	167	5.06283
152	171	6.07709
152	176	5.73465
152	183	6.10803
152	184	7.00599
152	186	6.37202
152	190	6.3481
153	16	2.33183
153	33	2.11232
153	48	3.22805
153	91	3.43588
153	103	3.92344
153	115	4.62382
153	118	3.46517
153	126	4.42893
153	134	3.3997
153	141	3.48557
153	147	3.96785
153	150	4.24145
153	159	6.19942
153	161	5.40048
153	171	4.69577
153	177	5.71216
153	179	4.697
153	188	5.6647
153	195	6.99423
153	196	6.9931
153	199	7.26745
154	13	2.25679
154	36	2.55994
154	47	1.45079
154	51	2.42168
154	79	2.35828
154	90	2.35611
154	96	2.83785
154	101	3.23406
154	131	4.13587
154	156	5.57541
154	161	5.67312
154	164	5.29176
154	167	3.95417
154	171	4.96842
154	176	4.99712
154	177	6.34017
154	180	6.50557
154	182	7.18635
154	194	7.77772
154	195	7.72268
154	197	6.66993
155	5	3.0156
155	13	3.14853
155	19	3.53536
155	30	1.56465
155	45	3.90472
155	56	3.60356
155	64	3.49562
155	68	4.34762
155	69	2.91298
155	73	3.8356
155	74	4.56486
155	78	4.95845
155	107	4.53153
155	121	4.33479
155	135	4.42898
155	138	5.50035
155	175	7.00684
155	190	7.29784
155	193	6.68232
155	196	6.58467
155	200	6.98798
156	12	2.03091
156	20	3.7493
156	29	3.38515
156	41	2.07163
156	98	4.78426
156	108	4.62245
156	116	2.63509
156	117	3.74348
156	134	5.04006
156	137	4.58845
156	142	4.19547
156	154	5.57541
156	167	5.32188
156	170	4.06666
156	178	4.18295
156	182	6.56802
156	184	5.2427
156	193	5.5211
156	194	7.22542
156	197	5.92213
156	198	5.75292
157	6	3.33147
157	26	2.98883
157	37	3.82406
157	74	1.86683
157	81	3.40855
157	93	3.84944
157	102	3.74924
157	130	5.14255
157	133	4.47843
157	136	3.59203
157	143	4.13092
157	160	4.98745
157	164	5.0758
157	165	4.86602
157	169	4.19045
157	172	5.46911
157	173	5.24253
157	186	6.15019
157	187	6.38847
157	192	6.65547
157	200	6.85621
158	23	3.16671
158	76	2.94514
158	83	4.12935
158	92	2.45682
158	93	3.19073
158	100	2.3221
158	113	3.64043
158	126	3.79787
158	127	4.37251
158	135	4.68679
158	136	3.9816
158	159	4.91823
158	161	6.21691
158	163	4.58022
158	167	4.79322
158	172	5.1504
158	176	5.54091
158	181	6.18123
158	186	6.53977
158	199	6.85279
158	200	6.78704
159	4	3.02196
159	35	2.92692
159	58	2.60487
159	62	3.99066
159	75	3.14032
159	119	3.91261
159	120	4.90361
159	130	2.73476
159	137	3.38748
159	146	4.18323
159	147	4.94909
159	150	5.22269
159	153	6.19942
159	158	4.91823
159	165	6.29754
159	169	4.20297
159	170	4.89834
159	177	6.6934
159	179	5.13639
159	189	6.26328
159	191	6.65137
160	8	1.83732
160	43	3.23638
160	55	3.07567
160	76	4.61014
160	90	4.31613
160	97	3.86119
160	99	3.81596
160	110	4.13248
160	117	3.88947
160	132	4.97783
160	133	3.84688
160	140	4.09264
160	149	4.81668
160	157	4.98745
160	163	4.67921
160	173	4.61099
160	178	6.07219
160	183	6.60269
160	186	6.865
160	191	5.88734
160	192	6.02393
161	15	2.66666
161	30	2.7441
161	32	2.9057
161	38	3.59023
161	44	4.32064
161	59	3.63467
161	64	4.67506
161	80	4.01017
161	81	4.71975
161	88	3.7288
161	107	4.26881
161	128	4.13085
161	136	4.90323
161	151	5.1498
161	153	5.40048
161	154	5.67312
161	158	6.21691
161	162	5.6538
161	163	5.50185
161	168	5.99753
161	179	6.33913
162	13	2.34156
162	18	1.86925
162	32	3.47434
162	37	3.41131
162	43	3.64248
162	44	4.88928
162	64	3.29442
162	71	3.49463
162	77	3.65882
162	88	4.29744
162	114	5.32343
162	124	4.42716
162	128	4.69948
162	144	4.9103
162	151	5.71844
162	161	5.6538
162	177	6.42495
162	179	6.90777
162	184	5.98209
162	187	5.80329
162	188	6.02213
163	30	3.37175
163	35	4.15565
163	52	3.89697
163	75	3.27409
163	93	3.52395
163	99	4.13926
163	115	4.06622
163	129	4.33118
163	137	4.67329
163	151	4.10159
163	158	4.58022
163	160	4.67921
163	161	5.50185
163	164	4.76756
163	168	4.10463
163	171	5.7202
163	173	4.93429
163	176	4.82585
163	178	5.0319
163	191	6.21064
163	192	6.34723
164	24	2.3533
164	30	3.13679
164	40	2.28596
164	51	3.50574
164	58	3.52219
164	77	5.25837
164	83	3.40853
164	97	3.94953
164	99	3.9043
164	122	4.65944
164	131	4.06579
164	133	3.93523
164	154	5.29176
164	157	5.0758
164	163	4.76756
164	171	5.48524
164	172	6.39896
164	174	6.87315
164	187	5.84527
164	191	5.97568
164	192	6.11227
164	196	7.38275
165	5	3.12678
165	11	3.77315
165	62	3.10753
165	66	4.01062
165	69	2.75572
165	71	2.93965
165	82	3.71296
165	110	3.76756
165	119	3.02948
165	122	4.46943
165	139	4.13509
165	140	5.50341
165	150	4.33956
165	157	4.86602
165	159	6.29754
165	167	4.45827
165	177	5.81027
165	179	5.47376
165	183	6.87025
165	186	7.13424
165	192	6.24866
165	198	7.35744
166	4	2.51632
166	22	1.84492
166	44	3.52761
166	45	2.98755
166	53	3.28193
166	84	4.07096
166	92	2.92156
166	93	3.65547
166	96	3.27338
166	103	3.55579
166	111	3.7973
166	113	4.10517
166	126	4.26261
166	144	4.53491
166	167	5.25796
166	181	6.64597
166	184	6.8865
166	185	5.99068
166	197	7.65911
166	198	7.84252
166	199	7.31753
166	200	7.25178
167	2	2.53422
167	62	2.83252
167	85	2.87003
167	92	2.99543
167	100	2.86071
167	110	3.98914
167	124	3.81331
167	144	4.60879
167	152	5.06283
167	154	3.95417
167	156	5.32188
167	158	4.79322
167	165	4.45827
167	166	5.25796
167	172	5.68901
167	175	3.7395
167	177	6.08664
167	179	4.71612
167	190	6.75833
167	193	6.1428
167	199	7.39141
167	200	7.32565
168	12	3.78882
168	15	3.57902
168	25	1.56889
168	29	4.5672
168	42	4.40743
168	71	3.83835
168	77	4.00254
168	88	4.64116
168	99	4.30373
168	114	5.66715
168	125	5.20558
168	128	5.04321
168	132	4.17701
168	138	4.12195
168	151	6.06216
168	161	5.99753
168	163	4.10463
168	169	4.10443
168	174	5.8573
168	176	5.06533
168	189	6.16475
168	198	6.92154
169	23	2.40344
169	41	3.01533
169	51	3.45024
169	52	2.9639
169	87	3.23883
169	92	3.97387
169	99	4.06406
169	116	3.57878
169	151	4.10139
169	157	4.19045
169	159	4.20297
169	168	4.10443
169	170	5.01036
169	178	5.12665
169	180	5.3733
169	184	6.18639
169	189	6.52933
169	192	5.57308
169	193	6.46479
169	194	5.68624
169	195	7.0954
169	197	6.86582
170	60	2.21265
170	61	2.22599
170	86	3.14104
170	90	3.97101
170	91	3.49492
170	94	3.36329
170	119	4.12646
170	132	4.6327
170	144	5.34943
170	146	4.54039
170	147	5.68213
170	156	4.06666
170	159	4.89834
170	169	5.01036
170	178	4.61952
170	182	5.7242
170	184	5.67927
170	185	6.26199
170	188	6.46125
170	189	6.0222
170	192	6.26845
170	197	6.3587
170	198	6.18949
171	8	1.72901
171	42	2.55872
171	63	4.34478
171	75	3.99177
171	80	4.00857
171	83	4.36117
171	108	4.24523
171	118	4.55127
171	133	4.88787
171	136	4.19853
171	137	5.39098
171	141	4.51894
171	145	4.80173
171	148	4.68077
171	152	6.07709
171	153	4.69577
171	154	4.96842
171	163	5.7202
171	164	5.48524
171	173	5.65197
171	176	5.75784
171	192	7.06491
171	194	6.61843
172	16	3.77765
172	44	3.64563
172	46	4.0764
172	72	3.08775
172	76	3.84093
172	92	3.35261
172	93	4.08652
172	100	3.21789
172	110	4.34631
172	113	4.53622
172	124	4.17049
172	128	4.57044
172	130	3.67522
172	134	4.77955
172	135	5.2502
172	144	4.96596
172	157	5.46911
172	158	5.1504
172	164	6.39896
172	167	5.68901
172	189	7.20374
172	192	6.85175
172	199	7.74858
172	200	7.68283
173	1	3.00734
173	7	4.30784
173	31	3.75592
173	48	3.17988
173	50	4.44122
173	78	2.96231
173	80	3.22266
173	94	3.5508
173	120	5.76428
173	130	4.76608
173	135	4.47836
173	142	4.6188
173	146	4.64701
173	147	5.78876
173	157	5.24253
173	160	4.61099
173	163	4.93429
173	171	5.65197
173	186	6.6265
173	187	6.012
173	188	6.56787
173	191	6.14241
173	192	6.27901
173	193	7.02686
174	18	2.70209
174	25	3.08208
174	28	3.46391
174	34	3.27227
174	39	2.84362
174	51	3.96739
174	61	3.25027
174	64	4.79103
174	74	3.29401
174	83	5.16695
174	101	4.75035
174	113	5.72721
174	116	4.09593
174	136	5.01921
174	137	4.80214
174	140	6.5807
174	141	4.85219
174	142	5.65631
174	164	6.87315
174	168	5.8573
174	178	5.64379
174	185	7.28627
174	197	7.38297
174	198	7.21377
175	5	3.55045
175	9	4.4171
175	13	3.68338
175	19	4.07021
175	48	2.33469
175	56	4.13842
175	65	2.9525
175	78	5.4933
175	102	3.38036
175	107	5.06638
175	126	4.48691
175	132	6.23513
175	138	6.0352
175	145	6.69581
175	147	4.94356
175	148	6.10778
175	151	4.05819
175	155	7.00684
175	167	3.7395
175	185	4.78683
175	186	5.78131
175	193	6.18167
175	196	6.08402
175	197	6.45526
175	199	7.32543
176	4	3.22129
176	7	4.43671
176	44	3.32785
176	45	2.7878
176	67	5.11975
176	69	3.83818
176	73	4.33904
176	87	4.19972
176	103	5.10401
176	106	4.78933
176	109	4.21611
176	122	5.55189
176	128	4.25266
176	143	4.76613
176	150	5.42202
176	152	5.73465
176	154	4.99712
176	158	5.54091
176	163	4.82585
176	168	5.06533
176	171	5.75784
176	177	6.89273
176	178	5.99259
176	194	6.64713
176	196	8.17367
177	1	3.85792
177	19	4.94713
177	35	2.43965
177	38	4.46231
177	42	3.93048
177	50	3.93309
177	64	4.49857
177	96	4.41667
177	105	3.92674
177	107	4.93586
177	115	5.11779
177	118	3.95915
177	119	3.42534
177	130	4.7005
177	131	5.1142
177	136	5.86302
177	147	4.46182
177	153	5.71216
177	154	6.34017
177	159	6.6934
177	162	6.42495
177	165	5.81027
177	167	6.08664
177	176	6.89273
177	185	7.13398
177	196	7.48707
178	4	2.52261
178	5	3.61814
178	26	2.9587
178	29	3.0129
178	61	2.34228
178	90	4.44257
178	117	4.29634
178	142	4.74832
178	143	4.53872
178	156	4.18295
178	160	6.07219
178	163	5.0319
178	169	5.12665
178	170	4.61952
178	174	5.64379
178	176	5.99259
178	179	5.96511
178	180	6.54023
178	181	6.57817
178	184	5.79555
178	187	6.71397
178	189	6.13849
178	193	6.07395
178	194	6.85317
178	197	6.47498
178	198	6.30578
179	12	4.13042
179	29	4.9088
179	32	4.15966
179	38	4.84419
179	42	4.74903
179	49	5.04697
179	53	3.0547
179	59	4.88863
179	71	4.17995
179	77	4.34414
179	86	4.85455
179	91	3.73297
179	107	3.56534
179	117	3.78239
179	128	5.38481
179	151	6.40376
179	153	4.697
179	159	5.13639
179	161	6.33913
179	162	6.90777
179	165	5.47376
179	167	4.71612
179	178	5.96511
179	187	6.48046
179	190	7.77381
179	196	7.06064
180	4	2.86421
180	8	2.03796
180	21	2.03796
180	47	2.79956
180	49	3.57336
180	63	3.52213
180	72	4.3571
180	78	3.66885
180	79	3.70705
180	84	4.00861
180	90	3.70488
180	95	4.59213
180	96	4.18662
180	115	5.57455
180	117	4.35751
180	124	5.67945
180	131	5.48463
180	154	6.50557
180	169	5.3733
180	178	6.54023
180	182	8.53512
180	184	7.23438
180	187	7.05557
180	188	7.27441
180	189	7.43361
180	194	9.12649
180	195	9.07144
181	10	3.19164
181	22	3.3068
181	24	2.64425
181	38	3.70485
181	57	3.98186
181	66	3.21552
181	75	4.34859
181	78	3.7068
181	85	4.25803
181	92	4.38344
181	94	4.29529
181	100	4.24872
181	105	4.00547
181	108	4.62974
181	111	5.25918
181	124	5.20132
181	133	6.1827
181	144	5.99679
181	151	5.64786
181	158	6.18123
181	166	6.64597
181	178	6.57817
181	182	6.57531
181	185	6.37651
181	198	8.22835
181	199	8.77941
181	200	8.71366
182	8	2.71874
182	17	3.49842
182	21	2.71874
182	23	3.61552
182	47	3.48034
182	61	3.06229
182	62	4.07865
182	65	4.6596
182	79	4.38783
182	83	4.57816
182	84	4.6894
182	90	4.38566
182	93	4.68783
182	95	5.27291
182	96	4.8674
182	101	5.26361
182	117	4.01305
182	131	6.16542
182	149	4.94026
182	154	7.18635
182	156	6.56802
182	170	5.7242
182	180	8.53512
182	181	6.57531
182	193	7.38894
182	195	9.75223
182	197	7.66254
182	200	7.6946
183	14	4.14396
183	15	2.83278
183	18	3.31044
183	23	4.14888
183	27	4.92724
183	34	4.2362
183	56	3.41597
183	62	4.56337
183	67	5.49313
183	77	5.70027
183	87	4.93626
183	88	4.26243
183	94	4.44624
183	105	4.98672
183	109	4.58949
183	118	5.01913
183	119	4.48532
183	120	5.47633
183	121	5.65959
183	147	5.5218
183	150	5.7954
183	151	5.79882
183	152	6.10803
183	160	6.60269
183	165	6.87025
183	186	8.59008
183	192	7.27051
183	195	8.79283
183	197	8.1959
184	3	3.57566
184	10	4.82503
184	14	3.37126
184	17	4.19543
184	18	2.85385
184	21	4.08349
184	34	3.42403
184	50	3.49023
184	52	3.6328
184	102	5.28465
184	103	4.25623
184	104	5.91485
184	117	5.35609
184	119	5.29218
184	123	3.94507
184	138	5.74336
184	152	7.00599
184	156	5.2427
184	162	5.98209
184	166	6.8865
184	169	6.18639
184	170	5.67927
184	178	5.79555
184	180	7.23438
184	185	7.43802
184	189	7.19823
184	193	7.1337
184	197	7.53473
184	198	7.36552
184	200	8.39161
185	14	3.95399
185	23	3.65507
185	28	4.19839
185	32	3.82851
185	34	4.00675
185	41	4.26696
185	46	4.30072
185	82	4.00266
185	106	4.63022
185	114	3.18089
185	116	4.83042
185	123	4.52779
185	126	5.49538
185	131	3.77553
185	134	4.46615
185	141	5.58668
185	143	6.1812
185	166	5.99068
185	170	6.26199
185	174	7.28627
185	175	4.78683
185	177	7.13398
185	181	6.37651
185	184	7.43802
185	186	6.78978
185	188	6.73115
185	193	7.71643
185	194	6.65151
185	198	7.94825
185	199	8.3339
