1	175	0.258502
1	178	1.56213
1	181	1.97842
1	192	3.58954
1	193	3.62485
1	194	3.72761
1	196	3.79112
2	64	2.09299
2	126	2.23327
2	132	2.18435
2	138	2.30877
2	151	2.87184
2	168	3.36595
2	192	3.48438
3	32	0.00109302
3	85	1.54808
3	159	3.43675
3	165	3.57366
3	166	4.52534
3	174	4.40568
3	175	1.07363
4	57	1.76964
4	75	0.152933
4	173	0.879124
4	187	3.61968
4	191	3.79645
4	195	4.1046
4	198	4.20784
5	141	3.41922
5	185	2.1348
5	188	2.02438
5	191	2.43582
5	192	2.53981
5	197	2.77483
5	200	3.19133
6	46	0.0659311
6	157	1.95729
6	163	0.986001
6	171	1.68118
6	185	4.96757
6	189	3.61041
6	198	5.2635
7	114	1.23428
7	176	0.826227
7	183	2.14443
7	186	2.91098
7	188	4.32595
7	193	3.48991
7	194	3.59267
8	143	1.92059
8	183	3.6387
8	188	1.97673
8	191	2.38817
8	192	2.49216
8	199	2.96547
8	200	3.14368
9	79	3.82975
9	170	1.72982
9	180	0.758434
9	182	1.39512
9	191	3.23924
9	197	3.57825
9	200	3.99475
10	114	1.63171
10	145	2.18863
10	149	2.83654
10	158	1.32042
10	168	3.12268
10	169	3.18462
10	199	4.26127
11	37	1.87912
11	47	1.90938
11	91	2.58938
11	118	2.86507
11	143	3.72123
11	191	2.00456
11	200	3.56233
12	48	0.303603
12	162	5.24308
12	182	0.762779
12	192	2.7109
12	197	2.94592
12	199	3.1842
12	200	3.36241
13	100	0.0307299
13	177	3.7254
13	180	1.20221
13	187	1.83401
13	188	3.27159
13	197	4.02203
13	200	4.43853
14	129	0.106161
14	144	1.07607
14	182	4.47006
14	185	3.16541
14	187	2.87317
14	195	3.3581
14	198	3.46134
15	109	1.53623
15	122	2.26893
15	124	2.04155
15	140	2.76744
15	167	4.7586
15	173	0.79641
15	174	4.35003
16	30	1.87804
16	74	2.95889
16	95	2.49306
16	113	2.53134
16	121	2.99635
16	134	3.06539
16	136	2.62559
17	112	2.53128
17	163	2.98209
17	184	1.17643
17	190	2.24471
17	192	2.80671
17	199	3.28002
17	200	3.45823
18	111	0.0251395
18	116	3.96937
18	153	1.60308
18	185	3.18567
18	187	2.89343
18	195	3.37835
18	198	3.48159
19	132	2.71189
19	145	2.95943
19	151	3.39937
19	154	2.51152
19	167	0.510226
19	168	3.89349
19	184	2.5763
20	69	1.73287
20	161	0.0584873
20	181	3.84099
20	185	3.17733
20	187	2.88509
20	195	3.37002
20	198	3.47326
21	24	1.58191
21	92	3.92685
21	172	0.0530526
21	183	2.44877
21	186	3.21532
21	189	3.35006
21	194	3.89701
22	151	2.67986
22	180	0.365795
22	187	2.87674
22	190	2.38859
22	197	3.18562
22	199	3.4239
22	200	3.60211
23	37	0.132367
23	172	0.220308
23	178	2.26958
23	179	2.22236
23	185	5.39911
23	186	3.75338
23	196	4.49858
24	21	1.58191
24	34	1.88004
24	88	2.13146
24	154	3.00245
24	165	4.06033
24	167	1.00116
24	174	4.89235
25	80	0.840748
25	97	0.888953
25	105	0.718949
25	148	1.86547
25	167	3.31007
25	177	4.22486
25	181	4.87909
25	184	5.91341
26	126	2.4263
26	170	2.31588
26	173	2.03178
26	179	1.51492
26	189	3.18068
26	193	3.62487
26	194	3.72763
26	196	3.79114
27	66	2.45909
27	141	1.43099
27	144	1.75426
27	152	2.07951
27	167	2.69688
27	177	3.61166
27	181	4.26589
27	194	4.3323
28	31	2.01058
28	163	4.73954
28	188	2.00145
28	191	2.41288
28	192	2.51687
28	197	2.75189
28	199	2.99018
28	200	3.16839
29	58	3.13535
29	69	2.35715
29	95	3.09203
29	113	3.13032
29	121	3.59533
29	134	3.66436
29	147	0.000850982
29	186	3.73379
30	16	1.87804
30	69	2.09298
30	95	2.82786
30	98	2.77399
30	99	1.18434
30	113	2.86614
30	134	3.40019
30	184	5.6331
31	28	2.01058
31	127	1.14401
31	150	1.60775
31	158	3.19314
31	162	2.78061
31	167	3.14359
31	177	4.05838
31	181	4.71261
32	3	0.00109302
32	73	0.830366
32	142	2.53311
32	167	3.1646
32	170	3.03122
32	177	4.07939
32	181	4.73362
32	186	4.31606
33	154	0.159582
33	161	0.430386
33	163	0.703975
33	185	4.68554
33	191	2.62063
33	195	4.87823
33	198	4.98147
33	200	4.17841
34	24	1.88004
34	52	1.2127
34	112	2.10693
34	122	2.64231
34	135	3.2738
34	141	3.8594
34	174	4.72341
34	188	2.93269
35	79	1.37779
35	132	1.96316
35	137	2.0153
35	149	2.85862
35	151	2.65065
35	168	3.14476
35	169	3.2067
35	191	5.41847
36	127	0.880077
36	144	1.93704
36	150	3.09706
36	152	2.26229
36	162	2.51668
36	177	3.79444
36	181	4.44867
36	190	3.70219
37	11	1.87912
37	23	0.132367
37	48	2.53513
37	104	2.63287
37	106	2.49634
37	118	2.71979
37	143	3.57595
37	199	6.66758
38	80	1.96864
38	103	1.65899
38	123	1.41495
38	160	3.46901
38	167	4.43797
38	170	4.30458
38	184	2.56665
38	200	2.83188
39	42	1.74845
39	78	3.96315
39	92	1.57332
39	114	2.11917
39	129	2.79968
39	151	3.11603
39	168	3.61014
39	169	3.67208
40	135	0.914185
40	164	0.320015
40	171	0.98356
40	173	1.23716
40	180	5.87263
40	185	4.26995
40	195	4.46264
40	198	4.56588
41	114	0.3995
41	148	2.79812
41	178	3.60953
41	180	0.978471
41	188	3.04784
41	192	3.56327
41	199	4.03658
41	200	4.21479
42	39	1.74845
42	90	2.38384
42	92	2.52377
42	117	0.299691
42	153	1.88189
42	168	4.5606
42	169	4.62253
42	192	4.61205
43	130	4.7548
43	171	2.03632
43	184	1.20521
43	190	2.27348
43	191	2.7315
43	192	2.83549
43	199	3.3088
43	200	3.48701
44	88	0.0449945
44	167	2.44116
44	182	1.69589
44	186	4.33207
44	190	3.082
44	191	3.54002
44	192	3.64401
44	197	3.87903
45	55	4.30075
45	70	2.42302
45	71	2.21665
45	98	2.481
45	113	2.57316
45	121	3.03816
45	134	3.1072
45	149	2.48119
46	6	0.0659311
46	131	0.0324372
46	139	0.140362
46	152	2.58124
46	181	4.20848
46	185	5.03728
46	195	5.22997
46	198	5.33321
47	11	1.90938
47	48	2.56539
47	82	2.34501
47	104	2.66313
47	118	2.75006
47	135	1.05404
47	143	3.60622
47	188	5.72714
48	12	0.303603
48	37	2.53513
48	47	2.56539
48	82	3.11604
48	91	3.24539
48	143	4.37724
48	192	2.31762
48	200	4.17964
49	93	1.7539
49	140	2.78461
49	148	1.88175
49	150	4.33487
49	159	3.39828
49	165	3.53519
49	174	4.36721
49	187	0.585051
50	72	3.62342
50	74	0.927868
50	178	1.57965
50	186	3.06344
50	193	3.64237
50	194	3.74513
50	196	3.80864
50	198	2.28649
51	111	0.154271
51	141	1.87357
51	144	2.19684
51	170	3.00607
51	177	4.05424
51	179	3.53955
51	181	4.70847
51	182	3.08904
52	34	1.2127
52	76	2.93404
52	112	1.60852
52	114	3.8668
52	122	2.14391
52	159	3.25608
52	165	3.39299
52	174	4.225
53	64	3.32467
53	86	2.28284
53	91	2.38156
53	104	2.57033
53	106	2.4338
53	118	2.65725
53	143	3.51341
53	177	3.48611
54	102	0.829149
54	126	2.00393
54	137	2.00715
54	149	2.85047
54	151	2.64249
54	167	5.96509
54	168	3.13661
54	169	3.19854
55	45	4.30075
55	120	0.000229533
55	182	2.21809
55	185	1.50448
55	192	4.16621
55	195	0.976069
55	199	4.63951
55	200	4.81772
56	73	1.17059
56	79	2.89246
56	120	3.9023
56	127	1.50525
56	148	2.06022
56	152	2.88745
56	162	3.14184
56	181	5.07384
57	4	1.76964
57	90	1.97398
57	170	3.0385
57	186	2.73974
57	189	2.87448
57	193	3.31867
57	194	3.42143
57	196	3.48494
58	29	3.13535
58	173	4.95298
58	182	0.990222
58	188	2.42291
58	190	2.37633
58	192	2.93834
58	197	3.17336
58	199	3.41165
58	200	3.58986
59	84	1.33521
59	177	3.28241
59	178	3.49913
59	184	1.77698
59	188	2.89184
59	191	3.30327
59	192	3.40727
59	197	3.64229
59	199	3.88057
60	105	1.33644
60	140	1.63575
60	161	0.229628
60	164	0.534853
60	185	4.48479
60	187	4.19255
60	193	5.1274
60	195	4.67747
60	198	4.78071
61	113	1.33218
61	128	3.02593
61	137	2.5047
61	138	2.57697
61	149	3.34802
61	151	3.14005
61	168	3.63416
61	169	3.6961
61	196	3.7557
62	95	4.40212
62	137	3.70231
62	180	0.711642
62	184	1.66616
62	190	2.73443
62	191	3.19245
62	192	3.29644
62	197	3.53146
62	199	3.76975
63	67	0.145457
63	96	2.80345
63	131	0.159265
63	139	0.853976
63	183	2.29721
63	185	5.75089
63	192	3.0174
63	195	5.94358
63	198	6.04682
64	2	2.09299
64	53	3.32467
64	118	2.67196
64	182	1.60578
64	188	3.03847
64	190	2.99189
64	191	3.4499
64	197	3.78892
64	199	4.0272
65	83	1.42113
65	88	1.66252
65	129	0.135434
65	139	0.739833
65	154	1.11079
65	180	5.01211
65	185	5.63675
65	187	5.34451
65	198	5.93268
66	27	2.45909
66	81	0.646949
66	134	2.3348
66	151	3.30494
66	154	0.055905
66	185	4.50019
66	187	4.20795
66	195	4.69288
66	198	4.79612
67	63	0.145457
67	164	0.551687
67	166	2.15802
67	184	3.42242
67	185	4.50162
67	187	4.20938
67	195	4.69431
67	197	2.55816
67	198	4.79755
68	72	4.47658
68	133	3.66755
68	180	0.459327
68	188	2.5287
68	190	2.48212
68	191	2.94014
68	197	3.27915
68	199	3.51743
68	200	3.69565
69	20	1.73287
69	29	2.35715
69	30	2.09298
69	70	2.59614
69	95	2.708
69	98	2.65413
69	121	3.21129
69	134	3.28032
69	185	6.36041
70	45	2.42302
70	69	2.59614
70	95	3.33102
70	98	3.27716
70	113	3.36931
70	120	3.45332
70	134	3.90335
70	156	1.48163
70	162	3.16005
71	45	2.21665
71	95	3.12466
71	98	3.07079
71	113	3.16295
71	121	3.62795
71	130	0.962186
71	134	3.69699
71	157	2.7531
71	189	4.40622
72	50	3.62342
72	68	4.47658
72	152	2.02533
72	160	1.67374
72	162	2.27972
72	167	2.6427
72	170	2.50931
72	177	3.55748
72	181	4.21172
73	32	0.830366
73	56	1.17059
73	141	2.89663
73	160	3.19357
73	161	0.000107658
73	177	5.07731
73	181	5.73154
73	186	3.3994
73	199	4.75484
74	16	2.95889
74	50	0.927868
74	127	4.19494
74	171	0.884079
74	173	1.13768
74	185	4.17047
74	187	3.87823
74	195	4.36315
74	198	4.46639
75	4	0.152933
75	133	1.38022
75	157	2.38872
75	161	0.306012
75	185	4.56117
75	187	4.26893
75	195	4.75386
75	197	4.36502
75	198	4.8571
76	52	2.93404
76	138	1.97995
76	172	3.17665
76	184	1.67618
76	190	2.74445
76	191	3.20247
76	197	3.54148
76	199	3.77977
76	200	3.95798
77	85	0.35415
77	138	1.83762
77	182	1.78381
77	184	2.10164
77	188	3.2165
77	191	3.62793
77	194	5.89597
77	197	3.96694
77	199	4.20523
78	39	3.96315
78	143	1.41559
78	172	0.0761617
78	186	3.33667
78	188	2.72229
78	189	3.4714
78	193	3.91559
78	194	4.01835
78	196	4.08186
79	9	3.82975
79	35	1.37779
79	56	2.89246
79	93	2.00103
79	124	2.30586
79	135	3.16472
79	140	3.03174
79	165	3.78232
79	174	4.61433
80	25	0.840748
80	38	1.96864
80	109	2.08173
80	119	5.1906
80	141	2.76154
80	152	3.41006
80	162	3.66445
80	165	2.20836
80	170	3.89405
80	181	5.59645
81	66	0.646949
81	171	1.31558
81	173	1.56917
81	185	4.60197
81	187	4.30973
81	189	2.27302
81	195	4.79465
81	197	2.59619
81	198	4.89789
81	199	4.64072
82	47	2.34501
82	48	3.11604
82	86	2.9263
82	104	3.21378
82	106	3.07725
82	117	0.813403
82	118	3.3007
82	143	4.15687
82	183	4.40558
82	193	4.26816
83	65	1.42113
83	123	2.51591
83	182	1.46735
83	186	5.57223
83	188	2.90004
83	190	2.85346
83	191	3.31148
83	197	3.65049
83	199	3.88878
83	200	4.06699
84	59	1.33521
84	133	0.0203465
84	144	0.644389
84	176	1.71964
84	183	3.03785
84	189	3.93913
84	193	4.38332
84	194	4.48609
84	196	4.5496
84	200	7.50552
85	3	1.54808
85	77	0.35415
85	109	2.06432
85	112	2.26163
85	135	3.4285
85	159	3.90919
85	165	4.0461
85	174	4.87812
85	178	3.70081
85	197	5.44658
86	53	2.28284
86	82	2.9263
86	91	3.05565
86	104	3.24442
86	106	3.10789
86	118	3.33134
86	143	4.1875
86	168	0.000474699
86	190	3.24919
86	200	6.25526
87	98	2.09079
87	110	2.64912
87	163	4.70677
87	178	1.91289
87	179	1.86567
87	183	2.63014
87	189	3.53142
87	193	3.97561
87	194	4.07838
87	196	4.14189
88	24	2.13146
88	44	0.0449945
88	65	1.66252
88	93	2.36153
88	109	2.16104
88	112	2.35835
88	159	4.00591
88	165	4.14282
88	174	4.97484
88	189	7.78246
89	121	1.04431
89	130	0.00667499
89	158	0.549731
89	172	1.46677
89	177	4.42073
89	181	4.03957
89	183	4.23329
89	186	4.99984
89	189	5.13458
89	196	5.74504
90	42	2.38384
90	57	1.97398
90	126	3.11285
90	132	3.06394
90	137	3.11608
90	138	3.18835
90	140	2.0078
90	145	3.31148
90	149	3.9594
90	180	5.5108
91	11	2.58938
91	48	3.24539
91	53	2.38156
91	86	3.05565
91	104	3.34313
91	106	3.20661
91	118	3.43006
91	120	1.9793
91	143	4.28622
91	191	4.64055
91	192	4.33631
92	21	3.92685
92	39	1.57332
92	42	2.52377
92	126	3.25279
92	132	3.20387
92	137	3.25601
92	145	3.45142
92	151	3.89136
92	168	4.38547
92	186	5.23701
92	195	1.79765
93	49	1.7539
93	79	2.00103
93	88	2.36153
93	102	0.710323
93	122	3.04131
93	124	2.81393
93	159	4.15348
93	165	4.2904
93	174	5.12241
93	193	3.30407
93	199	6.93874
94	115	0.159744
94	127	5.72138
94	155	5.01449
94	175	1.12663
94	176	1.8293
94	179	2.38303
94	183	3.14751
94	186	3.91406
94	189	4.04879
94	193	4.49298
94	194	4.59574
95	16	2.49306
95	29	3.09203
95	30	2.82786
95	62	4.40212
95	69	2.708
95	70	3.33102
95	71	3.12466
95	121	3.94617
95	134	4.01521
95	147	1.21769
95	188	5.31452
96	63	2.80345
96	132	4.52889
96	160	3.59689
96	178	1.91356
96	179	1.86634
96	183	2.63081
96	186	3.39736
96	189	3.5321
96	193	3.97629
96	194	4.07905
96	196	4.14256
97	25	0.888953
97	131	0.00337394
97	152	2.02196
97	176	1.77429
97	179	2.32802
97	186	3.85904
97	189	3.99378
97	193	4.43797
97	194	4.54073
97	196	4.60424
97	199	8.03738
98	30	2.77399
98	45	2.481
98	69	2.65413
98	70	3.27716
98	71	3.07079
98	87	2.09079
98	113	3.4273
98	121	3.8923
98	134	3.96134
98	180	2.62365
98	199	6.24697
99	30	1.18434
99	155	5.36523
99	159	4.37774
99	175	1.12314
99	176	1.82581
99	178	2.42676
99	179	2.37954
99	189	4.0453
99	193	4.48949
99	194	4.59225
99	196	4.65576
100	13	0.0307299
100	128	0.00328384
100	154	5.20268
100	183	2.95048
100	184	2.80815
100	188	3.923
100	191	4.33444
100	192	4.43843
100	193	2.81307
100	199	4.91174
100	200	5.08995
101	156	0.0415228
101	160	0.000453723
101	175	1.05686
101	177	3.48609
101	183	3.07773
101	186	3.84428
101	189	3.97902
101	193	4.42321
101	194	4.52597
101	196	4.58948
101	199	7.49311
102	54	0.829149
102	93	0.710323
102	126	1.92678
102	154	7.49574
102	172	0.823947
102	176	2.27226
102	178	2.87322
102	189	4.49175
102	193	4.93594
102	194	5.03871
102	196	5.10222
103	38	1.65899
103	125	1.46815
103	141	2.45189
103	152	3.10041
103	162	3.3548
103	170	3.5844
103	177	4.63257
103	180	3.98837
103	181	5.2868
103	195	2.8169
103	196	4.1466
104	37	2.63287
104	47	2.66313
104	53	2.57033
104	82	3.21378
104	86	3.24442
104	91	3.34313
104	106	3.39537
104	142	5.23287
104	143	4.47498
104	165	0.817088
104	196	4.90617
105	25	0.718949
105	60	1.33644
105	127	1.90605
105	144	2.96302
105	148	2.46103
105	152	3.28826
105	167	3.90563
105	175	3.80106
105	177	4.82042
105	181	5.47465
105	198	5.8138
106	37	2.49634
106	53	2.4338
106	82	3.07725
106	86	3.10789
106	91	3.20661
106	104	3.39537
106	118	3.48229
106	123	5.47745
106	138	2.67915
106	143	4.33846
106	156	2.78344
107	155	3.69345
107	171	1.29205
107	175	0.77289
107	179	2.02929
107	183	2.79376
107	186	3.56031
107	189	3.69505
107	193	4.13924
107	194	4.242
107	196	4.30551
107	198	5.93862
108	151	0.882912
108	154	0.873909
108	158	4.03735
108	163	1.4183
108	164	1.44994
108	169	0.000882285
108	185	5.39987
108	187	5.10763
108	195	5.59256
108	198	5.6958
108	200	6.06315
109	15	1.53623
109	80	2.08173
109	85	2.06432
109	88	2.16104
109	135	3.4723
109	140	3.33932
109	159	3.95299
109	165	4.0899
109	172	3.42894
109	174	4.92192
109	177	5.43527
110	87	2.64912
110	111	0.208639
110	117	0.0376396
110	154	2.12468
110	163	2.66908
110	173	3.61785
110	180	3.18198
110	183	3.30805
110	185	6.65065
110	195	6.84333
110	196	3.34021
110	198	6.94657
111	18	0.0251395
111	51	0.154271
111	110	0.208639
111	119	2.89937
111	129	0.639844
111	164	2.44574
111	185	6.39568
111	187	6.10344
111	189	5.10358
111	194	4.31959
111	195	6.58837
111	198	6.6916
112	17	2.53128
112	34	2.10693
112	52	1.60852
112	85	2.26163
112	88	2.35835
112	135	3.66962
112	140	3.53664
112	142	2.91549
112	159	4.15031
112	165	4.28722
112	174	5.11923
112	186	7.05671
113	16	2.53134
113	29	3.13032
113	30	2.86614
113	45	2.57316
113	61	1.33218
113	70	3.36931
113	71	3.16295
113	98	3.4273
113	119	4.16582
113	121	3.98446
113	134	4.05349
113	185	6.96809
114	7	1.23428
114	10	1.63171
114	39	2.11917
114	41	0.3995
114	52	3.8668
114	132	3.74972
114	137	3.80186
114	138	3.87414
114	145	3.99727
114	168	4.93132
114	169	4.99326
114	194	6.97105
115	94	0.159744
115	154	1.02308
115	163	1.56747
115	164	1.59911
115	173	2.51625
115	184	4.31265
115	185	5.54904
115	187	5.2568
115	195	5.74173
115	197	3.4484
115	198	5.84497
115	200	4.57788
116	18	3.96937
116	144	3.31498
116	145	2.32626
116	163	2.83103
116	182	2.05013
116	184	2.36797
116	190	3.43624
116	191	3.89425
116	192	3.99825
116	197	4.23327
116	199	4.47155
116	200	4.64976
117	42	0.299691
117	82	0.813403
117	110	0.0376396
117	146	0.608187
117	161	1.71114
117	171	2.67991
117	185	5.9663
117	187	5.67406
117	189	5.73479
117	191	5.62968
117	195	6.15899
117	198	6.26223
118	11	2.86507
118	37	2.71979
118	47	2.75006
118	53	2.65725
118	64	2.67196
118	82	3.3007
118	86	3.33134
118	91	3.43006
118	106	3.48229
118	141	6.36202
118	143	4.56191
118	175	3.44759
119	80	5.1906
119	111	2.89937
119	113	4.16582
119	166	0.00477055
119	174	1.79797
119	180	2.05085
119	184	3.00537
119	188	4.12022
119	190	4.07364
119	191	4.53165
119	192	4.63565
119	199	5.10895
119	200	5.28717
120	55	0.000229533
120	56	3.9023
120	70	3.45332
120	91	1.9793
120	162	4.72628
120	182	2.57864
120	184	2.89648
120	188	4.01133
120	190	3.96475
120	191	4.42277
120	197	4.76178
120	199	5.00007
120	200	5.17828
121	16	2.99635
121	29	3.59533
121	45	3.03816
121	69	3.21129
121	71	3.62795
121	89	1.04431
121	95	3.94617
121	98	3.8923
121	113	3.98446
121	134	4.5185
121	139	1.6817
121	185	5.47327
121	198	5.85599
122	15	2.26893
122	34	2.64231
122	52	2.14391
122	93	3.04131
122	124	3.34614
122	135	4.205
122	143	3.05866
122	152	2.2586
122	159	4.68569
122	165	4.8226
122	174	5.65462
122	190	4.35291
122	198	4.39037
123	38	1.41495
123	83	2.51591
123	106	5.47745
123	139	4.65339
123	147	0.0556453
123	175	1.83387
123	176	2.53654
123	178	3.13749
123	186	4.62129
123	189	4.75603
123	193	5.20022
123	194	5.30298
123	196	5.36649
124	15	2.04155
124	79	2.30586
124	93	2.81393
124	122	3.34614
124	135	3.97762
124	136	3.07392
124	140	3.84464
124	159	4.45831
124	160	0.818199
124	165	4.59522
124	174	5.42724
124	183	5.15224
124	193	5.01482
125	103	1.46815
125	132	0.000186033
125	141	2.98124
125	144	3.30451
125	148	2.80252
125	154	4.69788
125	160	3.27817
125	162	3.88414
125	166	3.49826
125	170	4.11374
125	177	5.16191
125	181	5.81614
125	199	5.94294
126	2	2.23327
126	26	2.4263
126	54	2.00393
126	90	3.11285
126	92	3.25279
126	102	1.92678
126	132	4.10801
126	137	4.16015
126	138	4.23242
126	145	4.35555
126	159	3.19276
126	169	5.35154
126	178	6.51876
127	31	1.14401
127	36	0.880077
127	56	1.50525
127	74	4.19494
127	94	5.72138
127	105	1.90605
127	141	3.23129
127	160	3.52823
127	162	4.1342
127	167	4.49718
127	170	4.36379
127	175	5.80477
127	177	5.41197
127	181	6.0662
128	61	3.02593
128	100	0.00328384
128	155	0.0105781
128	172	4.27866
128	174	2.03554
128	179	6.36032
128	182	2.99459
128	184	3.31243
128	190	4.3807
128	191	4.83872
128	192	4.94271
128	197	5.17773
128	199	5.41602
128	200	5.59423
129	14	0.106161
129	39	2.79968
129	65	0.135434
129	111	0.639844
129	131	1.49022
129	142	2.62261
129	146	1.72374
129	166	5.67458
129	173	4.04906
129	185	7.08185
129	187	6.78961
129	195	7.27454
129	196	4.65417
129	198	7.37778
130	43	4.7548
130	71	0.962186
130	89	0.00667499
130	156	0.197565
130	163	3.05121
130	175	2.20785
130	176	2.91052
130	182	6.92915
130	183	4.22873
130	186	4.99528
130	189	5.13001
130	193	5.5742
130	194	5.67697
130	196	5.74048
131	46	0.0324372
131	63	0.159265
131	97	0.00337394
131	129	1.49022
131	146	1.88794
131	158	6.01652
131	161	2.9909
131	171	3.95967
131	173	4.21326
131	178	5.16707
131	181	4.5692
131	187	6.95382
131	195	7.43874
131	198	7.54198
132	2	2.18435
132	19	2.71189
132	35	1.96316
132	90	3.06394
132	92	3.20387
132	96	4.52889
132	114	3.74972
132	125	0.000186033
132	126	4.10801
132	138	4.18351
132	149	4.95455
132	168	5.24069
132	169	5.30263
132	188	6.31514
132	193	6.58913
133	68	3.66755
133	75	1.38022
133	84	0.0203465
133	158	0.502325
133	165	4.53959
133	175	2.16501
133	178	3.46864
133	179	3.42142
133	183	4.18589
133	185	7.82737
133	186	4.95244
133	189	5.08717
133	193	5.53136
133	194	5.63413
133	196	5.69764
134	16	3.06539
134	29	3.66436
134	30	3.40019
134	45	3.1072
134	66	2.3348
134	69	3.28032
134	70	3.90335
134	71	3.69699
134	95	4.01521
134	98	3.96134
134	113	4.05349
134	121	4.5185
134	140	2.93133
134	157	6.03683
134	190	6.13654
135	34	3.2738
135	40	0.914185
135	47	1.05404
135	79	3.16472
135	85	3.4285
135	109	3.4723
135	112	3.66962
135	122	4.205
135	124	3.97762
135	140	4.70351
135	141	5.55936
135	159	5.31717
135	165	5.45408
135	181	4.15314
135	192	5.76425
136	16	2.62559
136	124	3.07392
136	153	0.000135662
136	157	0.00204908
136	166	0.000579269
136	169	3.32834
136	180	3.06236
136	184	4.01688
136	188	5.13173
136	190	5.08515
136	191	5.54317
136	192	5.64716
136	194	8.39581
136	197	5.88218
136	200	6.29868
137	35	2.0153
137	54	2.00715
137	61	2.5047
137	62	3.70231
137	90	3.11608
137	92	3.25601
137	114	3.80186
137	126	4.16015
137	145	4.35878
137	151	4.79872
137	157	4.50254
137	168	5.29283
137	169	5.35477
137	179	4.59168
137	198	4.63971
138	2	2.30877
138	61	2.57697
138	76	1.97995
138	77	1.83762
138	90	3.18835
138	106	2.67915
138	114	3.87414
138	126	4.23242
138	132	4.18351
138	145	4.43105
138	149	5.07897
138	162	4.48569
138	168	5.36511
138	169	5.42704
138	196	6.44795
139	46	0.140362
139	63	0.853976
139	65	0.739833
139	121	1.6817
139	123	4.65339
139	146	2.58265
139	161	3.68561
139	164	3.99083
139	171	4.65438
139	174	0.808677
139	179	5.13346
139	187	7.64853
139	190	5.14403
139	195	8.13345
139	198	8.23669
140	15	2.76744
140	49	2.78461
140	60	1.63575
140	79	3.03174
140	90	2.0078
140	109	3.33932
140	112	3.53664
140	124	3.84464
140	134	2.93133
140	135	4.70351
140	143	4.7814
140	159	5.18419
140	165	5.32111
140	174	6.15312
140	190	6.07565
141	5	3.41922
141	27	1.43099
141	34	3.8594
141	51	1.87357
141	73	2.89663
141	80	2.76154
141	103	2.45189
141	118	6.36202
141	125	2.98124
141	127	3.23129
141	135	5.55936
141	160	4.26192
141	162	4.86789
141	170	5.09748
141	177	6.14566
141	181	6.79989
142	32	2.53311
142	104	5.23287
142	112	2.91549
142	129	2.62261
142	155	0.0240132
142	166	0.00403883
142	176	5.89544
142	180	3.0435
142	182	3.68018
142	184	3.99802
142	188	5.11287
142	190	5.06629
142	192	5.6283
142	197	5.86332
142	199	6.10161
142	200	6.27982
143	8	1.92059
143	11	3.72123
143	37	3.57595
143	47	3.60622
143	48	4.37724
143	53	3.51341
143	78	1.41559
143	82	4.15687
143	86	4.1875
143	91	4.28622
143	104	4.47498
143	106	4.33846
143	118	4.56191
143	122	3.05866
143	140	4.7814
143	198	8.02407
144	14	1.07607
144	27	1.75426
144	36	1.93704
144	51	2.19684
144	84	0.644389
144	105	2.96302
144	116	3.31498
144	125	3.30451
144	148	4.10954
144	152	4.93677
144	160	4.58519
144	170	5.42076
144	177	6.46893
144	181	7.12316
144	191	6.87408
144	197	7.30237
145	10	2.18863
145	19	2.95943
145	90	3.31148
145	92	3.45142
145	114	3.99727
145	116	2.32626
145	126	4.35555
145	137	4.35878
145	138	4.43105
145	149	5.2021
145	151	4.99412
145	159	1.24188
145	169	5.55017
145	189	5.99048
145	190	4.43707
145	194	5.20648
146	117	0.608187
146	129	1.72374
146	131	1.88794
146	139	2.58265
146	148	2.67768
146	155	1.15057
146	161	3.22441
146	163	3.498
146	171	4.19318
146	173	4.44678
146	184	6.09911
146	186	5.92395
146	187	7.18733
146	188	3.37072
146	195	7.67226
146	198	7.7755
147	29	0.000850982
147	95	1.21769
147	123	0.0556453
147	156	1.13237
147	158	1.47997
147	167	5.87124
147	172	2.39701
147	178	4.44628
147	179	4.39906
147	180	5.49427
147	183	5.16353
147	186	5.93008
147	191	6.64476
147	193	6.50901
147	194	6.61177
147	196	6.67528
148	25	1.86547
148	41	2.79812
148	49	1.88175
148	56	2.06022
148	105	2.46103
148	125	2.80252
148	144	4.10954
148	146	2.67768
148	152	4.43478
148	159	5.40507
148	160	4.0832
148	162	4.68917
148	167	5.05215
148	170	4.91877
148	177	5.96694
148	181	6.62117
148	185	8.25499
149	10	2.83654
149	35	2.85862
149	45	2.48119
149	54	2.85047
149	61	3.34802
149	90	3.9594
149	132	4.95455
149	138	5.07897
149	145	5.2021
149	151	5.64204
149	158	3.97816
149	168	6.13616
149	169	6.19809
149	176	1.18801
149	196	3.45392
149	198	3.03536
149	199	6.91901
150	31	1.60775
150	36	3.09706
150	49	4.33487
150	156	0.666576
150	158	1.01418
150	164	3.76711
150	172	1.93122
150	176	3.37954
150	178	3.98049
150	179	3.93327
150	182	8.21466
150	183	4.69774
150	186	5.46429
150	189	5.59903
150	193	6.04322
150	194	6.14598
150	196	6.20949
151	2	2.87184
151	19	3.39937
151	22	2.67986
151	35	2.65065
151	39	3.11603
151	54	2.64249
151	61	3.14005
151	66	3.30494
151	92	3.89136
151	108	0.882912
151	137	4.79872
151	145	4.99412
151	149	5.64204
151	168	5.92818
151	169	5.99011
151	185	6.76142
151	193	7.39313
152	27	2.07951
152	36	2.26229
152	46	2.58124
152	56	2.88745
152	72	2.02533
152	80	3.41006
152	97	2.02196
152	103	3.10041
152	105	3.28826
152	122	2.2586
152	144	4.93677
152	148	4.43478
152	160	4.91043
152	167	5.87939
152	177	6.79417
152	181	7.44841
152	186	9.75223
152	195	6.31288
153	18	1.60308
153	42	1.88189
153	136	0.000135662
153	157	0.00213911
153	166	0.004242
153	176	5.88486
153	178	7.82556
153	180	3.35895
153	182	3.99563
153	184	4.31347
153	187	5.71746
153	188	5.42832
153	190	5.38174
153	191	5.83976
153	192	5.94375
153	197	6.17877
153	199	6.41706
153	200	6.59527
154	19	2.51152
154	24	3.00245
154	33	0.159582
154	65	1.11079
154	66	0.055905
154	100	5.20268
154	102	7.49574
154	108	0.873909
154	110	2.12468
154	115	1.02308
154	125	4.69788
154	164	4.36179
154	171	5.02534
154	173	5.27893
154	185	8.31172
154	187	8.01948
154	195	8.50441
154	198	8.60765
155	94	5.01449
155	99	5.36523
155	107	3.69345
155	128	0.0105781
155	142	0.0240132
155	146	1.15057
155	157	0.0138801
155	166	0.278675
155	180	3.7785
155	182	4.41518
155	184	4.73302
155	186	9.63883
155	188	5.84787
155	190	5.80129
155	191	6.2593
155	192	6.3633
155	197	6.59832
155	199	6.8366
155	200	7.01482
156	70	1.48163
156	101	0.0415228
156	106	2.78344
156	130	0.197565
156	147	1.13237
156	150	0.666576
156	158	1.96099
156	176	4.32635
156	178	4.92731
156	179	4.88008
156	181	5.62915
156	183	5.64456
156	184	8.83705
156	186	6.4111
156	189	6.54584
156	193	6.99003
156	194	7.09279
156	196	7.1563
156	198	6.13367
157	6	1.95729
157	71	2.7531
157	75	2.38872
157	134	6.03683
157	136	0.00204908
157	137	4.50254
157	153	0.00213911
157	155	0.0138801
157	166	0.907665
157	180	4.40749
157	182	5.04417
157	184	5.36201
157	187	7.20385
157	188	6.47686
157	190	6.43028
157	192	6.99229
157	197	7.22731
157	199	7.46559
157	200	7.64381
158	10	1.32042
158	31	3.19314
158	89	0.549731
158	108	4.03735
158	131	6.01652
158	133	0.502325
158	147	1.47997
158	149	3.97816
158	150	1.01418
158	156	1.96099
158	176	4.67395
158	178	5.27491
158	179	5.22768
158	183	5.99216
158	186	6.7587
158	187	8.28383
158	189	6.89344
158	193	7.33763
158	194	7.44039
158	196	7.5039
159	3	3.43675
159	49	3.39828
159	52	3.25608
159	85	3.90919
159	88	4.00591
159	93	4.15348
159	99	4.37774
159	109	3.95299
159	112	4.15031
159	122	4.68569
159	124	4.45831
159	126	3.19276
159	135	5.31717
159	140	5.18419
159	145	1.24188
159	148	5.40507
159	165	5.93477
159	174	6.76679
159	179	6.07509
159	196	6.54169
160	38	3.46901
160	72	1.67374
160	73	3.19357
160	96	3.59689
160	101	0.000453723
160	124	0.818199
160	125	3.27817
160	127	3.52823
160	141	4.26192
160	144	4.58519
160	148	4.0832
160	152	4.91043
160	162	5.16482
160	167	5.5278
160	170	5.39442
160	177	6.44259
160	181	7.09682
160	186	7.93636
160	194	6.14009
160	200	8.37675
161	20	0.0584873
161	33	0.430386
161	60	0.229628
161	73	0.000107658
161	75	0.306012
161	117	1.71114
161	131	2.9909
161	139	3.68561
161	146	3.22441
161	163	4.60096
161	171	5.29614
161	173	5.54974
161	176	4.85622
161	178	6.79691
161	179	6.65553
161	185	8.58253
161	187	8.29029
161	195	8.77522
161	197	8.54268
161	198	8.87845
162	12	5.24308
162	31	2.78061
162	36	2.51668
162	56	3.14184
162	70	3.16005
162	72	2.27972
162	80	3.66445
162	103	3.3548
162	120	4.72628
162	125	3.88414
162	127	4.1342
162	138	4.48569
162	141	4.86789
162	148	4.68917
162	160	5.16482
162	167	6.13378
162	169	3.47656
162	170	6.00039
162	177	7.04856
162	181	7.7028
162	190	7.77463
163	6	0.986001
163	17	2.98209
163	28	4.73954
163	33	0.703975
163	87	4.70677
163	108	1.4183
163	110	2.66908
163	115	1.56747
163	116	2.83103
163	130	3.05121
163	146	3.498
163	161	4.60096
163	164	4.90618
163	171	5.56973
163	173	5.82332
163	177	4.85593
163	185	8.85612
163	187	8.56388
163	194	5.71125
163	195	9.0488
163	198	9.15204
164	40	0.320015
164	60	0.534853
164	67	0.551687
164	108	1.44994
164	111	2.44574
164	115	1.59911
164	139	3.99083
164	150	3.76711
164	154	4.36179
164	163	4.90618
164	171	5.60136
164	173	5.85496
164	179	4.36166
164	180	4.67002
164	182	3.91116
164	185	8.88775
164	187	8.59551
164	189	5.92564
164	195	9.08044
164	197	6.24881
164	198	9.18368
165	3	3.57366
165	24	4.06033
165	49	3.53519
165	52	3.39299
165	79	3.78232
165	80	2.20836
165	85	4.0461
165	88	4.14282
165	93	4.2904
165	104	0.817088
165	109	4.0899
165	112	4.28722
165	122	4.8226
165	124	4.59522
165	133	4.53959
165	135	5.45408
165	140	5.32111
165	159	5.93477
165	174	6.9037
165	182	5.18673
165	199	9.56892
165	200	8.65387
166	3	4.52534
166	67	2.15802
166	119	0.00477055
166	125	3.49826
166	129	5.67458
166	136	0.000579269
166	142	0.00403883
166	153	0.004242
166	155	0.278675
166	157	0.907665
166	172	8.66506
166	174	6.42194
166	180	5.11777
166	182	5.75445
166	184	6.07229
166	188	7.18714
166	190	7.14056
166	191	7.59857
166	192	7.70257
166	197	7.93759
166	199	8.17587
166	200	8.35409
167	15	4.7586
167	19	0.510226
167	24	1.00116
167	25	3.31007
167	27	2.69688
167	31	3.14359
167	32	3.1646
167	38	4.43797
167	44	2.44116
167	54	5.96509
167	72	2.6427
167	105	3.90563
167	127	4.49718
167	147	5.87124
167	148	5.05215
167	152	5.87939
167	160	5.5278
167	162	6.13378
167	170	6.36337
167	177	7.41154
167	181	8.06577
167	196	10.4116
168	2	3.36595
168	10	3.12268
168	19	3.89349
168	35	3.14476
168	39	3.61014
168	42	4.5606
168	54	3.13661
168	61	3.63416
168	86	0.000474699
168	92	4.38547
168	114	4.93132
168	132	5.24069
168	137	5.29283
168	138	5.36511
168	149	6.13616
168	151	5.92818
168	169	6.48423
168	179	5.5899
168	183	6.02434
168	189	7.15388
168	195	4.7268
168	197	7.47705
169	10	3.18462
169	35	3.2067
169	39	3.67208
169	42	4.62253
169	54	3.19854
169	61	3.6961
169	108	0.000882285
169	114	4.99326
169	126	5.35154
169	132	5.30263
169	136	3.32834
169	137	5.35477
169	138	5.42704
169	145	5.55017
169	149	6.19809
169	151	5.99011
169	162	3.47656
169	168	6.48423
169	176	3.1729
169	195	4.10911
169	199	8.9039
169	200	7.98885
170	9	1.72982
170	26	2.31588
170	32	3.03122
170	38	4.30458
170	51	3.00607
170	57	3.0385
170	72	2.50931
170	80	3.89405
170	103	3.5844
170	125	4.11374
170	127	4.36379
170	141	5.09748
170	144	5.42076
170	148	4.91877
170	160	5.39442
170	162	6.00039
170	167	6.36337
170	177	7.27816
170	181	7.93239
170	185	5.93227
170	188	6.28998
170	194	7.04694
170	196	6.73356
171	6	1.68118
171	40	0.98356
171	43	2.03632
171	74	0.884079
171	81	1.31558
171	107	1.29205
171	117	2.67991
171	131	3.95967
171	139	4.65438
171	146	4.19318
171	154	5.02534
171	161	5.29614
171	163	5.56973
171	164	5.60136
171	173	6.51851
171	182	4.21067
171	184	7.41259
171	187	9.25906
171	190	4.67175
171	192	5.8158
171	195	9.74398
171	198	9.84722
171	200	7.67782
172	21	0.0530526
172	23	0.220308
172	76	3.17665
172	78	0.0761617
172	89	1.46677
172	102	0.823947
172	109	3.42894
172	128	4.27866
172	147	2.39701
172	150	1.93122
172	166	8.66506
172	175	4.88832
172	176	5.59099
172	178	6.19195
172	179	6.14472
172	183	6.9092
172	186	7.67575
172	187	5.21133
172	189	7.81048
172	192	8.33267
172	193	8.25467
172	194	8.35743
172	196	8.42094
173	4	0.879124
173	15	0.79641
173	26	2.03178
173	40	1.23716
173	58	4.95298
173	74	1.13768
173	81	1.56917
173	110	3.61785
173	115	2.51625
173	129	4.04906
173	131	4.21326
173	146	4.44678
173	154	5.27893
173	161	5.54974
173	163	5.82332
173	164	5.85496
173	171	6.51851
173	178	6.12424
173	181	5.52637
173	184	8.73427
173	187	9.51265
173	192	7.13748
173	195	9.99758
173	198	10.1008
174	3	4.40568
174	15	4.35003
174	24	4.89235
174	34	4.72341
174	49	4.36721
174	52	4.225
174	79	4.61433
174	85	4.87812
174	88	4.97484
174	93	5.12241
174	109	4.92192
174	112	5.11923
174	119	1.79797
174	122	5.65462
174	124	5.42724
174	128	2.03554
174	139	0.808677
174	140	6.15312
174	159	6.76679
174	165	6.9037
174	166	6.42194
174	183	5.36937
174	196	5.40153
174	197	6.82209
174	199	8.86662
175	1	0.258502
175	3	1.07363
175	94	1.12663
175	99	1.12314
175	101	1.05686
175	105	3.80106
175	107	0.77289
175	118	3.44759
175	123	1.83387
175	127	5.80477
175	130	2.20785
175	133	2.16501
175	172	4.88832
175	176	6.33664
175	178	6.93759
175	179	6.89037
175	183	7.65484
175	186	8.42139
175	188	7.31803
175	189	8.55613
175	190	7.30558
175	191	8.75387
175	193	9.00032
175	194	9.10308
175	196	9.16659
176	7	0.826227
176	84	1.71964
176	94	1.8293
176	97	1.77429
176	99	1.82581
176	102	2.27226
176	123	2.53654
176	130	2.91052
176	142	5.89544
176	149	1.18801
176	150	3.37954
176	153	5.88486
176	156	4.32635
176	158	4.67395
176	161	4.85622
176	169	3.1729
176	172	5.59099
176	175	6.33664
176	179	7.59304
176	183	8.35751
176	186	9.12406
176	187	5.49368
176	188	7.48342
176	189	9.2588
176	193	9.70299
176	194	9.80575
176	196	9.86926
176	200	10.477
177	13	3.7254
177	25	4.22486
177	27	3.61166
177	31	4.05838
177	32	4.07939
177	36	3.79444
177	51	4.05424
177	53	3.48611
177	59	3.28241
177	72	3.55748
177	73	5.07731
177	89	4.42073
177	101	3.48609
177	103	4.63257
177	105	4.82042
177	109	5.43527
177	125	5.16191
177	127	5.41197
177	141	6.14566
177	144	6.46893
177	148	5.96694
177	152	6.79417
177	160	6.44259
177	162	7.04856
177	163	4.85593
177	167	7.41154
177	170	7.27816
177	181	8.98056
177	191	10.6432
177	194	9.96436
178	1	1.56213
178	23	2.26958
178	41	3.60953
178	50	1.57965
178	59	3.49913
178	85	3.70081
178	87	1.91289
178	96	1.91356
178	99	2.42676
178	102	2.87322
178	123	3.13749
178	126	6.51876
178	131	5.16707
178	133	3.46864
178	147	4.44628
178	150	3.98049
178	153	7.82556
178	156	4.92731
178	158	5.27491
178	161	6.79691
178	172	6.19195
178	173	6.12424
178	175	6.93759
178	179	8.194
178	183	8.95847
178	186	9.72502
178	189	9.85975
178	193	10.3039
178	194	10.4067
178	195	8.53799
178	196	10.4702
179	23	2.22236
179	26	1.51492
179	51	3.53955
179	87	1.86567
179	94	2.38303
179	96	1.86634
179	97	2.32802
179	99	2.37954
179	107	2.02929
179	128	6.36032
179	133	3.42142
179	137	4.59168
179	139	5.13346
179	147	4.39906
179	150	3.93327
179	156	4.88008
179	158	5.22768
179	159	6.07509
179	161	6.65553
179	164	4.36166
179	168	5.5899
179	172	6.14472
179	175	6.89037
179	176	7.59304
179	178	8.194
179	183	8.91125
179	184	12.0111
179	186	9.6778
179	189	9.81253
179	193	10.2567
179	194	10.3595
179	196	10.423
180	9	0.758434
180	13	1.20221
180	22	0.365795
180	40	5.87263
180	41	0.978471
180	62	0.711642
180	65	5.01211
180	68	0.459327
180	90	5.5108
180	98	2.62365
180	103	3.98837
180	110	3.18198
180	119	2.05085
180	136	3.06236
180	142	3.0435
180	147	5.49427
180	153	3.35895
180	155	3.7785
180	157	4.40749
180	164	4.67002
180	166	5.11777
180	182	9.25427
180	184	9.57211
180	187	7.60136
180	188	10.687
180	190	10.6404
180	191	11.0984
180	192	11.2024
180	194	10.3481
180	197	11.4374
180	199	11.6757
180	200	11.8539
181	1	1.97842
181	20	3.84099
181	25	4.87909
181	27	4.26589
181	31	4.71261
181	32	4.73362
181	36	4.44867
181	46	4.20848
181	51	4.70847
181	56	5.07384
181	72	4.21172
181	73	5.73154
181	80	5.59645
181	89	4.03957
181	103	5.2868
181	105	5.47465
181	125	5.81614
181	127	6.0662
181	131	4.5692
181	135	4.15314
181	141	6.79989
181	144	7.12316
181	148	6.62117
181	152	7.44841
181	156	5.62915
181	160	7.09682
181	162	7.7028
181	167	8.06577
181	170	7.93239
181	173	5.52637
181	177	8.98056
181	182	8.35272
181	183	9.23766
181	195	7.94012
182	9	1.39512
182	12	0.762779
182	14	4.47006
182	44	1.69589
182	51	3.08904
182	55	2.21809
182	58	0.990222
182	64	1.60578
182	77	1.78381
182	83	1.46735
182	116	2.05013
182	120	2.57864
182	128	2.99459
182	130	6.92915
182	142	3.68018
182	150	8.21466
182	153	3.99563
182	155	4.41518
182	157	5.04417
182	164	3.91116
182	165	5.18673
182	166	5.75445
182	171	4.21067
182	180	9.25427
182	181	8.35272
182	184	10.2088
182	185	8.47451
182	188	11.3236
182	190	11.2771
182	191	11.7351
182	192	11.8391
182	196	9.2758
182	197	12.0741
182	199	12.3124
182	200	12.4906
183	7	2.14443
183	8	3.6387
183	21	2.44877
183	63	2.29721
183	82	4.40558
183	84	3.03785
183	87	2.63014
183	89	4.23329
183	94	3.14751
183	96	2.63081
183	100	2.95048
183	101	3.07773
183	107	2.79376
183	110	3.30805
183	124	5.15224
183	130	4.22873
183	133	4.18589
183	147	5.16353
183	150	4.69774
183	156	5.64456
183	158	5.99216
183	168	6.02434
183	172	6.9092
183	174	5.36937
183	175	7.65484
183	176	8.35751
183	178	8.95847
183	179	8.91125
183	181	9.23766
183	186	10.4423
183	189	10.577
183	192	10.8488
183	193	11.0212
183	194	11.124
183	196	11.1875
183	197	11.5813
184	17	1.17643
184	19	2.5763
184	25	5.91341
184	30	5.6331
184	38	2.56665
184	43	1.20521
184	59	1.77698
184	62	1.66616
184	67	3.42242
184	76	1.67618
184	77	2.10164
184	100	2.80815
184	115	4.31265
184	116	2.36797
184	119	3.00537
184	120	2.89648
184	128	3.31243
184	136	4.01688
184	142	3.99802
184	146	6.09911
184	153	4.31347
184	155	4.73302
184	156	8.83705
184	157	5.36201
184	166	6.07229
184	171	7.41259
184	173	8.73427
184	179	12.0111
184	180	9.57211
184	182	10.2088
184	188	11.6415
184	190	11.5949
184	191	12.0529
184	192	12.1569
184	197	12.3919
184	199	12.6302
184	200	12.8084
185	5	2.1348
185	6	4.96757
185	14	3.16541
185	18	3.18567
185	20	3.17733
185	23	5.39911
185	33	4.68554
185	40	4.26995
185	46	5.03728
185	55	1.50448
185	60	4.48479
185	63	5.75089
185	65	5.63675
185	66	4.50019
185	67	4.50162
185	69	6.36041
185	74	4.17047
185	75	4.56117
185	81	4.60197
185	108	5.39987
185	110	6.65065
185	111	6.39568
185	113	6.96809
185	115	5.54904
185	117	5.9663
185	121	5.47327
185	129	7.08185
185	133	7.82737
185	148	8.25499
185	151	6.76142
185	154	8.31172
185	161	8.58253
185	163	8.85612
185	164	8.88775
185	170	5.93227
185	182	8.47451
185	187	12.5454
185	195	13.0304
185	197	10.8122
185	198	13.1336
186	7	2.91098
186	21	3.21532
186	23	3.75338
186	29	3.73379
186	32	4.31606
186	44	4.33207
186	50	3.06344
186	57	2.73974
186	73	3.3994
186	78	3.33667
186	83	5.57223
186	89	4.99984
186	92	5.23701
186	94	3.91406
186	96	3.39736
186	97	3.85904
186	101	3.84428
186	107	3.56031
186	112	7.05671
186	123	4.62129
186	130	4.99528
186	133	4.95244
186	146	5.92395
186	147	5.93008
186	150	5.46429
186	152	9.75223
186	155	9.63883
186	156	6.4111
186	158	6.7587
186	160	7.93636
186	172	7.67575
186	175	8.42139
186	176	9.12406
186	178	9.72502
186	179	9.6778
186	183	10.4423
186	188	11.859
186	189	11.3436
186	193	11.7877
186	194	11.8905
186	196	11.954
187	4	3.61968
187	13	1.83401
187	14	2.87317
187	18	2.89343
187	20	2.88509
187	22	2.87674
187	49	0.585051
187	60	4.19255
187	65	5.34451
187	66	4.20795
187	67	4.20938
187	74	3.87823
187	75	4.26893
187	81	4.30973
187	108	5.10763
187	111	6.10344
187	115	5.2568
187	117	5.67406
187	129	6.78961
187	131	6.95382
187	139	7.64853
187	146	7.18733
187	153	5.71746
187	154	8.01948
187	157	7.20385
187	158	8.28383
187	161	8.29029
187	163	8.56388
187	164	8.59551
187	171	9.25906
187	172	5.21133
187	173	9.51265
187	176	5.49368
187	180	7.60136
187	185	12.5454
187	191	8.75185
187	192	8.44762
187	193	7.59001
187	195	12.7381
187	197	9.18015
187	198	12.8414
188	5	2.02438
188	7	4.32595
188	8	1.97673
188	13	3.27159
188	28	2.00145
188	34	2.93269
188	41	3.04784
188	47	5.72714
188	58	2.42291
188	59	2.89184
188	64	3.03847
188	68	2.5287
188	77	3.2165
188	78	2.72229
188	83	2.90004
188	95	5.31452
188	100	3.923
188	119	4.12022
188	120	4.01133
188	132	6.31514
188	136	5.13173
188	142	5.11287
188	146	3.37072
188	153	5.42832
188	155	5.84787
188	157	6.47686
188	166	7.18714
188	170	6.28998
188	175	7.31803
188	176	7.48342
188	180	10.687
188	182	11.3236
188	184	11.6415
188	186	11.859
188	190	12.7098
188	191	13.1678
188	192	13.2718
188	193	9.57975
188	195	8.41963
188	197	13.5068
188	199	13.7451
188	200	13.9233
189	6	3.61041
189	21	3.35006
189	26	3.18068
189	57	2.87448
189	71	4.40622
189	78	3.4714
189	81	2.27302
189	84	3.93913
189	87	3.53142
189	88	7.78246
189	89	5.13458
189	94	4.04879
189	96	3.5321
189	97	3.99378
189	99	4.0453
189	101	3.97902
189	102	4.49175
189	107	3.69505
189	111	5.10358
189	117	5.73479
189	123	4.75603
189	130	5.13001
189	133	5.08717
189	145	5.99048
189	150	5.59903
189	156	6.54584
189	158	6.89344
189	164	5.92564
189	168	7.15388
189	172	7.81048
189	175	8.55613
189	176	9.2588
189	178	9.85975
189	179	9.81253
189	183	10.577
189	186	11.3436
189	190	10.8343
189	192	11.9783
189	193	11.9225
189	194	12.0252
189	196	12.0888
189	198	10.8717
190	17	2.24471
190	22	2.38859
190	36	3.70219
190	43	2.27348
190	44	3.082
190	58	2.37633
190	62	2.73443
190	64	2.99189
190	68	2.48212
190	76	2.74445
190	83	2.85346
190	86	3.24919
190	116	3.43624
190	119	4.07364
190	120	3.96475
190	122	4.35291
190	128	4.3807
190	134	6.13654
190	136	5.08515
190	139	5.14403
190	140	6.07565
190	142	5.06629
190	145	4.43707
190	153	5.38174
190	155	5.80129
190	157	6.43028
190	162	7.77463
190	166	7.14056
190	171	4.67175
190	175	7.30558
190	180	10.6404
190	182	11.2771
190	184	11.5949
190	188	12.7098
190	189	10.8343
190	191	13.1212
190	192	13.2252
190	193	9.5673
190	195	8.40718
190	197	13.4602
190	199	13.6985
