1	103	0.00276866
1	125	2.20024
1	134	2.09445
1	180	4.98192
1	186	2.31419
1	192	3.06666
1	196	3.90616
2	10	2.07115
2	46	1.59358
2	58	2.63377
2	152	2.96651
2	176	2.31955
2	183	3.18881
2	188	3.75181
3	44	2.36738
3	78	1.88674
3	101	1.45167
3	105	3.20101
3	137	4.17254
3	155	2.16533
3	179	3.27378
4	99	2.3611
4	112	1.56582
4	127	2.97215
4	157	2.35087
4	172	2.49153
4	184	2.65266
4	197	4.11677
5	6	2.07408
5	15	1.07401
5	53	1.02687
5	156	3.00446
5	167	3.00598
5	171	3.15321
5	185	5.19975
6	5	2.07408
6	9	1.61852
6	138	1.73652
6	168	2.3393
6	171	2.74188
6	172	3.56518
6	188	4.44418
7	56	3.32285
7	75	1.07639
7	121	1.46348
7	142	2.46477
7	152	2.74627
7	158	3.39145
7	179	4.04932
8	25	1.59164
8	66	1.79949
8	73	1.66257
8	81	2.33217
8	131	3.46602
8	177	2.51091
8	199	5.17079
9	6	1.61852
9	51	2.77388
9	66	1.71561
9	81	2.2483
9	99	1.91415
9	131	3.38215
9	177	4.87324
10	2	2.07115
10	122	0.876554
10	159	1.28648
10	183	1.73268
10	195	4.00803
10	197	4.1675
10	198	4.38896
11	57	1.7222
11	107	0.947432
11	156	2.22827
11	160	2.33993
11	170	2.36028
11	188	3.72451
11	197	5.20233
12	111	1.9948
12	175	0.00170098
12	179	2.45027
12	185	2.82246
12	195	3.03876
12	197	4.8149
12	198	3.41969
13	132	2.51883
13	148	3.22292
13	161	3.51799
13	180	2.22136
13	181	1.85823
13	185	2.85014
13	194	2.33972
14	97	2.00898
14	106	0.737095
14	133	1.68359
14	151	2.945
14	167	4.30626
14	179	3.02992
14	189	3.80683
15	5	1.07401
15	127	3.31456
15	131	1.95473
15	132	2.51883
15	139	2.90342
15	148	3.22292
15	161	3.51799
16	127	1.05021
16	138	1.39089
16	163	2.01812
16	171	1.76981
16	178	2.81669
16	194	5.05236
16	198	4.41795
17	64	2.30207
17	69	1.0068
17	100	2.47641
17	163	2.83593
17	164	2.24802
17	166	3.42651
17	196	4.17371
18	122	1.48125
18	171	2.64334
18	181	3.13789
18	182	3.47883
18	189	1.91609
18	191	1.96116
18	198	3.90812
19	93	0.318421
19	130	2.34912
19	153	2.41593
19	163	2.63032
19	171	2.58612
19	183	3.72542
19	190	4.48331
20	44	2.04024
20	147	1.50818
20	169	0.856425
20	186	2.14177
20	190	2.55699
20	196	3.73374
20	198	5.71558
21	90	0.736702
21	116	3.25576
21	124	2.86751
21	157	3.12966
21	167	1.89713
21	182	2.87985
21	188	3.74667
22	36	2.20915
22	40	1.8661
22	129	1.60537
22	135	2.31115
22	169	3.1275
22	185	3.23645
22	199	4.19678
23	25	1.69525
23	53	1.34824
23	111	0.00052687
23	185	6.2561
23	190	2.59112
23	192	2.92838
23	196	3.76788
24	122	2.34121
24	133	0.714085
24	141	0.0733284
24	163	2.3867
24	173	3.47082
24	192	3.32636
24	199	6.21671
25	8	1.59164
25	23	1.69525
25	102	1.18435
25	150	2.13136
25	164	3.41552
25	179	3.71332
25	192	4.78701
26	109	1.55279
26	149	3.08866
26	150	2.94624
26	152	3.22516
26	153	1.79389
26	156	2.74825
26	163	3.16488
27	100	0.883105
27	129	2.69271
27	130	1.65807
27	142	3.83792
27	145	1.65302
27	166	2.36422
27	179	5.42247
28	74	1.91762
28	167	1.58788
28	176	2.00515
28	180	3.01172
28	181	2.22967
28	188	3.43741
28	200	4.33659
29	69	0.530382
29	108	2.56321
29	171	2.3544
29	181	2.84896
29	185	2.87922
29	188	4.05671
29	199	3.30884
30	88	2.39257
30	128	0.645175
30	131	3.17695
30	148	3.68844
30	163	2.24289
30	182	3.03418
30	183	3.33799
31	35	2.00008
31	70	2.1617
31	182	5.08371
31	186	1.63396
31	190	2.04917
31	192	2.38643
31	196	3.22593
32	57	1.4362
32	139	0.00116258
32	169	1.45512
32	187	3.49522
32	192	3.49293
32	195	4.35482
32	196	4.33243
33	97	1.73319
33	120	3.16661
33	147	0.554075
33	159	2.03096
33	175	4.35956
33	184	2.60566
33	197	4.06977
34	67	0.00118955
34	139	2.66943
34	160	2.59225
34	165	0.852977
34	187	3.37117
34	189	3.13662
34	193	3.95951
34	197	6.04401
35	31	2.00008
35	162	0.747108
35	177	2.57592
35	181	2.07015
35	187	3.70333
35	193	4.29167
35	199	3.49168
35	200	3.75815
36	22	2.20915
36	75	1.35021
36	77	0.666005
36	86	1.53625
36	148	4.06611
36	161	4.36118
36	193	4.18929
36	195	4.25217
37	73	2.12631
37	81	2.79592
37	93	1.41177
37	99	2.46177
37	103	1.70214
37	131	3.92976
37	146	2.47827
37	195	5.69979
38	49	2.21337
38	88	1.99792
38	95	3.56356
38	99	3.53108
38	165	0.852552
38	187	3.37074
38	189	3.1362
38	193	3.95909
39	68	0.509371
39	119	1.9498
39	120	2.70621
39	132	1.7327
39	150	2.64599
39	164	3.93015
39	179	4.22795
39	192	4.91893
40	22	1.8661
40	55	3.86754
40	70	2.9937
40	74	2.55536
40	132	1.18731
40	159	2.54838
40	164	2.84597
40	193	4.72939
41	77	0.718847
41	137	2.95557
41	141	1.33676
41	143	3.41101
41	149	3.00246
41	155	2.17257
41	157	4.22823
41	180	4.80001
42	134	1.34777
42	161	1.74122
42	181	3.87211
42	185	2.35664
42	194	4.3536
42	195	2.57294
42	199	3.31697
42	200	3.09103
43	126	2.0383
43	130	0.000665511
43	145	1.8994
43	165	1.64254
43	169	2.39264
43	186	3.67798
43	196	5.26996
43	198	5.74208
44	3	2.36738
44	20	2.04024
44	80	1.43243
44	127	0.366076
44	156	1.49741
44	175	2.4733
44	197	5.46937
44	199	6.96993
45	149	2.149
45	152	2.2855
45	161	0.94507
45	164	3.29075
45	173	3.37333
45	179	3.58854
45	188	3.36883
45	196	3.627
46	2	1.59358
46	80	2.14593
46	86	1.52218
46	109	2.09643
46	126	2.88341
46	132	3.34795
46	161	4.34711
46	187	4.68613
47	110	2.11944
47	120	2.09305
47	136	2.44082
47	137	2.38151
47	143	2.83695
47	157	3.65417
47	174	3.27821
47	191	3.81898
48	75	1.20664
48	109	1.96693
48	148	3.92253
48	161	4.2176
48	167	1.49608
48	179	2.2088
48	191	3.03077
48	197	4.57343
49	38	2.21337
49	85	1.21258
49	146	0.0010852
49	149	3.08521
49	173	4.817
49	190	3.27796
49	192	3.61522
49	196	4.45472
50	86	0.401163
50	116	2.9794
50	117	0.0644844
50	142	4.06186
50	168	3.85858
50	185	3.2376
50	198	3.83483
50	199	4.19793
51	9	2.77388
51	78	2.29779
51	85	1.05005
51	126	1.54275
51	131	1.75084
51	159	3.49329
51	189	4.48637
51	194	5.2288
52	54	0.0670604
52	124	0.876834
52	180	3.87804
52	184	2.87389
52	189	3.13597
52	190	3.42456
52	194	4.0347
52	197	4.33799
53	5	1.02687
53	23	1.34824
53	63	0.254705
53	107	1.80287
53	110	2.25367
53	182	4.58257
53	188	5.44939
53	198	5.90017
54	52	0.0670604
54	89	1.39099
54	91	2.36044
54	143	2.6832
54	172	2.76678
54	177	4.87286
54	194	4.08872
54	197	4.39202
55	40	3.86754
55	72	0.616106
55	123	0.985549
55	159	1.86346
55	169	1.92669
55	173	3.83307
55	192	3.68861
55	198	5.83511
56	7	3.32285
56	59	0.702266
56	76	0.950987
56	147	2.07895
56	162	3.7115
56	170	3.58283
56	173	2.99199
56	194	5.29135
57	11	1.7222
57	32	1.4362
57	71	2.12951
57	127	4.1014
57	130	3.63151
57	135	2.99382
57	144	3.04202
57	158	3.55306
58	2	2.63377
58	158	2.06404
58	175	2.59933
58	177	1.89609
58	187	3.0235
58	189	2.78895
58	193	3.61184
58	196	4.01723
59	56	0.702266
59	67	1.30484
59	114	0.671178
59	122	2.79908
59	133	1.17195
59	188	4.54398
59	193	4.75988
59	199	6.67458
60	106	0.340012
60	122	2.9749
60	155	1.01052
60	162	1.64354
60	163	3.00194
60	177	3.47236
60	193	5.18811
60	197	4.99747
61	118	0.651204
61	125	1.41801
61	150	2.3432
61	164	3.62737
61	179	3.92516
61	185	3.50983
61	193	3.02668
61	198	4.131
62	138	0.987836
62	168	0.494313
62	180	3.32439
62	186	2.94612
62	190	3.36134
62	191	2.62739
62	196	4.53809
62	199	4.38279
63	53	0.254705
63	132	1.33577
63	142	3.20171
63	163	2.42525
63	182	3.21654
63	183	3.52035
63	187	4.08111
63	188	4.08335
63	193	4.87785
64	17	2.30207
64	150	1.59739
64	154	0.354613
64	174	3.17189
64	185	3.22916
64	192	4.19945
64	194	4.52803
64	195	3.44546
64	199	4.18948
65	74	1.75483
65	101	0.00448785
65	126	1.84609
65	144	1.44757
65	184	4.37132
65	185	3.47771
65	197	5.83542
65	198	4.09888
65	200	4.1738
66	8	1.79949
66	9	1.71561
66	73	2.61533
66	99	2.95079
66	131	4.41878
66	142	1.99417
66	185	4.15346
66	194	3.64303
66	196	3.71258
67	34	0.00118955
67	59	1.30484
67	112	0.557385
67	124	2.61869
67	137	2.71165
67	177	3.3692
67	187	4.49661
67	193	5.08495
67	198	6.86985
68	39	0.509371
68	117	2.76857
68	125	1.83794
68	142	2.76054
68	144	3.23406
68	154	3.03347
68	164	4.04729
68	170	4.46994
68	179	4.34509
69	17	1.0068
69	29	0.530382
69	79	1.90367
69	114	0.000384874
69	130	4.62157
69	180	2.17307
69	182	6.43009
69	199	5.28454
69	200	5.0586
70	31	2.1617
70	40	2.9937
70	100	0.000838825
70	117	1.19093
70	129	1.73386
70	178	4.26989
70	185	4.36405
70	194	5.34649
70	198	4.96128
71	57	2.12951
71	123	0.925314
71	129	1.34535
71	156	0.665458
71	157	2.10057
71	162	3.53381
71	190	4.38614
71	198	5.77488
71	199	6.13798
72	55	0.616106
72	105	1.93297
72	164	3.51057
72	166	0.00214325
72	167	3.01665
72	185	3.73742
72	192	5.03813
72	199	4.69775
72	200	4.47181
73	8	1.66257
73	37	2.12631
73	66	2.61533
73	99	2.81387
73	108	2.65418
73	131	4.28187
73	172	3.62221
73	174	2.89233
73	195	4.33861
74	28	1.91762
74	40	2.55536
74	65	1.75483
74	78	4.90455
74	113	0.00137003
74	137	4.92695
74	170	1.41123
74	199	4.88604
74	200	4.6601
75	7	1.07639
75	36	1.35021
75	48	1.20664
75	109	2.24555
75	148	4.20116
75	152	2.62981
75	161	4.49623
75	178	3.89071
75	199	5.90735
76	56	0.950987
76	85	1.78429
76	91	2.42997
76	93	0.199806
76	139	1.75039
76	182	3.50017
76	184	4.80222
76	194	5.96304
76	200	5.60419
77	36	0.666005
77	41	0.718847
77	109	2.78968
77	136	2.80768
77	137	2.74837
77	143	3.20382
77	157	4.02103
77	181	5.18851
77	191	4.85464
78	3	1.88674
78	51	2.29779
78	74	4.90455
78	98	2.92788
78	105	1.72777
78	136	2.7586
78	143	3.15474
78	155	3.37121
78	157	3.97195
79	69	1.90367
79	88	1.09398
79	121	1.44894
79	156	2.05723
79	174	3.43221
79	178	3.77174
79	184	4.84661
79	193	3.76937
79	199	4.68213
80	44	1.43243
80	46	2.14593
80	144	3.06763
80	149	3.94046
80	155	0.724421
80	165	1.79548
80	172	5.23011
80	187	4.31367
80	189	4.07912
80	193	4.90201
81	8	2.33217
81	9	2.2483
81	37	2.79592
81	99	3.48348
81	117	2.95407
81	128	1.29484
81	131	4.95147
81	135	3.30144
81	139	3.561
81	171	4.69175
82	100	0.231305
82	109	2.44341
82	119	2.02603
82	160	2.59927
82	170	2.75097
82	177	3.60389
82	180	3.11431
82	188	5.13511
82	191	3.84208
82	198	5.86268
83	105	2.02752
83	125	1.01396
83	136	3.05836
83	137	2.99905
83	143	3.45449
83	157	4.27171
83	169	1.82349
83	193	3.94128
83	194	3.914
83	200	5.12051
84	104	1.94056
84	106	0.0957929
84	120	0.0560038
84	141	1.53173
84	174	3.7572
84	178	4.03673
84	185	4.95503
84	190	4.54149
84	195	5.17133
84	198	5.55225
85	49	1.21258
85	51	1.05005
85	76	1.78429
85	92	2.86976
85	138	2.46318
85	149	3.46157
85	159	4.38914
85	166	3.3776
85	181	4.89599
85	194	6.12465
86	36	1.53625
86	46	1.52218
86	50	0.401163
86	132	3.68311
86	148	4.38719
86	161	4.68227
86	172	3.2302
86	173	3.67234
86	184	3.45248
86	200	5.06297
87	90	1.1652
87	131	1.64657
87	149	3.32663
87	168	0.655922
87	172	4.61628
87	186	3.10773
87	188	5.05391
87	190	3.52295
87	192	3.8602
87	196	4.6997
88	30	2.39257
88	38	1.99792
88	79	1.09398
88	94	1.98566
88	122	2.39218
88	153	1.51439
88	191	3.88398
88	193	4.81295
88	197	5.51296
88	200	6.04175
89	54	1.39099
89	110	0.00269759
89	141	1.0152
89	170	2.41145
89	172	3.33804
89	187	4.81504
89	188	3.77568
89	189	4.58049
89	193	5.40338
89	199	4.90433
90	21	0.736702
90	87	1.1652
90	95	2.27397
90	97	2.12126
90	140	1.23224
90	151	3.05728
90	176	4.83581
90	181	5.06033
90	193	5.11595
90	199	6.02871
91	54	2.36044
91	76	2.42997
91	113	0.222025
91	154	1.98077
91	168	3.0816
91	170	2.34083
91	186	3.57326
91	190	4.3619
91	198	5.45254
91	199	5.81564
92	85	2.86976
92	105	3.22456
92	109	3.77797
92	115	2.00304
92	116	3.92698
92	154	2.34406
92	166	1.13455
92	175	1.68231
92	185	5.21861
92	195	5.43491
93	19	0.318421
93	37	1.41177
93	76	0.199806
93	122	3.67287
93	176	3.31767
93	181	3.54219
93	182	3.88313
93	185	5.47857
93	188	4.74994
93	195	5.05829
94	88	1.98566
94	153	1.32251
94	161	1.9528
94	162	3.14101
94	167	2.21512
94	180	2.96433
94	186	3.20471
94	191	3.6921
94	197	5.29248
94	200	5.84987
95	38	3.56356
95	90	2.27397
95	104	3.17854
95	138	0.669121
95	143	2.4418
95	166	4.35143
95	172	3.00866
95	184	3.16979
95	194	4.3306
95	197	4.63389
96	130	0.000600767
96	139	0.000795841
96	151	2.90218
96	153	2.57415
96	159	3.05965
96	162	3.7892
96	186	3.8825
96	190	4.29772
96	192	4.63498
96	196	5.47448
96	197	5.94068
97	14	2.00898
97	33	1.73319
97	90	2.12126
97	104	2.01853
97	151	1.92043
97	176	3.69895
97	181	3.92347
97	183	4.56821
97	184	4.78732
97	187	4.42184
97	195	5.28144
98	78	2.92788
98	106	0.00263429
98	110	3.46198
98	126	3.40471
98	154	1.0433
98	155	3.2311
98	185	3.91785
98	187	5.20743
98	195	4.13415
98	198	4.51507
98	200	4.65223
99	4	2.3611
99	9	1.91415
99	37	2.46177
99	38	3.53108
99	66	2.95079
99	73	2.81387
99	81	3.48348
99	107	3.35313
99	122	5.02355
99	131	4.61732
99	167	3.96876
100	17	2.47641
100	27	0.883105
100	70	0.000838825
100	82	0.231305
100	116	2.95371
100	150	2.75438
100	162	4.26085
100	171	4.16848
100	191	4.76466
100	195	6.40434
100	196	5.75457
100	200	6.92242
101	3	1.45167
101	65	0.00448785
101	112	0.804417
101	162	1.78742
101	173	5.52244
101	175	4.35821
101	177	3.61624
101	179	4.06923
101	187	4.74364
101	189	4.5091
101	192	5.37798
101	193	5.33199
102	25	1.18435
102	120	0.0143355
102	134	2.22895
102	158	3.35113
102	171	3.71823
102	175	1.01915
102	182	4.33726
102	185	4.55545
102	195	4.77174
102	197	5.96207
102	198	5.15267
102	200	5.28983
103	1	0.00276866
103	37	1.70214
103	107	0.00235687
103	138	2.8036
103	140	1.40208
103	158	3.37487
103	173	5.07439
103	186	4.51468
103	190	4.9299
103	192	5.26715
103	196	6.10665
103	200	6.46502
104	84	1.94056
104	95	3.17854
104	97	2.01853
104	111	0.00049486
104	137	2.96664
104	168	1.90768
104	169	3.07415
104	182	5.09574
104	184	5.58926
104	190	4.77471
104	192	5.11196
104	196	5.95146
105	3	3.20101
105	72	1.93297
105	78	1.72777
105	83	2.02752
105	92	3.22456
105	133	2.74861
105	136	4.07288
105	143	4.46901
105	144	2.94354
105	157	5.28623
105	170	4.17943
105	193	5.75955
106	14	0.737095
106	60	0.340012
106	84	0.0957929
106	98	0.00263429
106	156	1.85076
106	178	4.15924
106	181	4.75436
106	184	4.83187
106	191	4.93957
106	195	6.57926
106	197	5.96315
106	199	7.32328
107	11	0.947432
107	53	1.80287
107	99	3.35313
107	103	0.00235687
107	130	0.000291196
107	170	4.64747
107	172	5.57406
107	183	4.49279
107	186	4.5186
107	190	4.93382
107	192	5.27108
107	196	6.11058
108	29	2.56321
108	73	2.65418
108	113	3.32651
108	118	2.85623
108	124	4.45216
108	147	2.13945
108	153	4.9325
108	160	2.79274
108	172	4.0299
108	173	3.05249
108	178	3.11617
108	197	5.65514
109	26	1.55279
109	46	2.09643
109	48	1.96693
109	75	2.24555
109	77	2.78968
109	82	2.44341
109	92	3.77797
109	132	4.25736
109	148	4.96144
109	161	5.25652
109	172	5.65943
109	177	4.56584
110	47	2.11944
110	53	2.25367
110	89	0.00269759
110	98	3.46198
110	114	3.29834
110	123	3.1918
110	141	1.27255
110	173	6.46699
110	177	3.94498
110	187	5.07239
110	189	4.83784
110	193	5.66073
111	12	1.9948
111	23	0.00052687
111	104	0.00049486
111	146	0.487839
111	147	3.9974
111	149	5.1573
111	153	4.43398
111	164	5.21707
111	169	3.42666
111	190	5.12722
111	192	5.46448
111	196	6.30398
112	4	1.56582
112	67	0.557385
112	101	0.804417
112	119	1.17305
112	155	3.18316
112	160	2.79909
112	162	3.81618
112	175	4.17519
112	184	5.11957
112	186	4.16307
112	189	6.53786
112	193	7.36075
112	195	5.61369
113	74	0.00137003
113	91	0.222025
113	108	3.32651
113	145	1.77183
113	151	2.60959
113	152	2.58329
113	168	3.06865
113	169	2.83028
113	182	4.02328
113	185	6.5889
113	196	4.99034
113	199	7.54922
113	200	7.32328
114	59	0.671178
114	69	0.000384874
114	110	3.29834
114	124	0.000548255
114	138	3.35833
114	154	3.30457
114	161	3.20086
114	162	4.38907
114	164	3.9571
114	185	6.17911
114	190	5.2414
114	195	6.39541
114	200	6.9135
115	92	2.00304
115	125	2.63406
115	142	3.55666
115	149	3.70167
115	150	3.55925
115	164	4.84342
115	166	2.51088
115	167	2.1607
115	168	2.65862
115	179	5.14121
115	188	4.32214
115	193	4.53804
115	197	5.23805
116	21	3.25576
116	50	2.9794
116	92	3.92698
116	100	2.95371
116	139	0.685284
116	146	0.505808
116	156	4.74983
116	168	2.27816
116	169	3.44463
116	186	4.72997
116	189	5.57426
116	192	5.48245
116	196	6.32195
117	50	0.0644844
117	68	2.76857
117	70	1.19093
117	81	2.95407
117	121	2.10018
117	126	3.33961
117	133	3.50677
117	175	4.51277
117	176	3.23121
117	178	4.83518
117	180	5.89792
117	183	4.20426
117	195	8.26537
118	61	0.651204
118	108	2.85623
118	119	0.000113649
118	152	2.11302
118	165	2.82853
118	177	4.21932
118	184	4.04654
118	187	5.34672
118	188	4.2619
118	189	5.11218
118	192	4.12194
118	193	5.93507
118	199	5.39056
119	39	1.9498
119	82	2.02603
119	112	1.17305
119	118	0.000113649
119	161	3.25593
119	165	2.59408
119	175	4.51996
119	177	3.98487
119	180	5.74995
119	187	5.11227
119	189	4.87773
119	193	5.70062
119	196	5.93786
120	33	3.16661
120	39	2.70621
120	47	2.09305
120	84	0.0560038
120	102	0.0143355
120	127	0.679641
120	137	3.59811
120	170	3.80868
120	181	6.14323
120	182	5.72721
120	191	4.89978
120	198	6.92039
120	200	7.05755
121	7	1.46348
121	79	1.44894
121	117	2.10018
121	149	3.4385
121	157	2.49699
121	158	2.1714
121	160	3.18581
121	172	4.42297
121	174	3.1697
121	183	3.64687
121	194	5.74491
121	197	6.04821
121	198	6.486
121	200	6.56091
122	10	0.876554
122	18	1.48125
122	24	2.34121
122	59	2.79908
122	60	2.9749
122	88	2.39218
122	93	3.67287
122	99	5.02355
122	141	4.28913
122	143	3.96123
122	148	4.78627
122	153	4.51404
122	166	4.22295
122	200	9.0414
123	55	0.985549
123	71	0.925314
123	110	3.1918
123	133	2.42755
123	144	2.91797
123	145	2.15279
123	151	3.39551
123	159	3.55298
123	164	3.85057
123	180	4.8187
123	186	4.34623
123	187	4.93725
123	195	7.18615
123	200	7.70424
124	21	2.86751
124	52	0.876834
124	67	2.61869
124	108	4.45216
124	114	0.000548255
124	170	2.48574
124	180	2.84907
124	181	5.56495
124	183	4.33892
124	190	5.47461
124	191	3.57684
124	198	5.59745
124	199	5.96055
124	200	5.73461
125	1	2.20024
125	61	1.41801
125	68	1.83794
125	83	1.01396
125	115	2.63406
125	142	3.97196
125	149	4.11697
125	152	4.25347
125	157	3.40856
125	159	4.11224
125	164	5.25872
125	179	5.55651
125	183	4.55844
125	195	6.35612
125	198	7.39757
126	43	2.0383
126	46	2.88341
126	51	1.54275
126	65	1.84609
126	98	3.40471
126	117	3.33961
126	135	2.48461
126	144	2.5328
126	152	4.25634
126	163	5.3256
126	172	5.29541
126	174	4.04214
126	178	4.38168
126	197	6.92065
126	200	7.80035
127	4	2.97215
127	15	3.31456
127	16	1.05021
127	44	0.366076
127	57	4.1014
127	120	0.679641
127	153	1.78569
127	162	5.5057
127	180	3.42751
127	182	6.03237
127	189	6.06944
127	191	4.15528
127	195	5.79496
127	199	6.53899
127	200	6.31305
128	30	0.645175
128	81	1.29484
128	135	1.34572
128	151	2.81142
128	163	4.36411
128	172	3.62631
128	173	4.06845
128	174	2.89643
128	176	4.58995
128	182	5.1554
128	183	5.45921
128	188	6.02221
128	197	4.97986
128	198	5.38417
128	200	5.45908
129	22	1.60537
129	27	2.69271
129	70	1.73386
129	71	1.34535
129	140	1.95831
129	158	2.57721
129	159	4.41521
129	165	2.58544
129	174	3.57551
129	178	3.91504
129	194	6.15072
129	195	5.64353
129	197	6.45402
129	198	6.68498
129	200	6.75989
130	19	2.34912
130	27	1.65807
130	43	0.000665511
130	57	3.63151
130	69	4.62157
130	96	0.000600767
130	107	0.000291196
130	148	3.37551
130	168	3.30356
130	184	6.05601
130	186	5.75537
130	190	6.17059
130	192	6.50784
130	196	7.34735
130	199	7.40002
131	8	3.46602
131	9	3.38215
131	15	1.95473
131	30	3.17695
131	37	3.92976
131	51	1.75084
131	66	4.41878
131	73	4.28187
131	81	4.95147
131	87	1.64657
131	99	4.61732
131	173	5.38593
131	174	4.21391
131	175	4.2217
131	198	6.70165
132	13	2.51883
132	15	2.51883
132	39	1.7327
132	40	1.18731
132	46	3.34795
132	63	1.33577
132	86	3.68311
132	109	4.25736
132	148	6.21296
132	153	3.01198
132	161	6.50803
132	175	4.30286
132	187	4.88175
132	195	5.74136
132	200	6.85772
133	14	1.68359
133	24	0.714085
133	59	1.17195
133	105	2.74861
133	117	3.50677
133	123	2.42755
133	158	4.29871
133	170	4.1654
133	171	4.6658
133	177	4.4625
133	180	4.52874
133	184	5.77837
133	187	5.41289
133	191	5.25651
133	198	7.27711
134	1	2.09445
134	42	1.34777
134	102	2.22895
134	135	3.25333
134	156	4.47532
134	163	3.61261
134	167	3.42118
134	171	3.56841
134	175	4.81184
134	178	5.08358
134	181	4.06297
134	182	4.4039
134	183	4.70771
134	184	5.75621
134	188	5.27072
135	22	2.31115
135	57	2.99382
135	81	3.30144
135	126	2.48461
135	128	1.34572
135	134	3.25333
135	147	2.95825
135	149	4.34326
135	159	4.43514
135	172	4.84871
135	173	3.87129
135	178	3.93497
135	188	6.07054
135	191	5.4438
135	192	5.93058
135	197	6.47395
136	47	2.44082
136	77	2.80768
136	78	2.7586
136	83	3.05836
136	105	4.07288
136	137	5.04441
136	142	3.46643
136	143	5.49985
136	149	3.19939
136	157	6.31707
136	166	3.11541
136	169	3.02479
136	187	4.34583
136	190	4.54345
136	194	5.11529
136	196	5.18484
137	3	4.17254
137	41	2.95557
137	47	2.38151
137	67	2.71165
137	74	4.92695
137	77	2.74837
137	83	2.99905
137	104	2.96664
137	120	3.59811
137	136	5.04441
137	143	5.44054
137	154	3.15009
137	157	6.25776
137	160	3.41495
137	173	5.95529
137	189	5.27898
138	6	1.73652
138	16	1.39089
138	62	0.987836
138	85	2.46318
138	95	0.669121
138	103	2.8036
138	114	3.35833
138	162	5.28692
138	171	5.19456
138	173	4.34256
138	174	4.06671
138	184	5.48111
138	189	5.85067
138	194	6.64192
138	196	6.78065
138	197	6.94522
139	15	2.90342
139	32	0.00116258
139	34	2.66943
139	76	1.75039
139	81	3.561
139	96	0.000795841
139	116	0.685284
139	156	4.83387
139	168	4.09537
139	169	5.26183
139	176	3.83815
139	183	4.8112
139	186	6.54717
139	192	7.29965
139	196	8.13915
139	198	7.65033
140	90	1.23224
140	103	1.40208
140	129	1.95831
140	142	3.66072
140	146	2.17821
140	159	4.37548
140	160	3.55188
140	163	4.04134
140	173	3.81163
140	178	3.87531
140	184	4.95018
140	185	5.82
140	186	3.9491
140	194	6.11099
140	197	6.41428
140	199	6.24962
140	200	6.51609
141	24	0.0733284
141	41	1.33676
141	84	1.53173
141	89	1.0152
141	110	1.27255
141	122	4.28913
141	155	3.32254
141	162	3.95557
141	165	4.39359
141	174	4.22827
141	187	6.91179
141	189	6.67724
141	191	4.76904
141	193	7.50013
141	194	5.5844
141	198	6.716
141	199	6.52444
142	7	2.46477
142	27	3.83792
142	50	4.06186
142	63	3.20171
142	66	1.99417
142	68	2.76054
142	115	3.55666
142	125	3.97196
142	136	3.46643
142	140	3.66072
142	145	4.80607
142	147	4.44135
142	149	5.03958
142	150	4.89716
142	152	5.17607
142	159	5.36342
142	179	6.47912
142	192	7.18857
143	41	3.41101
143	47	2.83695
143	54	2.6832
143	77	3.20382
143	78	3.15474
143	83	3.45449
143	95	2.4418
143	105	4.46901
143	122	3.96123
143	136	5.49985
143	137	5.44054
143	157	6.7132
143	164	3.40036
143	172	4.63024
143	188	5.06788
143	190	4.68466
143	192	4.92792
143	198	6.3881
144	57	3.04202
144	65	1.44757
144	68	3.23406
144	80	3.06763
144	105	2.94354
144	123	2.91797
144	126	2.5328
144	159	4.48333
144	161	3.7649
144	168	4.52514
144	172	4.8969
144	176	3.6967
144	178	3.98317
144	184	5.05803
144	194	6.21884
144	196	6.44683
144	197	6.52214
144	200	7.58379
145	27	1.65302
145	43	1.8994
145	113	1.77183
145	123	2.15279
145	142	4.80607
145	150	3.52429
145	151	4.14374
145	156	1.89293
145	157	3.59752
145	169	4.36443
145	176	3.77435
145	179	4.8176
145	180	4.25397
145	189	5.5945
145	195	6.62142
145	198	7.00235
145	199	7.36545
145	200	7.13951
146	37	2.47827
146	49	0.0010852
146	111	0.487839
146	116	0.505808
146	140	2.17821
146	148	2.95017
146	166	4.03477
146	168	3.91589
146	169	5.08236
146	170	4.4818
146	171	4.5181
146	179	4.39731
146	180	5.91629
146	186	6.3677
146	190	6.78292
146	192	7.12017
146	196	7.95967
146	200	7.24116
147	20	1.50818
147	33	0.554075
147	56	2.07895
147	108	2.13945
147	111	3.9974
147	135	2.95825
147	142	4.44135
147	152	3.75271
147	159	5.35549
147	160	4.5319
147	166	4.09033
147	173	4.79164
147	174	4.51579
147	183	4.38268
147	192	5.76163
147	194	7.091
147	195	6.18036
147	197	7.3943
147	200	7.29672
148	13	3.22292
148	15	3.22292
148	30	3.68844
148	36	4.06611
148	48	3.92253
148	75	4.20116
148	86	4.38719
148	109	4.96144
148	122	4.78627
148	130	3.37551
148	132	6.21296
148	146	2.95017
148	154	3.09222
148	161	7.21212
148	162	4.65737
148	163	4.81331
148	169	3.99104
148	183	4.37401
148	184	5.67756
149	26	3.08866
149	41	3.00246
149	45	2.149
149	49	3.08521
149	80	3.94046
149	85	3.46157
149	87	3.32663
149	111	5.1573
149	115	3.70167
149	121	3.4385
149	125	4.11697
149	135	4.34326
149	136	3.19939
149	142	5.03958
149	150	5.04216
149	152	5.32108
149	164	6.32633
149	179	6.62413
149	200	8.45662
150	25	2.13136
150	26	2.94624
150	39	2.64599
150	61	2.3432
150	64	1.59739
150	100	2.75438
150	115	3.55925
150	142	4.89716
150	145	3.52429
150	149	5.04216
150	152	5.17866
150	164	6.18391
150	170	4.68253
150	178	5.15877
150	179	6.48171
150	180	6.11701
150	185	6.74579
150	187	5.46592
150	189	5.37494
151	14	2.945
151	90	3.05728
151	96	2.90218
151	97	1.92043
151	113	2.60959
151	123	3.39551
151	128	2.81142
151	145	4.14374
151	155	4.10902
151	163	4.40914
151	164	4.99868
151	176	4.63498
151	181	4.8595
151	182	5.20043
151	183	5.50424
151	188	6.06724
151	190	6.28298
151	191	6.03945
151	196	6.92437
152	2	2.96651
152	7	2.74627
152	26	3.22516
152	45	2.2855
152	75	2.62981
152	113	2.58329
152	118	2.11302
152	125	4.25347
152	126	4.25634
152	142	5.17607
152	147	3.75271
152	149	5.32108
152	150	5.17866
152	160	4.10405
152	164	6.46282
152	178	5.75191
152	179	6.76062
152	184	6.42453
152	194	6.82851
153	19	2.41593
153	26	1.79389
153	88	1.51439
153	94	1.32251
153	96	2.57415
153	108	4.9325
153	111	4.43398
153	122	4.51404
153	127	1.78569
153	132	3.01198
153	154	4.55467
153	174	5.17065
153	175	3.89292
153	179	4.88945
153	182	5.62928
153	193	6.55406
153	195	7.64551
153	198	8.02644
153	200	8.1636
154	64	0.354613
154	68	3.03347
154	91	1.98077
154	92	2.34406
154	98	1.0433
154	114	3.30457
154	137	3.15009
154	148	3.09222
154	153	4.55467
154	155	3.4309
154	158	4.29305
154	180	6.19649
154	183	4.46917
154	184	5.77272
154	188	5.98808
154	189	5.31626
154	191	6.92426
154	194	6.17669
154	198	8.94487
154	200	9.08203
155	3	2.16533
155	41	2.17257
155	60	1.01052
155	78	3.37121
155	80	0.724421
155	98	3.2311
155	112	3.18316
155	141	3.32254
155	151	4.10902
155	154	3.4309
155	162	4.16616
155	165	4.60419
155	173	6.2361
155	177	5.99497
155	187	7.12238
155	188	6.2316
155	189	6.88784
155	193	7.71072
155	194	6.42022
155	199	7.36026
156	5	3.00446
156	11	2.22827
156	26	2.74825
156	44	1.49741
156	71	0.665458
156	79	2.05723
156	106	1.85076
156	116	4.74983
156	134	4.47532
156	139	4.83387
156	145	1.89293
156	170	4.19552
156	178	6.40454
156	187	6.71169
156	191	5.28662
156	193	7.50843
156	195	6.9263
156	198	7.30722
156	199	7.67032
156	200	7.44438
157	4	2.35087
157	21	3.12966
157	41	4.22823
157	47	3.65417
157	71	2.10057
157	77	4.02103
157	78	3.97195
157	83	4.27171
157	105	5.28623
157	121	2.49699
157	125	3.40856
157	136	6.31707
157	137	6.25776
157	143	6.7132
157	145	3.59752
157	168	4.45646
157	177	4.58875
157	186	4.94812
157	195	6.39875
157	199	7.24863
158	7	3.39145
158	57	3.55306
158	58	2.06404
158	102	3.35113
158	103	3.37487
158	121	2.1714
158	129	2.57721
158	133	4.29871
158	154	4.29305
158	160	4.17078
158	165	4.31443
158	171	5.76583
158	172	5.40794
158	173	4.43053
158	174	4.15467
158	178	4.4942
158	187	6.51291
158	194	6.72988
158	196	7.35192
158	197	7.03318
159	10	1.28648
159	33	2.03096
159	40	2.54838
159	51	3.49329
159	55	1.86346
159	85	4.38914
159	96	3.05965
159	123	3.55298
159	125	4.11224
159	129	4.41521
159	135	4.43514
159	140	4.37548
159	142	5.36342
159	144	4.48333
159	147	5.35549
159	173	6.26853
159	180	6.89393
159	186	5.65181
159	192	6.68371
159	195	7.10243
159	197	8.87118
160	11	2.33993
160	34	2.59225
160	82	2.59927
160	108	2.79274
160	112	2.79909
160	121	3.18581
160	137	3.41495
160	140	3.55188
160	147	4.5319
160	152	4.10405
160	158	4.17078
160	170	4.88871
160	174	5.16908
160	177	4.72171
160	181	5.96006
160	182	5.54405
160	184	6.58348
160	190	5.86971
160	191	5.62619
160	194	7.74429
160	197	8.04759
161	13	3.51799
161	15	3.51799
161	36	4.36118
161	42	1.74122
161	45	0.94507
161	46	4.34711
161	48	4.2176
161	75	4.49623
161	86	4.68227
161	94	1.9528
161	109	5.25652
161	114	3.20086
161	119	3.25593
161	132	6.50803
161	144	3.7649
161	148	7.21212
161	185	7.06405
161	191	5.73827
161	194	6.55363
161	196	6.62318
161	197	7.28092
162	35	0.747108
162	56	3.7115
162	60	1.64354
162	71	3.53381
162	94	3.14101
162	96	3.7892
162	100	4.26085
162	101	1.78742
162	112	3.81618
162	114	4.38907
162	127	5.5057
162	138	5.28692
162	141	3.95557
162	148	4.65737
162	155	4.16616
162	165	5.23721
162	175	6.39349
162	177	6.628
162	187	7.75541
162	189	7.52086
162	191	6.92647
162	193	8.34375
163	16	2.01812
163	17	2.83593
163	19	2.63032
163	24	2.3867
163	26	3.16488
163	30	2.24289
163	60	3.00194
163	63	2.42525
163	126	5.3256
163	128	4.36411
163	134	3.61261
163	140	4.04134
163	148	4.81331
163	151	4.40914
163	167	5.7704
163	171	5.91762
163	181	6.41218
163	182	6.75312
163	183	7.05693
163	191	7.08241
163	194	7.89778
163	198	9.02938
164	17	2.24802
164	25	3.41552
164	39	3.93015
164	40	2.84597
164	45	3.29075
164	61	3.62737
164	68	4.04729
164	72	3.51057
164	111	5.21707
164	114	3.9571
164	115	4.84342
164	123	3.85057
164	125	5.25872
164	143	3.40036
164	149	6.32633
164	150	6.18391
164	151	4.99868
164	152	6.46282
164	175	5.96152
164	176	4.62929
164	179	7.76587
164	191	6.49451
164	197	8.03717
165	34	0.852977
165	38	0.852552
165	43	1.64254
165	80	1.79548
165	118	2.82853
165	119	2.59408
165	129	2.58544
165	141	4.39359
165	155	4.60419
165	158	4.31443
165	162	5.23721
165	177	7.06603
165	178	5.12146
165	180	6.07971
165	181	5.71658
165	182	5.30056
165	184	5.79409
165	185	6.70849
165	187	8.19344
165	189	7.95889
165	190	5.62623
165	193	8.78178
165	196	6.26762
166	17	3.42651
166	27	2.36422
166	72	0.00214325
166	85	3.3776
166	92	1.13455
166	95	4.35143
166	115	2.51088
166	122	4.22295
166	136	3.11541
166	146	4.03477
166	147	4.09033
166	170	4.62365
166	177	5.44629
166	180	4.98698
166	182	6.26863
166	186	5.80566
166	190	6.5943
166	191	5.71475
166	193	7.19341
166	195	7.35443
166	198	7.73536
166	199	8.09846
166	200	7.87252
167	5	3.00598
167	14	4.30626
167	21	1.89713
167	28	1.58788
167	48	1.49608
167	72	3.01665
167	94	2.21512
167	99	3.96876
167	115	2.1607
167	134	3.42118
167	163	5.7704
167	170	5.26311
167	171	5.7262
167	176	5.99624
167	178	5.73935
167	181	6.22076
167	182	6.56169
167	183	6.8655
167	186	5.45548
167	188	7.4285
167	194	6.81595
167	196	6.8855
167	199	7.75599
167	200	8.02246
168	6	2.3393
168	50	3.85858
168	62	0.494313
168	87	0.655922
168	91	3.0816
168	104	1.90768
168	113	3.06865
168	115	2.65862
168	116	2.27816
168	130	3.30356
168	139	4.09537
168	144	4.52514
168	146	3.91589
168	157	4.45646
168	169	6.85471
168	177	5.59403
168	181	6.83238
168	183	5.60634
168	186	8.14005
168	190	8.55527
168	192	8.89253
168	196	9.73203
168	199	8.25391
168	200	8.52039
169	20	0.856425
169	22	3.1275
169	32	1.45512
169	43	2.39264
169	55	1.92669
169	83	1.82349
169	104	3.07415
169	111	3.42666
169	113	2.83028
169	116	3.44463
169	136	3.02479
169	139	5.26183
169	145	4.36443
169	146	5.08236
169	148	3.99104
169	168	6.85471
169	176	4.39493
169	177	5.35566
169	190	9.72174
169	192	10.059
169	195	7.16566
169	196	10.8985
169	198	8.20711
169	199	8.01555
169	200	8.28202
170	11	2.36028
170	56	3.58283
170	68	4.46994
170	74	1.41123
170	82	2.75097
170	89	2.41145
170	91	2.34083
170	105	4.17943
170	107	4.64747
170	120	3.80868
170	124	2.48574
170	133	4.1654
170	146	4.4818
170	150	4.68253
170	156	4.19552
170	160	4.88871
170	166	4.62365
170	167	5.26311
170	181	7.13167
170	182	6.71566
170	185	8.70771
170	195	8.92401
170	196	7.68272
170	199	9.66803
170	200	9.44209
171	5	3.15321
171	6	2.74188
171	16	1.76981
171	18	2.64334
171	19	2.58612
171	29	2.3544
171	81	4.69175
171	100	4.16848
171	102	3.71823
171	133	4.6658
171	134	3.56841
171	138	5.19456
171	146	4.5181
171	158	5.76583
171	163	5.91762
171	167	5.7262
171	176	6.14346
171	179	6.01214
171	180	7.53111
171	181	6.36798
171	182	6.70892
171	183	7.01273
171	188	7.57573
171	189	6.78904
171	193	7.67675
172	4	2.49153
172	6	3.56518
172	54	2.76678
172	73	3.62221
172	80	5.23011
172	86	3.2302
172	87	4.61628
172	89	3.33804
172	95	3.00866
172	107	5.57406
172	108	4.0299
172	109	5.65943
172	121	4.42297
172	126	5.29541
172	128	3.62631
172	135	4.84871
172	143	4.63024
172	144	4.8969
172	158	5.40794
172	173	6.6821
172	174	6.40625
172	178	6.74578
172	179	6.90242
172	191	7.72439
172	193	8.56703
172	197	9.28475
173	24	3.47082
173	45	3.37333
173	49	4.817
173	55	3.83307
173	56	2.99199
173	86	3.67234
173	101	5.52244
173	103	5.07439
173	108	3.05249
173	110	6.46699
173	128	4.06845
173	131	5.38593
173	135	3.87129
173	137	5.95529
173	138	4.34256
173	140	3.81163
173	147	4.79164
173	155	6.2361
173	158	4.43053
173	159	6.26853
173	172	6.6821
173	174	5.42883
173	178	5.76836
173	184	6.84323
173	190	8.41005
173	194	8.00404
174	47	3.27821
174	64	3.17189
174	73	2.89233
174	79	3.43221
174	84	3.7572
174	121	3.1697
174	126	4.04214
174	128	2.89643
174	129	3.57551
174	131	4.21391
174	138	4.06671
174	141	4.22827
174	147	4.51579
174	153	5.17065
174	158	4.15467
174	160	5.16908
174	172	6.40625
174	173	5.42883
174	179	6.17255
174	184	6.56738
174	188	7.62126
174	189	6.94945
174	191	6.99451
174	194	7.72819
174	197	8.03148
174	198	8.94148
175	12	0.00170098
175	33	4.35956
175	44	2.4733
175	58	2.59933
175	92	1.68231
175	101	4.35821
175	102	1.01915
175	112	4.17519
175	117	4.51277
175	119	4.51996
175	131	4.2217
175	132	4.30286
175	134	4.81184
175	153	3.89292
175	162	6.39349
175	164	5.96152
175	176	5.13708
175	180	5.53474
175	185	7.68589
175	188	7.62904
175	191	6.26251
175	194	7.81766
175	195	7.90219
175	198	8.28312
175	199	8.64622
175	200	8.42028
176	2	2.31955
176	28	2.00515
176	90	4.83581
176	93	3.31767
176	97	3.69895
176	117	3.23121
176	128	4.58995
176	139	3.83815
176	144	3.6967
176	145	3.77435
176	151	4.63498
176	164	4.62929
176	167	5.99624
176	169	4.39493
176	171	6.14346
176	175	5.13708
176	181	6.63802
176	182	6.97896
176	183	7.28276
176	185	6.99585
176	186	5.12495
176	187	5.71597
176	188	7.84577
176	189	5.625
176	193	6.51271
176	198	7.61703
177	8	2.51091
177	9	4.87324
177	35	2.57592
177	54	4.87286
177	58	1.89609
177	60	3.47236
177	67	3.3692
177	82	3.60389
177	101	3.61624
177	109	4.56584
177	110	3.94498
177	118	4.21932
177	119	3.98487
177	133	4.4625
177	155	5.99497
177	157	4.58875
177	160	4.72171
177	162	6.628
177	165	7.06603
177	166	5.44629
177	168	5.59403
177	169	5.35566
177	189	9.34968
177	193	10.1726
177	196	7.51572
177	197	8.17346
178	16	2.81669
178	70	4.26989
178	75	3.89071
178	79	3.77174
178	84	4.03673
178	106	4.15924
178	108	3.11617
178	117	4.83518
178	126	4.38168
178	129	3.91504
178	134	5.08358
178	135	3.93497
178	140	3.87531
178	144	3.98317
178	150	5.15877
178	152	5.75191
178	156	6.40454
178	158	4.4942
178	165	5.12146
178	167	5.73935
178	172	6.74578
178	173	5.76836
178	184	6.90691
178	190	7.51757
178	194	8.06772
178	195	8.17955
178	197	8.37102
179	3	3.27378
179	7	4.04932
179	12	2.45027
179	14	3.02992
179	25	3.71332
179	27	5.42247
179	39	4.22795
179	45	3.58854
179	48	2.2088
179	61	3.92516
179	68	4.34509
179	101	4.06923
179	115	5.14121
179	125	5.55651
179	142	6.47912
179	145	4.8176
179	146	4.39731
179	149	6.62413
179	150	6.48171
179	152	6.76062
179	153	4.88945
179	164	7.76587
179	171	6.01214
179	172	6.90242
179	174	6.17255
179	198	8.66028
179	199	8.46872
179	200	8.73519
180	1	4.98192
180	13	2.22136
180	28	3.01172
180	41	4.80001
180	52	3.87804
180	62	3.32439
180	69	2.17307
180	82	3.11431
180	94	2.96433
180	117	5.89792
180	119	5.74995
180	123	4.8187
180	124	2.84907
180	127	3.42751
180	133	4.52874
180	145	4.25397
180	146	5.91629
180	150	6.11701
180	154	6.19649
180	159	6.89393
180	165	6.07971
180	166	4.98698
180	171	7.53111
180	175	5.53474
180	188	8.85904
180	191	7.64766
180	192	8.71908
180	198	9.66826
180	199	10.0314
181	13	1.85823
181	18	3.13789
181	28	2.22967
181	29	2.84896
181	35	2.07015
181	42	3.87211
181	77	5.18851
181	85	4.89599
181	90	5.06033
181	93	3.54219
181	97	3.92347
181	106	4.75436
181	120	6.14323
181	124	5.56495
181	134	4.06297
181	151	4.8595
181	160	5.96006
181	163	6.41218
181	165	5.71658
181	167	6.22076
181	168	6.83238
181	170	7.13167
181	171	6.36798
181	176	6.63802
181	182	7.20348
181	183	7.50728
181	188	8.07029
181	194	8.68452
181	197	9.41182
182	18	3.47883
182	21	2.87985
182	30	3.03418
182	31	5.08371
182	53	4.58257
182	63	3.21654
182	69	6.43009
182	76	3.50017
182	93	3.88313
182	102	4.33726
182	104	5.09574
182	113	4.02328
182	120	5.72721
182	127	6.03237
182	128	5.1554
182	134	4.4039
182	151	5.20043
182	153	5.62928
182	160	5.54405
182	163	6.75312
182	165	5.30056
182	166	6.26863
182	167	6.56169
182	170	6.71566
182	171	6.70892
182	176	6.97896
182	181	7.20348
182	183	7.84822
182	188	8.41122
182	189	7.40807
182	199	9.20854
183	2	3.18881
183	10	1.73268
183	19	3.72542
183	30	3.33799
183	63	3.52035
183	97	4.56821
183	107	4.49279
183	117	4.20426
183	121	3.64687
183	124	4.33892
183	125	4.55844
183	128	5.45921
183	134	4.70771
183	139	4.8112
183	147	4.38268
183	148	4.37401
183	151	5.50424
183	154	4.46917
183	163	7.05693
183	167	6.8655
183	168	5.60634
183	171	7.01273
183	176	7.28276
183	181	7.50728
183	182	7.84822
183	185	7.96891
183	188	8.71503
183	192	7.12991
183	196	7.52804
183	199	8.39852
183	200	8.665
184	4	2.65266
184	33	2.60566
184	52	2.87389
184	65	4.37132
184	76	4.80222
184	79	4.84661
184	86	3.45248
184	95	3.16979
184	97	4.78732
184	104	5.58926
184	106	4.83187
184	112	5.11957
184	118	4.04654
184	130	6.05601
184	133	5.77837
184	134	5.75621
184	138	5.48111
184	140	4.95018
184	144	5.05803
184	148	5.67756
184	152	6.42453
184	154	5.77272
184	160	6.58348
184	165	5.79409
184	173	6.84323
184	174	6.56738
184	178	6.90691
184	185	9.27246
184	191	7.94667
184	194	9.14259
184	197	9.44588
185	5	5.19975
185	12	2.82246
185	13	2.85014
185	22	3.23645
185	23	6.2561
185	29	2.87922
185	42	2.35664
185	50	3.2376
185	61	3.50983
185	64	3.22916
185	65	3.47771
185	66	4.15346
185	70	4.36405
185	72	3.73742
185	84	4.95503
185	92	5.21861
185	93	5.47857
185	98	3.91785
185	102	4.55545
185	113	6.5889
185	114	6.17911
185	140	5.82
185	150	6.74579
185	161	7.06405
185	165	6.70849
185	170	8.70771
185	175	7.68589
185	176	6.99585
185	183	7.96891
185	184	9.27246
185	197	10.4037
185	198	11.8194
185	199	12.1825
186	1	2.31419
186	20	2.14177
186	31	1.63396
186	43	3.67798
186	62	2.94612
186	87	3.10773
186	91	3.57326
186	94	3.20471
186	96	3.8825
186	103	4.51468
186	107	4.5186
186	112	4.16307
186	116	4.72997
186	123	4.34623
186	130	5.75537
186	139	6.54717
186	140	3.9491
186	146	6.3677
186	157	4.94812
186	159	5.65181
186	166	5.80566
186	167	5.45548
186	168	8.14005
186	176	5.12495
186	187	7.03608
186	189	6.94511
186	190	11.0071
186	192	11.3443
186	195	7.89568
186	196	12.1838
186	198	8.93713
186	199	8.74557
186	200	9.01205
187	32	3.49522
187	34	3.37117
187	35	3.70333
187	38	3.37074
187	46	4.68613
187	58	3.0235
187	63	4.08111
187	67	4.49661
187	80	4.31367
187	89	4.81504
187	97	4.42184
187	98	5.20743
187	101	4.74364
187	110	5.07239
187	118	5.34672
187	119	5.11227
187	123	4.93725
187	132	4.88175
187	133	5.41289
187	136	4.34583
187	141	6.91179
187	150	5.46592
187	155	7.12238
187	156	6.71169
187	158	6.51291
187	162	7.75541
187	165	8.19344
187	176	5.71597
187	186	7.03608
187	189	10.4771
187	193	11.3
187	194	8.39655
187	195	8.48671
187	199	9.33659
188	2	3.75181
188	6	4.44418
188	11	3.72451
188	21	3.74667
188	28	3.43741
188	29	4.05671
188	45	3.36883
188	53	5.44939
188	59	4.54398
188	63	4.08335
188	82	5.13511
188	87	5.05391
188	89	3.77568
188	93	4.74994
188	115	4.32214
188	118	4.2619
188	128	6.02221
188	134	5.27072
188	135	6.07054
188	143	5.06788
188	151	6.06724
188	154	5.98808
188	155	6.2316
188	167	7.4285
188	171	7.57573
188	174	7.62126
188	175	7.62904
188	176	7.84577
188	180	8.85904
188	181	8.07029
188	182	8.41122
188	183	8.71503
188	190	8.40555
188	195	9.06754
189	14	3.80683
189	18	1.91609
189	34	3.13662
189	38	3.1362
189	51	4.48637
189	52	3.13597
189	58	2.78895
189	80	4.07912
189	89	4.58049
189	101	4.5091
189	110	4.83784
189	112	6.53786
189	116	5.57426
189	118	5.11218
189	119	4.87773
189	127	6.06944
189	137	5.27898
189	138	5.85067
189	141	6.67724
189	145	5.5945
189	150	5.37494
189	154	5.31626
189	155	6.88784
189	162	7.52086
189	165	7.95889
189	171	6.78904
189	174	6.94945
189	176	5.625
189	177	9.34968
189	182	7.40807
189	186	6.94511
189	187	10.4771
189	193	11.0654
189	196	8.37513
189	197	9.03288
190	19	4.48331
190	20	2.55699
190	23	2.59112
190	31	2.04917
190	49	3.27796
190	52	3.42456
190	62	3.36134
190	71	4.38614
190	84	4.54149
190	87	3.52295
190	91	4.3619
190	96	4.29772
190	103	4.9299
190	104	4.77471
190	107	4.93382
190	111	5.12722
190	114	5.2414
190	124	5.47461
190	130	6.17059
190	136	4.54345
190	143	4.68466
190	146	6.78292
190	151	6.28298
190	160	5.86971
190	165	5.62623
190	166	6.5943
190	168	8.55527
190	169	9.72174
190	173	8.41005
190	178	7.51757
190	186	11.0071
190	188	8.40555
190	192	11.7596
190	193	8.62145
190	196	12.5991
190	199	9.53421
191	18	1.96116
191	47	3.81898
191	48	3.03077
191	62	2.62739
191	77	4.85464
191	82	3.84208
191	88	3.88398
191	94	3.6921
191	100	4.76466
191	106	4.93957
191	120	4.89978
191	124	3.57684
