1	14	0.888874
1	154	1.52694
1	166	2.67545
1	178	2.83123
1	181	1.64317
1	195	5.0417
1	198	3.91291
2	19	2.1536
2	33	2.03882
2	64	2.87742
2	77	2.5316
2	116	3.36279
2	144	3.37854
2	148	2.17081
3	48	0.352444
3	136	2.97805
3	137	1.92749
3	143	3.38017
3	170	2.8555
3	182	3.39807
3	185	3.62958
4	45	3.56626
4	63	1.55722
4	124	1.52335
4	156	0.69138
4	162	2.07415
4	176	4.87392
4	197	4.24315
5	51	1.90427
5	66	2.24713
5	114	0.577737
5	154	4.26786
5	184	4.54494
5	187	0.76576
5	196	4.26251
6	128	0.857667
6	160	0.653204
6	163	1.8825
6	171	2.89718
6	185	2.89665
6	193	4.90206
6	194	4.43015
7	28	1.99439
7	44	0.00360925
7	51	2.0358
7	72	3.62593
7	85	4.15192
7	155	1.90205
7	161	4.7817
8	11	1.86883
8	21	2.59638
8	43	2.09412
8	83	1.16457
8	84	2.09945
8	148	3.45002
8	196	5.24017
9	10	2.94399
9	130	1.09672
9	153	1.08511
9	168	3.28271
9	181	3.27457
9	187	2.28887
9	192	4.56374
10	9	2.94399
10	61	1.9619
10	76	1.6566
10	104	2.30084
10	146	4.10114
10	158	0.792288
10	184	4.76032
11	8	1.86883
11	20	1.06466
11	69	3.15286
11	105	2.00576
11	121	1.10138
11	186	4.87214
11	195	4.4865
12	34	1.77403
12	70	2.57309
12	86	2.40418
12	88	3.72475
12	108	1.50827
12	165	3.35014
12	177	3.12838
13	130	1.65214
13	137	1.59473
13	140	2.85981
13	145	1.73829
13	184	2.3043
13	192	5.11917
13	197	3.2586
14	1	0.888874
14	159	1.71081
14	161	1.88422
14	176	2.53093
14	189	3.67149
14	194	3.58226
14	195	4.25136
15	119	1.67356
15	122	2.73217
15	147	2.51368
15	155	2.62878
15	165	2.8075
15	172	2.98651
15	187	3.16134
16	22	3.24191
16	41	2.3451
16	75	1.60227
16	117	1.52087
16	160	3.31302
16	171	3.52621
16	172	3.00189
17	126	0.373901
17	141	1.54272
17	186	2.82265
17	191	4.00753
17	194	2.96016
17	198	2.59593
17	200	4.21741
18	112	1.24926
18	140	2.00011
18	149	1.27935
18	170	1.66876
18	173	4.31439
18	189	3.90571
18	193	4.11015
19	2	2.1536
19	90	0.459871
19	96	1.10983
19	152	0.475729
19	166	3.43733
19	190	5.05413
19	195	5.80357
20	11	1.06466
20	57	1.88804
20	142	1.49155
20	165	2.2349
20	181	3.44198
20	192	4.73115
20	196	3.71559
21	8	2.59638
21	49	0.580582
21	64	0.444037
21	132	0.21674
21	192	5.10868
21	197	4.23968
21	198	5.33073
22	16	3.24191
22	98	2.30446
22	159	1.55434
22	183	1.98659
22	186	2.25321
22	192	3.65968
22	193	3.51035
23	64	0.981608
23	118	1.64199
23	168	2.51435
23	173	2.62977
23	176	3.59748
23	183	1.97471
23	199	5.19669
24	68	2.19553
24	145	1.43979
24	161	2.12343
24	162	2.51988
24	164	2.39641
24	180	3.03622
24	200	4.80896
25	55	1.36384
25	105	2.10085
25	121	2.28591
25	149	2.83285
25	155	3.16406
25	165	3.31672
25	192	3.45379
26	95	1.48923
26	142	1.84566
26	158	2.07427
26	168	2.76508
26	170	0.0976535
26	196	4.7901
26	200	5.46561
27	131	2.44677
27	133	1.43965
27	136	2.0396
27	146	2.10841
27	157	3.09805
27	176	3.22254
27	189	4.154
28	7	1.99439
28	37	1.11454
28	81	1.97661
28	146	2.06119
28	173	4.44376
28	185	2.69315
28	191	4.23895
29	47	2.08991
29	70	0.000592972
29	76	1.76633
29	95	2.19354
29	99	2.51147
29	185	3.36825
29	200	6.59851
30	81	3.69869
30	86	2.7404
30	131	2.63374
30	169	0.025241
30	172	3.89144
30	187	2.14177
30	190	3.3941
31	64	1.40234
31	85	1.92823
31	133	2.18715
31	178	3.47998
31	181	3.96609
31	184	2.3043
31	197	3.2586
32	102	0.676355
32	107	0.686809
32	145	1.77492
32	151	0.079087
32	193	4.79035
32	194	4.9219
32	195	5.591
33	2	2.03882
33	79	1.75558
33	84	1.55728
33	134	1.34069
33	136	2.78542
33	196	3.85496
33	200	5.24188
34	12	1.77403
34	38	3.26555
34	41	1.51183
34	94	1.73913
34	116	2.64251
34	173	3.8053
34	195	3.80013
35	41	1.28694
35	49	1.6012
35	54	1.43849
35	83	1.12608
35	138	2.92708
35	168	5.6767
35	175	4.20689
35	186	4.3787
36	87	1.8448
36	115	2.71641
36	135	1.51374
36	136	2.57043
36	144	1.95385
36	169	4.09376
36	171	3.27174
36	189	4.68484
37	28	1.11454
37	87	1.71062
37	95	1.30838
37	143	2.83837
37	146	2.50506
37	168	2.58424
37	177	5.67773
37	200	4.8927
38	34	3.26555
38	40	1.18645
38	90	1.13924
38	134	3.2877
38	150	3.31806
38	157	4.78165
38	162	2.56635
38	180	3.08268
39	59	1.2274
39	93	2.91321
39	101	1.12766
39	135	2.4916
39	150	2.13393
39	167	3.72203
39	179	3.86456
39	190	5.13678
40	38	1.18645
40	84	0.234654
40	85	0.878137
40	175	2.35268
40	190	5.87094
40	195	4.36616
40	197	3.40609
40	199	4.29313
41	16	2.3451
41	34	1.51183
41	35	1.28694
41	63	2.23608
41	143	3.38084
41	148	4.43853
41	170	2.85617
41	190	4.5672
42	105	2.63367
42	134	0.485833
42	138	1.31344
42	177	1.68072
42	186	2.83914
42	195	4.83393
42	197	3.87386
42	198	4.96491
43	8	2.09412
43	79	1.51514
43	158	1.15342
43	171	2.39754
43	188	2.36841
43	189	3.81064
43	193	4.01508
43	196	5.32755
44	7	0.00360925
44	61	1.33629
44	110	2.2875
44	116	2.50734
44	118	2.68234
44	139	3.13112
44	160	3.89483
44	200	6.79947
45	4	3.56626
45	109	1.39279
45	134	2.44215
45	162	3.66119
45	175	4.77677
45	192	1.14354
45	193	3.14959
45	199	2.49492
46	59	1.67035
46	80	2.43108
46	86	1.01944
46	119	2.85528
46	147	3.6954
46	148	3.65477
46	165	3.96316
46	174	3.3373
47	29	2.08991
47	69	2.29904
47	147	1.59626
47	157	3.00585
47	162	2.33782
47	174	3.24155
47	180	2.85415
47	191	5.2032
48	3	0.352444
48	86	1.40912
48	106	2.53894
48	138	1.99324
48	167	4.23946
48	175	3.27306
48	190	3.97166
48	200	4.83962
49	21	0.580582
49	35	1.6012
49	121	2.23408
49	133	2.69302
49	151	2.60692
49	173	2.22288
49	197	4.57388
49	199	6.1233
50	123	0.00107957
50	127	2.07668
50	135	2.49409
50	157	3.6
50	168	3.69877
50	182	3.9708
50	183	1.63439
50	195	5.18597
51	5	1.90427
51	7	2.0358
51	52	1.25456
51	73	1.6056
51	169	2.81541
51	174	5.182
51	190	3.62228
51	196	4.2068
52	51	1.25456
52	95	3.76116
52	129	0.949116
52	158	1.22866
52	163	3.03105
52	193	4.09031
52	197	3.71477
52	199	4.60181
53	75	1.09215
53	106	1.23672
53	122	1.73345
53	144	3.80101
53	149	1.80283
53	171	3.01609
53	192	4.78295
53	199	5.14512
54	35	1.43849
54	100	2.44234
54	136	1.66088
54	138	2.74034
54	145	2.21755
54	170	2.66668
54	187	3.48208
54	199	5.9606
55	25	1.36384
55	91	1.69915
55	107	1.70775
55	108	0.000353276
55	153	2.91639
55	177	3.89056
55	189	5.14221
55	195	5.93118
56	85	4.31867e-05
56	97	1.94828
56	99	1.54837
56	107	1.8589
56	128	1.84075
56	157	3.22818
56	191	5.42553
56	196	6.84282
57	20	1.88804
57	108	0.440915
57	118	1.5865
57	132	4.89115
57	133	1.71093
57	184	1.97656
57	192	4.77904
57	198	5.34522
58	81	0.108971
58	85	1.82716
58	87	2.07264
58	120	1.65663
58	178	3.37891
58	185	3.38679
58	191	4.60609
58	195	5.58939
59	39	1.2274
59	46	1.67035
59	87	1.96224
59	112	2.95098
59	126	3.84289
59	138	2.29795
59	143	3.09
59	195	5.59124
60	139	1.74663
60	148	1.68575
60	161	1.79314
60	168	2.15893
60	174	2.30715
60	193	4.34106
60	196	4.66184
60	197	3.96552
61	10	1.9619
61	44	1.33629
61	75	2.07323
61	111	1.53014
61	136	2.93835
61	151	2.25231
61	175	3.82823
61	189	5.05275
61	196	6.075
62	96	1.13219
62	107	1.60252
62	139	2.64698
62	154	2.31118
62	160	3.41069
62	173	4.31105
62	175	3.81246
62	182	3.79656
62	186	3.98427
63	4	1.55722
63	41	2.23608
63	100	2.7016
63	116	1.99132
63	120	3.23675
63	141	2.40141
63	174	3.70789
63	179	4.61557
63	180	4.55275
64	2	2.87742
64	21	0.444037
64	23	0.981608
64	31	1.40234
64	97	2.96764
64	122	3.13796
64	179	3.97345
64	191	4.69149
64	195	6.52739
65	81	2.55801
65	95	1.44591
65	110	1.43069
65	161	2.3447
65	173	3.60037
65	176	3.75672
65	181	3.75277
65	182	3.08588
65	192	5.04194
66	5	2.24713
66	97	1.14597
66	122	3.61299
66	148	4.47282
66	152	2.72562
66	154	1.76526
66	159	2.73948
66	178	3.06955
66	199	5.20699
67	104	0.979108
67	113	2.00832
67	119	0.000633337
67	122	2.22453
67	180	2.99721
67	191	4.95717
67	195	4.18966
67	198	5.74493
67	200	3.96159
68	24	2.19553
68	124	1.58847
68	144	1.74839
68	157	2.4142
68	167	2.53871
68	169	3.1466
68	194	4.23212
68	195	5.26835
68	198	3.86789
69	11	3.15286
69	47	2.29904
69	72	1.34523
69	82	2.39323
69	128	3.01298
69	160	0.727002
69	163	4.03782
69	185	5.05196
69	193	4.97586
70	12	2.57309
70	29	0.000592972
70	104	2.47214
70	130	3.20477
70	131	3.12292
70	148	3.86715
70	158	3.66081
70	163	3.09883
70	185	5.00364
71	89	1.66624
71	100	0.00147622
71	113	3.03738
71	127	2.26556
71	160	4.22777
71	165	3.71157
71	173	4.00307
71	195	4.18922
71	200	3.96115
72	7	3.62593
72	69	1.34523
72	113	1.30054
72	148	1.66633
72	153	0.992341
72	156	4.47258
72	193	4.32165
72	194	4.23708
72	198	5.03715
73	51	1.6056
73	80	1.73969
73	110	1.22829
73	164	2.39141
73	169	3.12913
73	171	3.04881
73	194	4.58178
73	196	4.52052
73	199	4.75521
74	121	0.81957
74	152	1.74769
74	156	1.40618
74	166	2.41558
74	174	2.16339
74	181	3.05746
74	190	6.32609
74	191	4.12504
74	198	4.9128
75	16	1.60227
75	53	1.09215
75	61	2.07323
75	96	1.99576
75	130	2.78728
75	157	3.83536
75	178	6.01735
75	179	4.13557
75	184	3.45182
76	10	1.6566
76	29	1.76633
76	146	2.70186
76	152	2.98201
76	154	2.02165
76	157	2.68227
76	193	4.3774
76	199	3.72273
76	200	5.0895
77	2	2.5316
77	86	2.30415
77	105	1.47352
77	149	0.392675
77	154	2.66681
77	166	3.81533
77	168	3.7175
77	190	3.976
77	199	6.10854
78	80	0.908097
78	100	1.46303
78	139	0.22637
78	162	2.80188
78	169	3.80919
78	176	4.21051
78	182	3.4476
78	192	5.49574
78	194	4.81235
78	198	4.44812
79	33	1.75558
79	43	1.51514
79	122	2.68462
79	139	2.89508
79	143	3.5728
79	165	3.14259
79	170	3.04813
79	171	3.87198
79	177	2.92083
79	178	6.20671
80	46	2.43108
80	73	1.73969
80	78	0.908097
80	95	1.76143
80	119	1.75332
80	147	2.59345
80	174	5.31609
80	176	4.07223
80	194	5.12356
80	198	5.92364
81	28	1.97661
81	30	3.69869
81	58	0.108971
81	65	2.55801
81	88	2.10221
81	108	3.12305
81	121	3.93412
81	177	4.74316
81	193	5.01633
81	199	4.36166
82	69	2.39323
82	84	1.81531
82	97	4.89779
82	111	1.63524
82	129	2.19947
82	143	3.44558
82	156	2.57117
82	178	3.73635
82	188	3.71563
82	196	5.21646
83	8	1.16457
83	35	1.12608
83	106	1.17167
83	111	1.69797
83	149	3.01133
83	171	3.80749
83	174	3.39111
83	187	5.34232
83	194	5.34045
83	200	5.56264
84	8	2.09945
84	33	1.55728
84	40	0.234654
84	82	1.81531
84	91	2.45197
84	130	2.78177
84	144	3.91073
84	166	3.47768
84	195	6.684
84	199	6.61097
85	7	4.15192
85	31	1.92823
85	40	0.878137
85	56	4.31867e-05
85	58	1.82716
85	101	1.72928
85	123	2.36256
85	135	3.09322
85	195	7.05328
85	196	8.65538
86	12	2.40418
86	30	2.7404
86	46	1.01944
86	48	1.40912
86	77	2.30415
86	100	2.47018
86	116	2.18788
86	183	4.82979
86	191	6.28035
86	197	5.97802
87	36	1.8448
87	37	1.71062
87	58	2.07264
87	59	1.96224
87	126	2.3732
87	129	4.01849
87	147	3.9873
87	151	3.39663
87	158	3.74033
87	194	6.51741
88	12	3.72475
88	81	2.10221
88	112	1.04686
88	164	0.254737
88	167	2.29171
88	169	2.8996
88	194	4.35225
88	196	4.29099
88	198	5.15232
88	200	5.52279
89	71	1.66624
89	155	2.75461
89	161	0.740831
89	166	3.47248
89	183	3.73043
89	185	3.63612
89	189	2.5281
89	191	3.64386
89	193	4.03192
89	194	5.16962
89	196	5.10836
90	19	0.459871
90	38	1.13924
90	140	2.77725
90	147	4.27386
90	166	3.10556
90	176	3.75138
90	180	5.53176
90	183	3.36351
90	188	3.24061
90	189	4.68284
90	190	4.15692
91	55	1.69915
91	84	2.45197
91	115	2.02762
91	117	0.00126377
91	163	3.36674
91	166	4.21723
91	171	1.28275
91	188	3.12317
91	191	5.92669
91	195	6.56887
91	196	5.85312
92	132	0.68419
92	156	2.29156
92	159	0.1858
92	160	3.25195
92	181	1.95179
92	183	3.55891
92	194	4.58575
92	196	4.93685
92	198	4.22153
92	199	5.59417
92	200	5.22029
93	39	2.91321
93	102	1.37936
93	112	2.31952
93	120	2.36125
93	141	3.1724
93	147	3.09479
93	156	2.68591
93	163	3.07726
93	181	4.56963
93	188	5.35155
93	196	5.56365
94	34	1.73913
94	99	0.224556
94	114	1.18618
94	116	2.30664
94	122	2.71996
94	167	3.37975
94	172	3.383
94	192	5.67418
94	194	5.54227
94	197	5.14931
94	198	5.17805
95	26	1.48923
95	29	2.19354
95	37	1.30838
95	52	3.76116
95	65	1.44591
95	80	1.76143
95	117	2.57687
95	154	4.98893
95	188	4.55308
95	192	6.34907
95	196	6.05392
96	19	1.10983
96	62	1.13219
96	75	1.99576
96	139	2.9428
96	141	3.00016
96	143	1.56123
96	152	3.56736
96	164	3.6663
96	188	5.71671
96	193	5.53723
96	198	6.25273
97	56	1.94828
97	64	2.96764
97	66	1.14597
97	82	4.89779
97	113	3.07836
97	126	1.86815
97	136	3.77809
97	153	2.76762
97	155	3.59734
97	182	4.19811
97	200	6.23455
98	22	2.30446
98	115	1.09315
98	140	2.95444
98	142	4.2293
98	143	3.14776
98	149	2.23368
98	156	2.27335
98	166	4.41862
98	181	3.92463
98	191	4.99221
98	196	4.91864
99	29	2.51147
99	56	1.54837
99	94	0.224556
99	122	2.89213
99	157	3.42741
99	167	3.55192
99	181	4.22528
99	182	3.79821
99	185	4.07895
99	187	3.73
99	198	6.49503
100	54	2.44234
100	63	2.7016
100	71	0.00147622
100	78	1.46303
100	86	2.47018
100	169	4.22585
100	179	3.92825
100	184	3.10992
100	185	4.145
100	186	4.50593
100	188	6.10407
100	198	6.47857
101	39	1.12766
101	85	1.72928
101	120	2.89981
101	165	1.59604
101	167	2.72448
101	175	3.47803
101	177	5.23822
101	185	3.28891
101	191	4.83472
101	192	5.05631
101	194	4.82241
101	196	4.76115
102	32	0.676355
102	93	1.37936
102	118	2.34381
102	120	1.9681
102	135	1.9408
102	162	4.80532
102	164	3.04139
102	180	5.32165
102	189	5.1119
102	190	4.58598
102	197	4.94079
102	200	5.45395
103	113	2.36082
103	121	1.99175
103	137	2.00682
103	151	2.37705
103	152	3.41206
103	169	3.84471
103	175	3.95298
103	184	2.72878
103	185	3.76386
103	190	4.65158
103	195	5.37687
103	200	5.14881
104	10	2.30084
104	67	0.979108
104	70	2.47214
104	148	2.94081
104	149	2.76533
104	166	3.81441
104	170	3.15474
104	186	2.55566
104	189	4.20536
104	193	5.70917
104	196	5.4503
104	197	5.22058
105	11	2.00576
105	25	2.10085
105	42	2.63367
105	77	1.47352
105	135	2.1474
105	147	2.90824
105	152	3.55305
105	169	3.98571
105	173	3.4675
105	178	3.89698
105	199	7.73658
105	200	5.66054
106	48	2.53894
106	53	1.23672
106	83	1.17167
106	121	2.01537
106	129	2.2519
106	144	3.90474
106	173	4.7927
106	174	3.35918
106	186	4.13595
106	190	4.66274
106	193	5.39309
106	198	6.1086
107	32	0.686809
107	55	1.70775
107	56	1.8589
107	62	1.60252
107	120	2.65932
107	125	1.94601
107	142	2.91728
107	159	4.05153
107	189	6.14288
107	192	5.64065
107	197	5.63201
107	198	6.72306
108	12	1.50827
108	55	0.000353276
108	57	0.440915
108	81	3.12305
108	120	2.76357
108	166	3.01898
108	176	4.32175
108	181	4.31781
108	188	3.81099
108	192	5.60698
108	197	6.69098
108	199	5.96915
109	45	1.39279
109	118	1.79031
109	121	5.92085
109	143	1.7048
109	152	2.86365
109	155	4.85229
109	160	3.0028
109	178	3.20758
109	182	2.9347
109	191	4.76126
109	196	4.68769
109	197	4.45798
110	44	2.2875
110	65	1.43069
110	73	1.22829
110	141	3.67132
110	158	3.50392
110	163	3.57618
110	164	3.93345
110	165	3.19508
110	167	4.32352
110	179	4.23898
110	183	4.68462
110	190	5.47804
111	61	1.53014
111	82	1.63524
111	83	1.69797
111	127	2.70952
111	131	2.51985
111	139	3.32497
111	163	3.92916
111	180	3.88718
111	183	4.39563
111	185	5.83397
111	188	4.27274
111	194	5.83483
112	18	1.24926
112	59	2.95098
112	88	1.04686
112	93	2.31952
112	120	3.60341
112	141	3.71942
112	146	4.00647
112	162	3.71195
112	170	3.81511
112	174	4.22258
112	182	4.66533
112	193	6.25649
113	67	2.00832
113	71	3.03738
113	72	1.30054
113	97	3.07836
113	103	2.36082
113	140	1.25816
113	143	4.70863
113	144	3.68991
113	152	4.65546
113	173	4.56991
113	193	5.19026
113	196	6.47951
113	199	4.5356
114	5	0.577737
114	94	1.18618
114	137	1.93266
114	145	2.52363
114	152	3.17243
114	161	2.75985
114	172	3.16592
114	182	3.40896
114	183	3.78401
114	190	7.75084
114	191	5.23551
114	195	5.8923
114	200	5.44539
115	36	2.71641
115	91	2.02762
115	98	1.09315
115	116	2.45691
115	122	2.87023
115	149	2.90538
115	152	1.9103
115	176	4.53923
115	183	4.15136
115	184	3.02197
115	190	6.4887
115	195	6.25965
115	198	6.39063
116	2	3.36279
116	34	2.64251
116	44	2.50734
116	63	1.99132
116	86	2.18788
116	94	2.30664
116	115	2.45691
116	159	4.47221
116	168	4.25738
116	186	4.11619
116	187	4.46121
116	189	5.76589
116	194	6.34366
117	16	1.52087
117	91	0.00126377
117	95	2.57687
117	124	2.92823
117	125	1.96203
117	131	2.62403
117	136	2.12341
117	160	4.19286
117	164	3.22912
117	181	4.88374
117	191	5.95132
117	192	6.17291
117	195	8.72523
118	23	1.64199
118	44	2.68234
118	57	1.5865
118	102	2.34381
118	109	1.79031
118	147	3.23946
118	158	3.74158
118	162	3.98103
118	164	4.3283
118	172	4.46138
118	180	4.49736
118	181	5.4634
118	199	7.11473
119	15	1.67356
119	46	2.85528
119	67	0.000633337
119	80	1.75332
119	139	3.59721
119	149	3.36084
119	163	3.55943
119	170	1.68356
119	176	5.35078
119	178	4.5657
119	189	5.9872
119	190	5.46129
119	200	7.05151
120	58	1.65663
120	63	3.23675
120	93	2.36125
120	101	2.89981
120	102	1.9681
120	107	2.65932
120	108	2.76357
120	112	3.60341
120	152	4.32835
120	153	6.45636
120	160	4.4675
120	179	4.32881
120	189	6.09378
120	190	5.56787
121	11	1.10138
121	25	2.28591
121	49	2.23408
121	74	0.81957
121	81	3.93412
121	103	1.99175
121	106	2.01537
121	109	5.92085
121	142	3.17845
121	159	4.3127
121	167	4.12361
121	171	6.69888
121	198	6.98422
121	199	6.78022
122	15	2.73217
122	53	1.73345
122	64	3.13796
122	66	3.61299
122	67	2.22453
122	79	2.68462
122	94	2.71996
122	99	2.89213
122	115	2.87023
122	128	3.1845
122	136	4.52271
122	187	4.87453
122	197	7.64043
122	198	7.55705
123	50	0.00107957
123	85	2.36256
123	153	2.21095
123	160	3.70954
123	165	3.19333
123	168	3.36941
123	173	3.48483
123	174	3.50635
123	178	3.91432
123	188	3.03505
123	191	5.468
123	194	5.45569
123	195	6.48075
123	200	6.25269
124	4	1.52335
124	68	1.58847
124	117	2.92823
124	132	2.15262
124	141	4.01403
124	142	3.25714
124	151	3.54622
124	157	1.09253
124	160	4.72038
124	161	4.00318
124	178	4.92516
124	182	4.25297
124	197	7.11846
124	198	7.26661
125	107	1.94601
125	117	1.96203
125	129	2.44371
125	132	0.00136553
125	155	3.08532
125	168	4.08561
125	176	4.44901
125	178	0.715038
125	189	5.38047
125	190	4.3441
125	193	5.5849
125	196	6.58852
125	199	6.0964
125	200	5.72252
126	17	0.373901
126	59	3.84289
126	87	2.3732
126	97	1.86815
126	135	3.32968
126	142	4.56141
126	148	3.97604
126	164	3.14273
126	175	3.98871
126	179	3.44826
126	188	3.77101
126	192	5.56699
126	195	6.0022
126	198	6.13317
127	50	2.07668
127	71	2.26556
127	111	2.70952
127	135	2.47798
127	138	3.14475
127	154	3.03918
127	163	4.03103
127	165	3.50658
127	170	3.41213
127	179	3.88411
127	185	5.93585
127	187	3.88649
127	189	5.64908
127	199	6.36501
128	6	0.857667
128	56	1.84075
128	69	3.01298
128	122	3.1845
128	129	2.8482
128	144	3.05398
128	176	3.41332
128	180	3.95718
128	188	1.89642
128	189	5.78497
128	192	6.13873
128	193	5.9894
128	195	5.34212
128	200	5.11405
129	52	0.949116
129	82	2.19947
129	87	4.01849
129	106	2.2519
129	125	2.44371
129	128	2.8482
129	148	3.84994
129	163	3.87304
129	171	4.88772
129	172	2.94518
129	177	3.93657
129	187	4.53823
129	191	6.55194
129	195	7.08978
130	9	1.09672
130	13	1.65214
130	70	3.20477
130	75	2.78728
130	84	2.78177
130	137	2.95364
130	148	3.67344
130	150	1.41148
130	167	4.18365
130	175	3.17032
130	190	5.5984
130	191	6.25649
130	192	6.47808
130	194	6.60542
130	198	6.2412
131	27	2.44677
131	30	2.63374
131	70	3.12292
131	111	2.51985
131	117	2.62403
131	134	0.337348
131	153	3.70656
131	155	3.74731
131	160	4.41618
131	164	3.97196
131	169	4.70968
131	177	4.68073
131	194	6.16233
131	197	6.26974
131	199	6.7584
132	21	0.21674
132	57	4.89115
132	92	0.68419
132	124	2.15262
132	125	0.00136553
132	176	4.11206
132	179	3.27856
132	182	3.34915
132	187	5.64524
132	190	6.89757
132	193	5.24796
132	194	5.16339
132	195	5.83249
132	197	4.87242
132	199	5.75946
133	27	1.43965
133	31	2.18715
133	49	2.69302
133	57	1.71093
133	138	4.0189
133	144	3.79224
133	153	3.39836
133	168	4.55682
133	174	4.69376
133	175	5.29871
133	176	3.86768
133	183	2.2449
133	192	6.87699
133	195	5.79648
133	200	5.56841
134	33	1.34069
134	38	3.2877
134	42	0.485833
134	45	2.44215
134	131	0.337348
134	140	3.77285
134	155	3.38329
134	169	4.34566
134	173	4.66356
134	177	5.42555
134	188	4.23622
134	189	5.67844
134	191	5.81062
134	193	5.88288
134	197	7.01456
135	36	1.51374
135	39	2.4916
135	50	2.49409
135	85	3.09322
135	102	1.9408
135	105	2.1474
135	126	3.32968
135	127	2.47798
135	140	4.16089
135	142	3.99258
135	178	4.64498
135	182	4.98841
135	184	6.89959
135	189	6.06648
135	198	6.98642
135	199	6.78242
136	3	2.97805
136	27	2.0396
136	33	2.78542
136	36	2.57043
136	54	1.66088
136	61	2.93835
136	97	3.77809
136	117	2.12341
136	122	4.52271
136	138	4.61885
136	164	3.27219
136	166	5.54589
136	176	6.8395
136	186	6.07047
136	188	5.3226
136	197	6.95207
137	3	1.92749
137	13	1.59473
137	103	2.00682
137	114	1.93266
137	130	2.95364
137	143	4.35463
137	150	2.53813
137	154	4.46154
137	162	3.7268
137	163	5.45339
137	177	3.70265
137	184	3.61818
137	185	7.35821
137	189	6.0669
137	197	5.8958
137	200	6.40895
138	35	2.92708
138	42	1.31344
138	48	1.99324
138	54	2.74034
138	59	2.29795
138	127	3.14475
138	133	4.0189
138	136	4.61885
138	140	3.13892
138	141	3.00058
138	178	5.31174
138	180	4.90546
138	185	5.31961
138	191	6.68296
138	192	5.06498
138	195	7.52221
139	44	3.13112
139	60	1.74663
139	62	2.64698
139	78	0.22637
139	79	2.89508
139	96	2.9428
139	111	3.32497
139	119	3.59721
139	141	4.51494
139	144	4.11659
139	151	4.04714
139	169	5.5148
139	175	4.15589
139	190	6.32166
139	194	7.59099
139	198	7.22676
140	13	2.85981
140	18	2.00011
140	90	2.77725
140	98	2.95444
140	113	1.25816
140	134	3.77285
140	135	4.16089
140	138	3.13892
140	158	4.67476
140	164	5.26148
140	172	3.82331
140	173	5.48099
140	177	4.96773
140	186	4.66462
140	188	5.88976
140	189	6.31432
141	17	1.54272
141	63	2.40141
141	93	3.1724
141	96	3.00016
141	110	3.67132
141	112	3.71942
141	124	4.01403
141	138	3.00058
141	139	4.51494
141	153	3.78007
141	172	3.68497
141	173	5.05395
141	174	4.91583
141	179	5.13997
141	180	5.07715
141	190	6.37902
141	199	7.02512
142	20	1.49155
142	26	1.84566
142	98	4.2293
142	107	2.91728
142	121	3.17845
142	124	3.25714
142	126	4.56141
142	135	3.99258
142	147	3.94149
142	150	2.82297
142	155	4.05659
142	156	3.76506
142	167	4.98289
142	185	4.9381
142	191	6.48391
142	193	6.55617
142	199	7.06767
143	3	3.38017
143	37	2.83837
143	41	3.38084
143	59	3.09
143	79	3.5728
143	82	3.44558
143	96	1.56123
143	98	3.14776
143	109	1.7048
143	113	4.70863
143	137	4.35463
143	146	5.47971
143	171	2.48282
143	181	6.5899
143	184	5.07658
143	195	7.76895
143	200	7.54088
144	2	3.37854
144	36	1.95385
144	53	3.80101
144	68	1.74839
144	84	3.91073
144	106	3.90474
144	113	3.68991
144	128	3.05398
144	133	3.79224
144	139	4.11659
144	159	4.75501
144	162	4.16649
144	166	6.03599
144	171	5.09349
144	179	4.74162
144	185	5.09296
144	192	6.86035
145	13	1.73829
145	24	1.43979
145	32	1.77492
145	54	2.21755
145	114	2.52363
145	169	2.63885
145	172	4.27304
145	173	4.35947
145	175	4.98594
145	178	2.54749
145	180	4.38267
145	181	5.27505
145	186	5.15775
145	187	4.92423
145	194	6.33033
145	196	8.42097
145	198	7.1304
146	10	4.10114
146	27	2.10841
146	28	2.06119
146	37	2.50506
146	76	2.70186
146	112	4.00647
146	143	5.47971
146	147	4.78174
146	151	4.39155
146	159	1.97226
146	163	4.76421
146	175	2.93712
146	181	3.73825
146	182	5.49761
146	190	6.66607
146	194	6.37222
146	198	6.00799
147	15	2.51368
147	46	3.6954
147	47	1.59626
147	80	2.59345
147	87	3.9873
147	90	4.27386
147	93	3.09479
147	105	2.90824
147	118	3.23946
147	142	3.94149
147	146	4.78174
147	161	4.48384
147	162	5.70097
147	177	4.46308
147	180	6.21731
147	186	5.77462
147	189	6.82733
148	2	2.17081
148	8	3.45002
148	41	4.43853
148	46	3.65477
148	60	1.68575
148	66	4.47282
148	70	3.86715
148	72	1.66633
148	104	2.94081
148	126	3.97604
148	129	3.84994
148	130	3.67344
148	167	4.39752
148	171	5.3736
148	188	5.34447
148	191	6.91887
148	194	6.90657
148	195	7.57566
149	18	1.27935
149	25	2.83285
149	53	1.80283
149	77	0.392675
149	83	3.01133
149	98	2.23368
149	104	2.76533
149	115	2.90538
149	119	3.36084
149	161	4.26773
149	175	5.3867
149	176	5.67975
149	181	5.67581
149	182	4.91684
149	187	6.56811
149	193	6.81565
149	196	10.0649
149	197	6.44011
150	38	3.31806
150	39	2.13393
150	130	1.41148
150	137	2.53813
150	142	2.82297
150	167	3.76814
150	168	3.7424
150	169	4.37603
150	173	3.85782
150	175	3.54792
150	176	4.77735
150	179	3.94384
150	181	4.34905
150	191	5.84098
150	193	5.91325
150	194	6.98302
150	198	6.61879
150	199	6.42474
151	32	0.079087
151	49	2.60692
151	61	2.25231
151	87	3.39663
151	103	2.37705
151	124	3.54622
151	139	4.04714
151	146	4.39155
151	154	3.71134
151	161	3.02705
151	176	5.50567
151	180	4.60935
151	189	4.81433
151	191	5.93008
151	194	6.557
151	196	6.49574
151	198	7.35707
151	199	5.66347
152	19	0.475729
152	66	2.72562
152	74	1.74769
152	76	2.98201
152	96	3.56736
152	103	3.41206
152	105	3.55305
152	109	2.86365
152	113	4.65546
152	114	3.17243
152	115	1.9103
152	120	4.32835
152	159	5.72056
152	168	6.56687
152	170	5.23519
152	183	6.15281
152	195	8.26111
152	196	9.06978
153	9	1.08511
153	55	2.91639
153	72	0.992341
153	97	2.76762
153	120	6.45636
153	123	2.21095
153	131	3.70656
153	133	3.39836
153	141	3.78007
153	157	4.35784
153	158	5.46143
153	171	4.69961
153	175	4.88819
153	181	5.1773
153	190	5.58679
153	191	6.24488
153	196	6.17131
153	200	6.45476
154	1	1.52694
154	5	4.26786
154	62	2.31118
154	66	1.76526
154	76	2.02165
154	77	2.66681
154	95	4.98893
154	127	3.03918
154	137	4.46154
154	151	3.71134
154	163	4.25882
154	179	4.74681
154	185	6.16364
154	186	5.45907
154	187	4.74919
154	189	6.51178
154	192	6.86554
154	200	6.85383
155	7	1.90205
155	15	2.62878
155	25	3.16406
155	89	2.75461
155	97	3.59734
155	109	4.85229
155	125	3.08532
155	131	3.74731
155	134	3.38329
155	142	4.05659
155	166	5.36515
155	167	5.00176
155	170	5.32042
155	172	5.00501
155	179	5.29491
155	180	5.11464
155	186	5.88972
155	187	5.17984
155	188	7.47074
156	4	0.69138
156	72	4.47258
156	74	1.40618
156	82	2.57117
156	92	2.29156
156	93	2.68591
156	98	2.27335
156	142	3.76506
156	166	5.07361
156	171	3.97266
156	176	7.32998
156	177	4.28664
156	180	4.82311
156	183	5.70721
156	184	4.20218
156	189	6.65089
156	191	6.78307
156	197	6.47979
156	199	7.36683
157	27	3.09805
157	38	4.78165
157	47	3.00585
157	50	3.6
157	56	3.22818
157	68	2.4142
157	75	3.83536
157	76	2.68227
157	99	3.42741
157	124	1.09253
157	153	4.35784
157	159	5.42082
157	164	5.10189
157	177	5.33201
157	182	4.05553
157	188	5.73017
157	196	7.23101
157	197	6.92102
157	200	7.51445
158	10	0.792288
158	26	2.07427
158	43	1.15342
158	52	1.22866
158	70	3.66081
158	87	3.74033
158	110	3.50392
158	118	3.74158
158	140	4.67476
158	153	5.46143
158	161	4.23687
158	162	4.24026
158	172	4.64294
158	184	7.0703
158	187	4.81777
158	190	6.05444
158	193	6.78479
158	197	8.02461
158	200	6.92241
159	14	1.71081
159	22	1.55434
159	66	2.73948
159	92	0.1858
159	107	4.05153
159	116	4.47221
159	121	4.3127
159	144	4.75501
159	146	1.97226
159	152	5.72056
159	157	5.42082
159	168	5.51958
159	172	5.54858
159	175	4.34191
159	181	5.14305
159	184	5.03728
159	187	5.72341
159	188	6.04377
159	194	7.77701
159	198	7.41279
160	6	0.653204
160	16	3.31302
160	44	3.89483
160	62	3.41069
160	69	0.727002
160	71	4.22777
160	92	3.25195
160	109	3.0028
160	117	4.19286
160	120	4.4675
160	123	3.70954
160	124	4.72038
160	131	4.41618
160	177	5.24704
160	189	5.99757
160	190	7.08537
160	191	7.11332
160	192	5.49533
160	196	7.6699
160	199	6.84671
161	7	4.7817
161	14	1.88422
161	24	2.12343
161	60	1.79314
161	65	2.3447
161	89	0.740831
161	114	2.75985
161	124	4.00318
161	147	4.48384
161	149	4.26773
161	151	3.02705
161	158	4.23687
161	163	4.46632
161	179	5.12912
161	186	5.30564
161	191	8.07109
161	195	7.68306
161	197	6.72299
161	198	7.81403
161	199	7.80448
162	4	2.07415
162	24	2.51988
162	38	2.56635
162	45	3.66119
162	47	2.33782
162	78	2.80188
162	102	4.80532
162	112	3.71195
162	118	3.98103
162	137	3.7268
162	144	4.16649
162	147	5.70097
162	158	4.24026
162	168	4.93106
162	174	5.068
162	180	6.95887
162	183	5.57815
162	188	5.45525
162	191	7.02965
162	193	7.10191
162	198	7.81742
163	6	1.8825
163	52	3.03105
163	69	4.03782
163	70	3.09883
163	91	3.36674
163	93	3.07726
163	110	3.57618
163	111	3.92916
163	119	3.55943
163	127	4.03103
163	129	3.87304
163	137	5.45339
163	146	4.76421
163	154	4.25882
163	161	4.46632
163	180	4.98202
163	183	5.49047
163	185	7.15549
163	192	7.16356
163	195	7.59877
163	196	6.86841
163	199	7.52573
164	24	2.39641
164	73	2.39141
164	88	0.254737
164	96	3.6663
164	102	3.04139
164	110	3.93345
164	117	3.22912
164	118	4.3283
164	126	3.14273
164	131	3.97196
164	136	3.27219
164	140	5.26148
164	157	5.10189
164	165	5.02458
164	179	4.25249
164	187	5.40448
164	188	6.42832
164	190	6.64115
164	193	7.37151
164	195	9.87402
164	196	7.22568
164	197	6.99597
165	12	3.35014
165	15	2.8075
165	20	2.2349
165	25	3.31672
165	46	3.96316
165	71	3.71157
165	79	3.14259
165	101	1.59604
165	110	3.19508
165	123	3.19333
165	127	3.50658
165	164	5.02458
165	166	4.04376
165	175	5.87057
165	176	6.16362
165	182	4.85027
165	184	6.76146
165	190	6.56917
165	192	7.44885
165	193	7.29952
165	197	7.71576
165	200	7.43714
166	1	2.67545
166	19	3.43733
166	74	2.41558
166	77	3.81533
166	84	3.47768
166	89	3.47248
166	90	3.10556
166	91	4.21723
166	98	4.41862
166	104	3.81441
166	108	3.01898
166	136	5.54589
166	144	6.03599
166	155	5.36515
166	156	5.07361
166	165	4.04376
166	167	5.17221
166	172	5.72288
166	173	6.92395
166	180	5.83251
166	183	6.34097
166	199	8.37623
166	200	8.00235
167	39	3.72203
167	48	4.23946
167	68	2.53871
167	88	2.29171
167	94	3.37975
167	99	3.55192
167	101	2.72448
167	110	4.32352
167	121	4.12361
167	130	4.18365
167	142	4.98289
167	148	4.39752
167	150	3.76814
167	155	5.00176
167	166	5.17221
167	170	5.05996
167	177	7.2552
167	180	5.46912
167	181	6.3615
167	185	5.88327
167	186	6.2442
167	194	7.41677
167	198	8.21685
168	9	3.28271
168	23	2.51435
168	26	2.76508
168	35	5.6767
168	37	2.58424
168	50	3.69877
168	60	2.15893
168	77	3.7175
168	116	4.25738
168	123	3.36941
168	125	4.08561
168	133	4.55682
168	150	3.7424
168	152	6.56687
168	159	5.51958
168	162	4.93106
168	169	7.60757
168	171	5.85806
168	183	5.95183
168	184	4.82245
168	191	7.40334
168	192	7.62493
168	200	7.61322
169	30	0.025241
169	36	4.09376
169	51	2.81541
169	68	3.1466
169	73	3.12913
169	78	3.80919
169	88	2.8996
169	100	4.22585
169	103	3.84471
169	105	3.98571
169	131	4.70968
169	134	4.34566
169	139	5.5148
169	145	2.63885
169	150	4.37603
169	168	7.60757
169	178	4.237
169	182	6.21041
169	187	6.61373
169	189	7.9048
169	190	7.86606
169	191	8.03697
169	192	8.25856
170	3	2.8555
170	18	1.66876
170	26	0.0976535
170	41	2.85617
170	54	2.66668
170	79	3.04813
170	104	3.15474
170	112	3.81511
170	119	1.68356
170	127	3.41213
170	152	5.23519
170	155	5.32042
170	167	5.05996
170	172	5.06321
170	175	5.77611
170	180	5.17284
170	183	6.22253
170	186	5.94792
170	191	7.1328
170	192	7.35439
170	195	9.77411
170	197	6.82952
170	198	7.92057
170	200	9.54604
171	6	2.89718
171	16	3.52621
171	36	3.27174
171	43	2.39754
171	53	3.01609
171	73	3.04881
171	79	3.87198
171	83	3.80749
171	91	1.28275
171	121	6.69888
171	129	4.88772
171	143	2.48282
171	144	5.09349
171	148	5.3736
171	153	4.69961
171	156	3.97266
171	168	5.85806
171	178	6.40297
171	179	4.46248
171	183	6.53243
171	191	7.95665
171	197	7.65337
171	199	8.54041
171	200	9.85594
172	15	2.98651
172	16	3.00189
172	30	3.89144
172	94	3.383
172	114	3.16592
172	118	4.46138
172	129	2.94518
172	140	3.82331
172	141	3.68497
172	145	4.27304
172	155	5.00501
172	158	4.64294
172	159	5.54858
172	166	5.72288
172	170	5.06321
172	176	6.3687
172	177	4.93591
172	184	4.85144
172	186	4.6019
172	191	7.36735
172	192	5.74937
172	196	7.35877
172	199	7.10075
172	200	7.64221
173	18	4.31439
173	23	2.62977
173	28	4.44376
173	34	3.8053
173	49	2.22288
173	62	4.31105
173	65	3.60037
173	71	4.00307
173	105	3.4675
173	106	4.7927
173	113	4.56991
173	123	3.48483
173	134	4.66356
173	140	5.48099
173	141	5.05395
173	145	4.35947
173	150	3.85782
173	166	6.92395
173	174	5.55711
173	185	5.97295
173	189	7.38659
173	190	6.86067
173	194	7.50645
173	198	8.30652
174	46	3.3373
174	47	3.24155
174	51	5.182
174	60	2.30715
174	63	3.70789
174	74	2.16339
174	80	5.31609
174	83	3.39111
174	106	3.35918
174	112	4.22258
174	123	3.50635
174	133	4.69376
174	141	4.91583
174	162	5.068
174	173	5.55711
174	176	6.47664
174	177	5.04385
174	182	5.71372
174	186	5.83276
174	187	5.64551
174	188	5.96588
174	192	6.98023
174	195	8.19707
174	200	7.75015
175	35	4.20689
175	40	2.35268
175	45	4.77677
175	48	3.27306
175	61	3.82823
175	62	3.81246
175	101	3.47803
175	103	3.95298
175	126	3.98871
175	130	3.17032
175	133	5.29871
175	139	4.15589
175	145	4.98594
175	146	2.93712
175	149	5.3867
175	150	3.54792
175	153	4.88819
175	159	4.34191
175	165	5.87057
175	170	5.77611
175	194	8.74186
175	196	8.07167
175	198	8.37764
175	200	8.35511
176	4	4.87392
176	14	2.53093
176	23	3.59748
176	27	3.22254
176	65	3.75672
176	78	4.21051
176	80	4.07223
176	90	3.75138
176	108	4.32175
176	115	4.53923
176	119	5.35078
176	125	4.44901
176	128	3.41332
176	132	4.11206
176	133	3.86768
176	136	6.8395
176	149	5.67975
176	150	4.77735
176	151	5.50567
176	156	7.32998
176	165	6.16362
176	172	6.3687
176	174	6.47664
176	196	8.36472
177	12	3.12838
177	37	5.67773
177	42	1.68072
177	55	3.89056
177	79	2.92083
177	81	4.74316
177	101	5.23822
177	129	3.93657
177	131	4.68073
177	134	5.42555
177	137	3.70265
177	140	4.96773
177	147	4.46308
177	156	4.28664
177	157	5.33201
177	160	5.24704
177	167	7.2552
177	172	4.93591
177	174	5.04385
177	178	5.45182
177	179	5.10836
177	183	5.554
177	193	7.07776
177	195	7.66229
177	199	7.58926
178	1	2.83123
178	31	3.47998
178	58	3.37891
178	66	3.06955
178	75	6.01735
178	79	6.20671
178	82	3.73635
178	105	3.89698
178	109	3.20758
178	119	4.5657
178	123	3.91432
178	124	4.92516
178	125	0.715038
178	135	4.64498
178	138	5.31174
178	145	2.54749
178	169	4.237
178	171	6.40297
178	177	5.45182
178	184	5.36735
178	186	6.76336
178	189	7.81607
178	190	7.7747
178	196	10.0191
178	198	8.73601
179	39	3.86456
179	63	4.61557
179	64	3.97345
179	75	4.13557
179	100	3.92825
179	110	4.23898
179	120	4.32881
179	126	3.44826
179	127	3.88411
179	132	3.27856
179	141	5.13997
179	144	4.74162
179	150	3.94384
179	154	4.74681
179	155	5.29491
179	161	5.12912
179	164	4.25249
179	171	4.46248
179	177	5.10836
179	182	5.77823
179	183	6.19703
179	184	5.02389
179	194	7.59247
179	198	8.39255
179	200	9.52054
180	24	3.03622
180	38	3.08268
180	47	2.85415
180	63	4.55275
180	67	2.99721
180	90	5.53176
180	102	5.32165
180	111	3.88718
180	118	4.49736
180	128	3.95718
180	138	4.90546
180	141	5.07715
180	145	4.38267
180	147	6.21731
180	151	4.60935
180	155	5.11464
180	156	4.82311
180	162	6.95887
180	163	4.98202
180	166	5.83251
180	167	5.46912
180	170	5.17284
180	185	5.99616
180	191	7.54197
180	195	8.19876
181	1	1.64317
181	9	3.27457
181	20	3.44198
181	31	3.96609
181	65	3.75277
181	74	3.05746
181	92	1.95179
181	93	4.56963
181	98	3.92463
181	99	4.22528
181	108	4.31781
181	117	4.88374
181	118	5.4634
181	143	6.5899
181	145	5.27505
181	146	3.73825
181	149	5.67581
181	150	4.34905
181	153	5.1773
181	159	5.14305
181	167	6.3615
181	188	6.85995
181	190	7.77625
181	191	8.43435
181	194	9.543
181	198	9.17877
182	3	3.39807
182	50	3.9708
182	62	3.79656
182	65	3.08588
182	78	3.4476
182	97	4.19811
182	99	3.79821
182	109	2.9347
182	112	4.66533
182	114	3.40896
182	124	4.25297
182	132	3.34915
182	135	4.98841
182	146	5.49761
182	149	4.91684
182	157	4.05553
182	165	4.85027
182	169	6.21041
182	174	5.71372
182	179	5.77823
182	183	6.22387
182	186	6.49049
182	189	7.5432
182	194	7.66306
182	197	10.0815
182	199	8.25913
183	22	1.98659
183	23	1.97471
183	50	1.63439
183	86	4.82979
183	89	3.73043
183	90	3.36351
183	92	3.55891
183	110	4.68462
183	111	4.39563
183	114	3.78401
183	115	4.15136
183	133	2.2449
183	152	6.15281
183	156	5.70721
183	162	5.57815
183	163	5.49047
183	166	6.34097
183	168	5.95183
183	170	6.22253
183	171	6.53243
183	177	5.554
183	179	6.19703
183	182	6.22387
183	184	5.46953
183	193	8.12268
183	198	8.83819
183	200	11.5905
184	5	4.54494
184	10	4.76032
184	13	2.3043
184	31	2.3043
184	57	1.97656
184	75	3.45182
184	100	3.10992
184	103	2.72878
184	115	3.02197
184	135	6.89959
184	137	3.61818
184	143	5.07658
184	156	4.20218
184	158	7.0703
184	159	5.03728
184	165	6.76146
184	168	4.82245
184	172	4.85144
184	178	5.36735
184	179	5.02389
184	183	5.46953
184	189	6.78886
184	193	6.9933
184	194	6.90873
184	197	11.9926
184	198	7.7088
184	199	7.50479
185	3	3.62958
185	6	2.89665
185	28	2.69315
185	29	3.36825
185	58	3.38679
185	69	5.05196
185	70	5.00364
185	89	3.63612
185	99	4.07895
185	100	4.145
185	101	3.28891
185	103	3.76386
185	111	5.83397
185	127	5.93585
185	137	7.35821
185	138	5.31961
185	142	4.9381
185	144	5.09296
185	154	6.16364
185	163	7.15549
185	167	5.88327
185	173	5.97295
185	180	5.99616
185	187	6.06135
185	193	8.02838
185	194	7.94381
185	196	7.88255
185	197	7.65284
186	11	4.87214
186	17	2.82265
186	22	2.25321
186	35	4.3787
186	42	2.83914
186	62	3.98427
186	100	4.50593
186	104	2.55566
186	106	4.13595
186	116	4.11619
186	136	6.07047
186	140	4.66462
186	145	5.15775
186	147	5.77462
186	154	5.45907
186	155	5.88972
186	161	5.30564
186	167	6.2442
186	170	5.94792
186	172	4.6019
186	174	5.83276
186	178	6.76336
186	182	6.49049
186	187	6.42228
186	192	6.59068
186	197	8.01376
186	199	7.94206
186	200	8.52692
187	5	0.76576
187	9	2.28887
187	15	3.16134
187	30	2.14177
187	54	3.48208
187	83	5.34232
187	99	3.73
187	116	4.46121
187	122	4.87453
187	127	3.88649
187	129	4.53823
187	132	5.64524
187	145	4.92423
187	149	6.56811
187	154	4.74919
187	155	5.17984
187	158	4.81777
187	159	5.72341
187	164	5.40448
187	169	6.61373
187	174	5.64551
187	185	6.06135
187	186	6.42228
187	190	10.1514
187	195	8.26395
187	197	7.30388
187	199	8.19092
187	200	7.81704
188	43	2.36841
188	82	3.71563
188	90	3.24061
188	91	3.12317
188	93	5.35155
188	95	4.55308
188	96	5.71671
188	100	6.10407
188	108	3.81099
188	111	4.27274
188	123	3.03505
188	126	3.77101
188	128	1.89642
188	134	4.23622
188	136	5.3226
188	140	5.88976
188	148	5.34447
188	155	7.47074
188	157	5.73017
188	159	6.04377
188	162	5.45525
188	164	6.42832
188	174	5.96588
188	181	6.85995
188	189	7.79535
188	192	8.14911
188	193	7.99979
188	199	8.51128
189	14	3.67149
189	18	3.90571
189	27	4.154
189	36	4.68484
189	43	3.81064
189	55	5.14221
189	61	5.05275
189	89	2.5281
189	90	4.68284
189	102	5.1119
189	104	4.20536
189	107	6.14288
189	116	5.76589
189	119	5.9872
189	120	6.09378
189	125	5.38047
189	127	5.64908
189	128	5.78497
189	134	5.67844
189	135	6.06648
189	137	6.0669
189	140	6.31432
189	147	6.82733
189	151	4.81433
189	154	6.51178
189	156	6.65089
189	160	5.99757
189	169	7.9048
189	173	7.38659
189	178	7.81607
189	182	7.5432
189	184	6.78886
189	188	7.79535
189	192	8.24038
189	193	10.2464
189	197	9.06647
189	199	9.59175
190	19	5.05413
190	30	3.3941
190	39	5.13678
190	40	5.87094
190	41	4.5672
190	48	3.97166
190	51	3.62228
190	74	6.32609
190	77	3.976
190	90	4.15692
190	102	4.58598
190	103	4.65158
190	106	4.66274
190	110	5.47804
190	114	7.75084
190	115	6.4887
190	119	5.46129
190	120	5.56787
190	125	4.3441
190	130	5.5984
190	132	6.89757
190	139	6.32166
190	141	6.37902
190	146	6.66607
190	153	5.58679
190	158	6.05444
190	160	7.08537
190	164	6.64115
190	165	6.56917
190	169	7.86606
190	173	6.86067
190	178	7.7747
190	181	7.77625
190	187	10.1514
190	191	8.84383
190	193	8.9161
190	194	8.83153
190	195	9.50063
190	197	8.54055
190	200	9.05371
191	17	4.00753
191	28	4.23895
191	47	5.2032
191	56	5.42553
191	58	4.60609
191	64	4.69149
191	67	4.95717
191	74	4.12504
191	86	6.28035
191	89	3.64386
191	91	5.92669
191	98	4.99221
191	101	4.83472
191	109	4.76126
191	114	5.23551
191	117	5.95132
191	123	5.468
191	129	6.55194
191	130	6.25649
191	134	5.81062
191	138	6.68296
191	142	6.48391
191	148	6.91887
191	150	5.84098
191	151	5.93008
191	153	6.24488
191	156	6.78307
191	160	7.11332
191	161	8.07109
191	162	7.02965
191	168	7.40334
191	169	8.03697
191	170	7.1328
191	171	7.95665
191	172	7.36735
191	180	7.54197
191	181	8.43435
191	190	8.84383
191	192	9.35613
191	193	11.3622
191	194	9.48962
191	197	9.19865
192	9	4.56374
192	13	5.11917
192	20	4.73115
192	21	5.10868
192	22	3.65968
192	25	3.45379
192	45	1.14354
192	53	4.78295
192	57	4.77904
192	65	5.04194
192	78	5.49574
192	94	5.67418
192	95	6.34907
192	101	5.05631
192	107	5.64065
192	108	5.60698
192	117	6.17291
192	126	5.56699
192	128	6.13873
192	130	6.47808
192	133	6.87699
192	138	5.06498
192	144	6.86035
192	154	6.86554
192	160	5.49533
192	163	7.16356
192	165	7.44885
192	168	7.62493
192	169	8.25856
192	170	7.35439
192	172	5.74937
192	174	6.98023
192	186	6.59068
192	188	8.14911
192	189	8.24038
192	191	9.35613
192	193	9.74419
192	194	9.71121
192	196	9.64995
192	197	9.42023
192	199	9.08952
192	200	9.93339
193	6	4.90206
193	18	4.11015
193	22	3.51035
193	32	4.79035
193	43	4.01508
193	45	3.14959
193	52	4.09031
193	60	4.34106
193	69	4.97586
193	72	4.32165
193	76	4.3774
193	81	5.01633
193	89	4.03192
193	96	5.53723
193	104	5.70917
193	106	5.39309
193	112	6.25649
193	113	5.19026
193	125	5.5849
