1	7	2.85618
1	8	2.65472
1	58	3.25257
1	61	3.56367
1	70	2.85807
1	74	3.58344
1	98	3.05494
1	121	4.13167
1	129	4.36687
1	157	4.81252
1	160	4.7513
1	163	4.50419
1	164	4.82032
1	165	4.96704
1	174	5.60467
1	182	5.1233
1	188	5.17056
2	36	2.54208
2	39	2.81183
2	89	3.29266
2	95	3.51563
2	105	3.02738
2	110	4.41212
2	113	4.3111
2	128	3.89693
2	139	4.04196
2	145	4.29531
2	147	4.97067
2	161	4.59051
2	173	4.52334
2	181	4.88619
2	191	4.97045
2	194	5.13072
2	195	4.86524
3	53	3.06431
3	62	4.04745
3	80	3.42642
3	111	3.61578
3	114	3.23274
3	118	3.90261
3	120	3.62794
3	123	4.90517
3	128	3.82757
3	139	3.9726
3	151	4.21182
3	155	4.24636
3	156	4.71927
3	179	4.77316
3	181	4.81683
3	184	4.78088
3	191	4.90109
4	13	3.18622
4	26	2.6756
4	35	3.39233
4	114	3.40244
4	131	2.81064
4	133	3.93269
4	141	4.15558
4	142	4.23193
4	153	4.56127
4	166	4.51948
4	172	3.66152
4	181	4.98653
4	186	4.30351
4	189	4.89721
4	194	5.23106
4	195	4.96557
4	196	5.23158
5	12	2.6255
5	17	3.43164
5	30	3.41018
5	47	4.33418
5	51	3.18294
5	60	3.9428
5	68	3.33967
5	116	4.16236
5	118	4.01597
5	137	4.15472
5	138	4.35512
5	144	4.36847
5	146	4.42587
5	150	4.52019
5	162	4.85205
5	176	5.06872
5	188	5.90785
6	10	2.88322
6	16	2.97178
6	19	3.67852
6	40	3.17415
6	68	3.47317
6	71	3.34659
6	86	4.44066
6	109	3.88828
6	111	4.36362
6	116	4.29586
6	137	4.28822
6	138	4.48862
6	140	4.48576
6	146	4.55936
6	162	4.98555
6	168	5.59914
6	176	5.20222
7	1	2.85618
7	21	3.35566
7	38	3.23499
7	68	3.02956
7	75	3.70261
7	97	3.86699
7	103	3.98329
7	121	4.21872
7	130	4.48857
7	134	4.10162
7	147	4.59296
7	154	4.85425
7	157	4.89957
7	163	4.59124
7	164	4.90737
7	180	4.60076
7	197	4.83998
8	1	2.65472
8	29	3.20215
8	58	3.13817
8	108	3.527
8	113	3.76159
8	121	4.01727
8	133	4.06516
8	139	3.78198
8	147	4.3915
8	154	4.6528
8	157	4.69812
8	160	4.6369
8	163	4.38979
8	164	4.70591
8	178	4.66015
8	188	5.05616
8	194	4.76623
9	27	2.54104
9	43	2.78228
9	48	3.16064
9	69	3.03039
9	104	3.64419
9	108	4.61835
9	112	3.73879
9	129	3.85551
9	134	3.82126
9	135	4.41512
9	142	3.9895
9	148	5.52357
9	168	4.67157
9	176	5.31688
9	178	5.03146
9	180	4.92027
9	185	5.03974
10	6	2.88322
10	23	2.87983
10	65	3.42677
10	68	3.54615
10	71	3.41958
10	72	3.70522
10	82	3.46452
10	137	4.3612
10	144	4.57496
10	146	4.63235
10	148	4.58032
10	150	4.72667
10	155	4.07683
10	162	5.05853
10	176	5.2752
10	178	4.71988
10	185	4.78956
11	34	2.87772
11	36	4.69962
11	38	4.36723
11	57	3.46895
11	79	3.17665
11	86	3.1265
11	91	3.32727
11	107	3.31064
11	113	3.61343
11	123	3.77476
11	170	4.41684
11	171	4.30586
11	177	4.7429
11	186	4.89335
11	192	5.27002
11	194	5.61567
11	199	5.10811
12	5	2.6255
12	49	3.15323
12	55	3.08118
12	63	3.11129
12	94	3.93521
12	109	3.83705
12	118	4.09823
12	129	4.63123
12	137	4.23698
12	140	4.43452
12	144	4.45074
12	146	4.50813
12	150	4.60245
12	158	4.65776
12	162	4.93431
12	176	5.15098
12	193	4.61441
13	4	3.18622
13	14	3.48661
13	15	3.75314
13	76	3.12407
13	95	3.99433
13	100	3.73221
13	102	2.35291
13	107	4.0499
13	113	3.80944
13	139	4.52067
13	141	4.53395
13	151	4.75989
13	161	5.06921
13	162	3.96407
13	173	5.00204
13	184	5.32895
13	191	5.44916
14	13	3.48661
14	20	3.53984
14	28	3.0045
14	39	3.21256
14	66	3.24476
14	69	3.13745
14	81	3.53271
14	95	3.91635
14	115	4.08392
14	120	4.09802
14	128	4.29765
14	143	4.40455
14	164	5.24976
14	166	4.81987
14	171	5.52712
14	179	5.24325
14	184	5.25096
15	13	3.75314
15	25	2.64899
15	54	4.27332
15	57	3.21442
15	70	3.31064
15	72	4.33501
15	73	3.57645
15	92	3.5318
15	122	4.22096
15	124	4.797
15	127	3.84931
15	135	4.50204
15	158	4.73559
15	167	4.69861
15	172	4.91455
15	178	5.11838
15	179	5.72066
15	185	5.12666
16	6	2.97178
16	43	2.41974
16	47	3.31277
16	67	3.19191
16	93	3.47759
16	99	3.51791
16	105	3.69666
16	148	4.56753
16	149	3.53321
16	157	4.09769
16	159	4.71715
16	170	5.42154
16	183	5.1948
16	188	4.46731
16	190	5.27269
16	197	5.5052
16	198	5.50519
16	200	5.50519
17	5	3.43164
17	36	4.05572
17	76	3.68247
17	78	3.69756
17	83	3.67027
17	90	3.33142
17	112	3.96339
17	122	4.35864
17	123	3.96917
17	125	4.03935
17	128	3.66088
17	135	4.63972
17	137	4.44868
17	167	4.83628
17	172	5.05222
17	175	5.11382
17	180	5.14487
17	185	5.26434
18	50	2.98891
18	67	2.93819
18	73	4.13345
18	75	3.20391
18	85	3.20666
18	93	3.22387
18	117	3.91791
18	133	4.79034
18	145	4.14197
18	151	3.84706
18	159	4.46343
18	169	4.87849
18	182	4.90257
18	183	4.94108
18	190	5.01897
18	197	5.25148
18	198	5.25147
18	200	5.25147
19	6	3.67852
19	30	2.84192
19	76	3.81516
19	90	3.43901
19	91	3.31063
19	96	3.30506
19	107	3.29399
19	126	3.738
19	151	3.86082
19	156	4.46725
19	174	4.48769
19	177	4.72625
19	185	5.46878
19	186	4.8767
19	187	4.62888
19	192	5.25338
19	195	6.08428
19	199	5.09146
20	14	3.53984
20	22	2.86148
20	45	3.14144
20	52	3.20095
20	79	3.36686
20	89	3.82187
20	90	3.64586
20	110	3.70838
20	152	4.17417
20	156	4.67411
20	158	4.81719
20	170	4.60705
20	174	4.69455
20	186	5.08356
20	187	4.83574
20	192	5.46023
20	194	5.44267
20	197	5.31288
21	7	3.35566
21	27	3.61032
21	38	3.64743
21	39	2.67308
21	63	4.20053
21	64	3.22406
21	74	4.08292
21	75	4.11504
21	86	3.76158
21	88	4.11587
21	103	4.39572
21	121	4.63115
21	148	5.02772
21	149	4.00813
21	154	5.26669
21	157	5.31201
21	160	5.25079
21	188	5.67005
22	20	2.86148
22	33	3.50315
22	48	3.32996
22	52	3.40775
22	74	2.86291
22	75	3.16863
22	90	3.85266
22	96	3.71872
22	123	4.17177
22	126	4.15165
22	156	4.88091
22	168	5.10283
22	170	4.81384
22	172	4.93581
22	177	5.1399
22	186	5.29035
22	192	5.66703
22	199	5.50511
23	10	2.87983
23	33	3.87999
23	47	3.1208
23	56	3.42527
23	64	3.27651
23	81	3.4894
23	85	3.2684
23	103	3.89918
23	136	3.93366
23	137	5.30988
23	148	4.37556
23	159	4.52517
23	169	4.94023
23	183	5.00283
23	190	5.08071
23	197	5.31323
23	198	5.31322
23	200	5.31322
24	26	2.48902
24	46	3.20406
24	93	3.437
24	94	3.51862
24	95	3.42403
24	106	3.8276
24	125	3.04774
24	163	4.20098
24	169	5.09161
24	170	4.76116
24	171	3.78889
24	176	3.68572
24	182	5.1157
24	183	5.15421
24	190	5.23209
24	197	5.46461
24	198	5.4646
24	200	5.4646
25	15	2.64899
25	48	3.14311
25	57	3.10998
25	83	3.42815
25	85	4.0596
25	92	3.42735
25	122	4.11651
25	131	4.01471
25	154	4.47611
25	160	4.74867
25	166	4.80088
25	168	4.65404
25	175	4.87169
25	178	5.01393
25	180	4.90274
25	181	4.80126
25	185	5.02221
25	193	5.10454
26	4	2.6756
26	24	2.48902
26	85	2.98536
26	94	3.0842
26	106	3.39318
26	117	4.69935
26	134	5.40472
26	136	3.65062
26	140	5.26957
26	144	4.8695
26	145	3.92068
26	169	4.65719
26	182	4.68127
26	183	4.71979
26	190	4.79767
26	197	5.03019
26	198	5.03018
26	200	5.03018
27	9	2.54104
27	21	3.61032
27	32	3.43001
27	36	3.63488
27	50	3.56662
27	61	3.90538
27	73	3.19296
27	81	3.74651
27	97	4.12164
27	142	4.60102
27	147	4.84762
27	157	5.15423
27	160	5.09302
27	164	5.16203
27	165	5.30876
27	166	3.81993
27	188	5.51228
27	195	5.13003
28	14	3.0045
28	63	4.08491
28	64	3.10844
28	75	2.87024
28	112	4.20912
28	120	3.69389
28	128	3.89352
28	139	4.03856
28	153	4.45753
28	155	4.31231
28	171	4.80859
28	174	5.74353
28	179	4.83911
28	181	4.88278
28	184	4.84683
28	189	4.79347
28	191	4.96705
28	194	5.12731
28	196	5.12784
29	8	3.20215
29	32	3.63573
29	38	3.69537
29	58	3.8
29	69	4.20694
29	75	4.16298
29	83	3.59819
29	84	3.29453
29	85	3.65136
29	103	4.44366
29	108	4.18883
29	143	4.29243
29	147	5.05333
29	160	5.29873
29	163	5.05162
29	165	5.51447
29	173	5.35678
29	176	4.67129
29	188	5.71799
30	5	3.41018
30	19	2.84192
30	45	3.53553
30	52	3.59504
30	63	3.87747
30	91	3.91157
30	96	3.90601
30	101	3.69501
30	117	4.3357
30	150	4.37244
30	152	4.56826
30	158	4.32483
30	159	4.20739
30	177	5.3272
30	183	4.67623
30	186	5.47765
30	187	5.22983
30	192	5.85432
30	199	5.69241
31	49	3.12787
31	50	3.62532
31	52	3.20216
31	62	3.01057
31	110	3.70958
31	115	4.09244
31	117	3.94282
31	123	3.96617
31	126	3.94606
31	132	3.757
31	149	4.40906
31	150	5.54996
31	167	5.57802
31	170	4.60825
31	174	4.69575
31	187	4.83694
31	192	5.46144
31	197	5.99805
31	199	5.29952
32	27	3.43001
32	29	3.63573
32	50	3.54409
32	52	3.62991
32	69	3.97869
32	81	3.72398
32	97	4.09911
32	104	3.33466
32	110	4.30722
32	111	3.62202
32	147	4.82508
32	150	4.63297
32	154	5.08638
32	157	5.1317
32	160	5.07048
32	163	4.82337
32	164	5.13949
32	186	5.33251
32	188	5.48974
33	22	3.50315
33	23	3.87999
33	42	3.76632
33	53	3.24443
33	80	3.34477
33	98	3.23792
33	100	3.36426
33	140	4.82282
33	151	4.39193
33	153	4.57169
33	155	4.42647
33	161	4.70126
33	173	4.63409
33	177	5.52994
33	179	4.95327
33	181	4.99694
33	194	5.24147
33	195	4.97599
33	196	5.242
34	11	2.87772
34	42	2.85232
34	47	3.22657
34	67	3.1057
34	96	4.12343
34	106	3.78199
34	136	4.03943
34	138	3.44751
34	145	4.30949
34	167	4.49134
34	169	5.046
34	178	4.93507
34	182	5.07008
34	183	5.1086
34	190	5.18648
34	196	4.98116
34	197	5.419
34	198	5.41899
34	200	5.41899
35	4	3.39233
35	37	4.92308
35	51	3.43409
35	54	3.1814
35	65	3.47143
35	68	3.59082
35	71	3.46424
35	72	3.74989
35	94	5.64157
35	101	5.07932
35	109	4.00593
35	116	4.41351
35	118	4.26712
35	135	5.7861
35	138	4.60627
35	140	4.60341
35	150	4.77134
35	162	5.1032
35	176	5.31987
36	2	2.54208
36	11	4.69962
36	17	4.05572
36	27	3.63488
36	53	3.06857
36	98	3.06207
36	111	3.62004
36	133	3.76726
36	153	4.39584
36	155	4.25062
36	156	5.67455
36	161	4.52541
36	173	4.45824
36	184	4.78514
36	189	4.73177
36	190	6.78238
36	191	4.90535
36	194	5.06562
36	195	4.80014
37	35	4.92308
37	86	3.12667
37	90	3.45582
37	107	3.31081
37	113	3.6136
37	117	3.75157
37	126	3.75482
37	133	5.01151
37	152	3.98413
37	156	4.48407
37	165	4.56207
37	169	4.70255
37	170	4.41701
37	171	4.30603
37	174	4.50451
37	186	4.89352
37	192	5.27019
37	196	5.65259
37	199	5.10828
38	7	3.23499
38	11	4.36723
38	21	3.64743
38	29	3.69537
38	56	3.38349
38	58	3.63139
38	67	4.53943
38	69	4.03832
38	74	3.96225
38	75	3.99437
38	77	5.10283
38	88	3.99519
38	103	4.27505
38	108	4.02022
38	111	4.94184
38	158	5.90519
38	164	5.19913
38	165	5.34586
38	188	5.54938
39	2	2.81183
39	14	3.21256
39	21	2.67308
39	44	3.52051
39	96	4.26111
39	99	4.22603
39	120	3.90195
39	141	4.2599
39	143	4.20848
39	153	4.66559
39	155	4.52037
39	159	4.4359
39	173	4.72799
39	174	5.76461
39	181	5.09084
39	189	5.00153
39	191	5.17511
39	195	5.06989
39	196	5.3359
40	6	3.17415
40	54	3.42766
40	59	3.33914
40	71	3.7105
40	77	4.06257
40	82	3.75545
40	88	3.53811
40	95	4.77637
40	109	4.25219
40	118	4.51338
40	126	4.65821
40	127	4.44426
40	137	4.65213
40	138	4.85253
40	140	4.84967
40	144	4.86588
40	150	5.0176
40	162	5.34946
40	176	5.56613
41	73	3.30429
41	77	2.69293
41	85	4.29069
41	90	4.1226
41	119	3.57456
41	127	3.57715
41	134	3.63603
41	142	3.80427
41	158	4.46344
41	167	4.42645
41	168	4.48633
41	172	4.64239
41	178	4.84623
41	180	4.73504
41	181	5.03234
41	185	4.85451
41	191	5.88991
41	193	4.93683
41	199	5.50739
42	33	3.76632
42	34	2.85232
42	67	3.1258
42	94	3.49311
42	99	3.4518
42	102	3.25813
42	125	4.62899
42	136	4.05953
42	145	4.32959
42	148	4.50143
42	160	4.9361
42	162	4.86929
42	168	5.366
42	169	5.0661
42	182	5.09018
42	183	5.1287
42	190	5.20658
42	197	5.4391
42	198	5.43909
42	200	5.43909
43	9	2.78228
43	16	2.41974
43	71	3.7205
43	102	3.7911
43	112	3.94148
43	122	4.33673
43	129	4.0582
43	130	3.92881
43	142	4.19219
43	151	3.75604
43	158	4.85136
43	167	4.81437
43	172	5.03031
43	173	5.63355
43	174	5.98619
43	175	5.09191
43	178	5.23415
43	185	5.24243
43	190	5.31972
43	193	5.32475
44	39	3.52051
44	47	4.21599
44	72	3.73764
44	83	3.68778
44	84	3.37579
44	92	3.68698
44	100	4.04471
44	104	3.88629
44	122	4.37614
44	125	4.05686
44	129	4.09761
44	135	4.65722
44	154	5.06502
44	158	4.89077
44	168	4.91367
44	172	5.06973
44	178	5.27356
44	185	5.28184
44	186	6.24246
44	193	5.36417
45	20	3.14144
45	30	3.53553
45	62	3.49612
45	80	3.87032
45	90	4.13262
45	94	3.80149
45	110	4.19513
45	113	4.29039
45	122	4.33593
45	123	4.45172
45	130	4.66831
45	147	4.80443
45	149	4.89461
45	156	5.16086
45	169	4.13948
45	170	5.0938
45	171	4.98282
45	177	5.41986
45	192	5.94698
45	196	5.08952
46	24	3.20406
46	55	2.70784
46	83	3.46489
46	85	3.7004
46	94	3.79923
46	96	4.07261
46	105	3.93668
46	109	3.80356
46	112	4.04171
46	135	3.78683
46	145	4.63572
46	148	4.80756
46	159	4.95717
46	182	5.39631
46	183	5.43483
46	185	4.95393
46	190	5.51271
46	197	5.74523
46	198	5.74522
46	200	5.74522
47	5	4.33418
47	16	3.31277
47	23	3.1208
47	34	3.22657
47	44	4.21599
47	60	3.09101
47	93	3.78574
47	94	3.86735
47	99	3.82605
47	119	3.85607
47	148	4.87568
47	153	4.23072
47	159	5.02529
47	160	5.0911
47	175	5.08619
47	182	5.46443
47	190	5.58083
47	197	5.81335
47	198	5.81333
47	200	5.81334
48	9	3.16064
48	22	3.32996
48	25	3.14311
48	77	3.45921
48	80	3.17158
48	83	4.02672
48	121	4.21381
48	122	4.71509
48	127	4.34344
48	129	4.43656
48	130	4.30717
48	134	4.40231
48	135	4.99617
48	154	4.59717
48	163	5.71586
48	168	5.25261
48	172	5.40868
48	175	5.47027
48	180	5.50132
48	191	5.77988
49	12	3.15323
49	31	3.12787
49	62	3.48135
49	65	4.22335
49	80	3.85554
49	91	3.98946
49	110	4.18035
49	113	4.27562
49	117	4.41359
49	122	4.83551
49	126	4.41683
49	131	4.27789
49	149	4.87984
49	152	4.64614
49	162	4.79908
49	170	5.07902
49	177	5.40508
49	186	5.55553
49	187	5.30771
49	196	5.5891
50	18	2.98891
50	27	3.56662
50	31	3.62532
50	32	3.54409
50	59	3.49819
50	69	4.1153
50	74	4.03922
50	88	4.07217
50	97	4.23572
50	108	4.09719
50	140	4.2733
50	147	4.96169
50	157	5.26831
50	160	5.20709
50	163	4.95998
50	165	5.42283
50	182	5.38101
50	188	5.62635
50	189	5.3663
50	196	5.2166
51	5	3.18294
51	35	3.43409
51	55	3.63862
51	65	3.85998
51	68	3.97936
51	78	3.17701
51	82	3.89773
51	107	4.451
51	109	4.39448
51	110	4.31155
51	116	4.80205
51	138	4.99482
51	144	5.00817
51	146	5.06556
51	150	5.15988
51	152	4.40073
51	162	5.49174
51	172	4.69486
51	176	5.70842
51	195	5.79428
52	20	3.20095
52	22	3.40775
52	30	3.59504
52	31	3.20216
52	32	3.62991
52	53	4.64748
52	69	3.45934
52	76	4.50815
52	96	4.05819
52	103	4.26438
52	110	4.25464
52	123	4.51124
52	126	4.49112
52	132	4.30206
52	156	5.22038
52	171	5.04234
52	177	5.47937
52	191	6.32512
52	192	6.0065
52	199	5.84458
53	3	3.06431
53	33	3.24443
53	36	3.06857
53	52	4.64748
53	60	3.93224
53	72	3.84527
53	83	4.70298
53	95	4.04212
53	103	4.29463
53	120	4.22379
53	126	5.39623
53	128	4.42342
53	139	4.56846
53	143	4.53032
53	155	4.84221
53	161	5.117
53	166	4.94564
53	191	5.49695
53	194	5.65722
53	195	5.39173
54	15	4.27332
54	35	3.1814
54	40	3.42766
54	58	3.30599
54	68	3.72668
54	109	4.14179
54	116	4.54937
54	118	4.40298
54	131	3.96306
54	137	4.54173
54	138	4.74213
54	140	4.73927
54	141	4.11056
54	144	4.75549
54	146	4.81288
54	150	4.9072
54	162	5.23906
54	170	5.95737
54	176	5.45573
54	190	5.25359
55	12	3.08118
55	46	2.70784
55	51	3.63862
55	72	3.95442
55	82	3.71372
55	109	4.21046
55	116	4.61804
55	118	4.47165
55	129	4.8446
55	131	4.12541
55	137	4.6104
55	138	4.8108
55	144	4.82415
55	146	4.88154
55	147	5.15153
55	150	4.97587
55	157	4.79587
55	162	5.30773
55	176	5.5244
55	183	5.22253
56	23	3.42527
56	38	3.38349
56	61	3.79922
56	66	4.02681
56	75	3.85111
56	97	4.01549
56	103	4.13179
56	106	3.72383
56	108	3.87696
56	121	4.36722
56	146	4.62513
56	147	4.74146
56	154	5.00276
56	157	5.04808
56	163	4.73974
56	164	5.05587
56	165	5.2026
56	174	5.95719
56	177	5.07523
56	188	5.40612
57	11	3.46895
57	15	3.21442
57	25	3.10998
57	70	3.77163
57	77	3.42607
57	97	3.74285
57	104	4.1921
57	124	3.71123
57	125	4.36267
57	131	4.58015
57	134	4.36918
57	142	4.53741
57	158	5.19658
57	168	5.21948
57	173	5.86553
57	178	5.57937
57	180	5.46818
57	185	5.58765
57	187	4.46829
57	196	5.57239
58	1	3.25257
58	8	3.13817
58	29	3.8
58	38	3.63139
58	54	3.30599
58	61	4.04712
58	64	3.70153
58	69	4.14296
58	97	4.26338
58	121	4.61512
58	127	4.70469
58	144	4.34747
58	147	4.98936
58	154	5.25065
58	157	5.29597
58	160	5.23476
58	164	5.30377
58	180	5.38182
58	188	5.65402
58	198	5.38281
59	40	3.33914
59	50	3.49819
59	61	3.83694
59	63	4.55501
59	74	3.85671
59	78	3.58968
59	81	3.67808
59	88	3.88966
59	96	4.71012
59	97	4.05321
59	121	4.40494
59	147	4.77918
59	148	5.3822
59	154	5.04048
59	160	5.02458
59	163	4.77747
59	164	5.09359
59	165	5.24032
59	184	5.27735
59	188	5.44384
60	5	3.9428
60	47	3.09101
60	53	3.93224
60	64	3.24673
60	106	3.64643
60	113	4.47828
60	122	4.66935
60	136	3.90387
60	145	4.17393
60	148	4.34577
60	159	4.49538
60	161	4.67563
60	169	4.91044
60	182	4.93452
60	183	4.97304
60	188	5.1518
60	190	5.05092
60	197	5.28344
60	198	5.28343
60	200	5.28343
61	1	3.56367
61	27	3.90538
61	56	3.79922
61	58	4.04712
61	59	3.83694
61	69	4.45405
61	73	3.54057
61	75	4.4101
61	91	3.49263
61	95	4.1845
61	99	3.94574
61	140	3.89523
61	142	4.94863
61	154	5.56174
61	157	5.60706
61	160	5.54585
61	163	5.29873
61	164	5.61486
61	165	5.76159
61	188	5.96511
61	194	4.89853
62	3	4.04745
62	31	3.01057
62	45	3.49612
62	49	3.48135
62	91	3.87217
62	107	3.85553
62	113	4.15832
62	126	4.29954
62	143	5.08758
62	144	4.51542
62	149	4.76254
62	152	4.52885
62	161	5.11149
62	165	4.76827
62	170	4.96173
62	171	4.85075
62	186	5.43824
62	187	5.19042
62	192	5.81492
62	199	5.653
62	200	5.34536
63	12	3.11129
63	21	4.20053
63	28	4.08491
63	30	3.87747
63	59	4.55501
63	65	3.70607
63	71	3.69888
63	72	3.98453
63	82	3.74383
63	104	4.83008
63	116	4.64815
63	118	4.50176
63	137	4.64051
63	138	4.84091
63	140	4.83805
63	144	4.85426
63	146	4.91165
63	150	5.00598
63	162	5.33784
63	170	7.32938
63	176	5.55451
64	21	3.22406
64	23	3.27651
64	28	3.10844
64	58	3.70153
64	60	3.24673
64	67	3.65577
64	93	3.94145
64	106	4.33205
64	123	4.7272
64	133	5.02872
64	136	4.5895
64	141	4.5061
64	145	4.85955
64	148	5.03139
64	159	5.18101
64	165	4.57929
64	182	5.62015
64	190	5.73655
64	197	5.96906
64	198	5.96905
64	200	5.96905
65	10	3.42677
65	35	3.47143
65	49	4.22335
65	51	3.85998
65	63	3.70607
65	71	3.89014
65	72	4.17578
65	81	4.00979
65	82	3.93508
65	88	4.40107
65	107	5.58917
65	116	4.8394
65	118	4.69301
65	127	5.30721
65	132	5.31075
65	137	4.83176
65	140	5.0293
65	144	5.04552
65	150	5.19723
65	162	5.52909
65	176	5.74576
66	14	3.24476
66	56	4.02681
66	74	3.84128
66	89	3.52951
66	90	4.79415
66	111	3.922
66	120	3.93416
66	123	5.4319
66	125	5.3442
66	128	4.13378
66	139	4.27882
66	143	4.24068
66	161	4.82736
66	166	4.656
66	169	5.42447
66	173	4.76019
66	179	5.07938
66	184	5.0871
66	191	5.20731
66	195	5.10209
66	196	5.3681
67	16	3.19191
67	18	2.93819
67	34	3.1057
67	38	4.53943
67	42	3.1258
67	64	3.65577
67	76	4.09785
67	99	3.70519
67	136	4.31291
67	146	5.04159
67	148	4.75481
67	154	4.7321
67	169	5.31948
67	176	5.33554
67	182	5.34357
67	183	5.38208
67	190	5.45996
67	193	5.11904
67	197	5.69248
67	198	5.69247
67	200	5.69247
68	5	3.33967
68	6	3.47317
68	7	3.02956
68	10	3.54615
68	35	3.59082
68	51	3.97936
68	54	3.72668
68	77	4.41106
68	82	4.05447
68	109	4.55121
68	116	4.95878
68	137	4.95115
68	140	5.14869
68	145	4.81845
68	146	5.22229
68	150	5.31662
68	154	4.78312
68	162	5.64848
68	176	5.86515
68	192	5.38414
68	195	6.41799
69	9	3.03039
69	14	3.13745
69	29	4.20694
69	32	3.97869
69	38	4.03832
69	50	4.1153
69	52	3.45934
69	58	4.14296
69	61	4.45405
69	88	4.50677
69	97	4.67032
69	108	4.53179
69	142	5.09037
69	157	5.70291
69	163	5.39458
69	164	5.7107
69	165	5.85743
69	169	4.03025
69	185	5.00388
69	188	6.06095
69	189	5.12999
70	1	2.85807
70	15	3.31064
70	57	3.77163
70	76	4.102
70	78	4.11709
70	84	3.77782
70	112	4.38292
70	119	4.40392
70	125	4.45888
70	130	4.37025
70	131	4.67637
70	134	4.46539
70	135	5.05925
70	159	4.87537
70	167	5.25581
70	171	5.26913
70	175	5.53335
70	179	4.6208
70	182	5.72271
70	185	5.68387
70	190	5.53761
71	6	3.34659
71	10	3.41958
71	35	3.46424
71	40	3.7105
71	43	3.7205
71	63	3.69888
71	65	3.89014
71	96	5.18148
71	109	4.42464
71	116	4.83221
71	137	4.82457
71	138	5.02497
71	140	5.02211
71	144	5.03833
71	146	5.09572
71	150	5.19004
71	152	5.28474
71	153	4.45561
71	162	5.5219
71	176	5.73857
71	186	6.22087
71	194	6.0992
72	10	3.70522
72	15	4.33501
72	35	3.74989
72	44	3.73764
72	53	3.84527
72	55	3.95442
72	63	3.98453
72	65	4.17578
72	82	4.21354
72	93	3.8895
72	109	4.71028
72	116	5.11785
72	126	4.56377
72	138	5.31062
72	140	5.30776
72	144	5.32397
72	146	5.38136
72	150	5.47569
72	161	4.58867
72	162	5.80755
72	170	6.01906
72	176	6.02422
73	15	3.57645
73	18	4.13345
73	27	3.19296
73	41	3.30429
73	61	3.54057
73	76	4.3678
73	78	4.38289
73	83	4.35561
73	87	4.36315
73	92	4.35481
73	104	4.55412
73	122	5.04398
73	127	4.67232
73	128	5.11025
73	135	5.32506
73	140	5.41784
73	141	5.19743
73	142	4.89943
73	172	5.73756
73	175	5.79915
73	180	5.8302
73	193	6.032
74	1	3.58344
74	21	4.08292
74	22	2.86291
74	38	3.96225
74	50	4.03922
74	59	3.85671
74	66	3.84128
74	88	4.43069
74	103	4.71055
74	108	4.45572
74	121	4.94598
74	126	4.35369
74	154	5.58152
74	157	5.62684
74	160	5.56562
74	164	5.63463
74	165	5.78136
74	172	4.66556
74	175	4.39776
74	178	5.0798
74	188	5.98488
74	195	5.76498
75	7	3.70261
75	18	3.20391
75	21	4.11504
75	22	3.16863
75	28	2.87024
75	29	4.16298
75	38	3.99437
75	56	3.85111
75	61	4.4101
75	97	4.62636
75	103	4.74266
75	121	4.97809
75	147	5.35233
75	154	5.61363
75	157	5.65895
75	163	5.35062
75	164	5.66674
75	170	6.1147
75	172	4.97127
75	188	6.01699
75	190	5.41092
75	199	5.23603
76	13	3.12407
76	17	3.68247
76	19	3.81516
76	52	4.50815
76	67	4.09785
76	70	4.102
76	73	4.3678
76	78	4.35124
76	83	4.32395
76	119	4.63807
76	125	4.69303
76	127	4.64067
76	129	4.73379
76	130	4.6044
76	142	4.86778
76	144	4.68573
76	158	5.52695
76	169	5.07906
76	178	5.90974
76	180	5.79855
76	192	5.63433
76	193	6.00034
77	38	5.10283
77	40	4.06257
77	41	2.69293
77	48	3.45921
77	57	3.42607
77	68	4.41106
77	78	3.77153
77	114	5.32149
77	119	4.05837
77	131	4.33081
77	135	4.71369
77	142	4.28807
77	167	4.91026
77	168	4.97014
77	172	5.1262
77	175	5.18779
77	177	6.05509
77	178	5.33003
77	180	5.21884
77	184	6.00078
77	185	5.33831
77	193	5.42064
78	17	3.69756
78	51	3.17701
78	59	3.58968
78	70	4.11709
78	73	4.38289
78	76	4.35124
78	77	3.77153
78	102	4.48178
78	105	3.45257
78	117	4.16742
78	122	5.02741
78	125	4.70812
78	131	4.92561
78	134	4.71463
78	135	5.30849
78	158	5.54204
78	167	5.50505
78	175	5.78259
78	177	5.44476
78	178	5.92483
78	189	5.83065
78	192	5.28618
79	11	3.17665
79	20	3.36686
79	80	4.09574
79	101	4.0131
79	110	4.42055
79	112	4.30503
79	113	4.51582
79	117	4.65379
79	122	4.44007
79	124	3.3325
79	132	4.46797
79	134	4.3855
79	143	4.42246
79	156	5.38629
79	167	4.70384
79	171	5.20825
79	174	5.40672
79	186	5.79574
79	187	5.54791
79	191	5.3806
79	192	6.17241
79	199	6.01049
80	3	3.42642
80	33	3.34477
80	45	3.87032
80	48	3.17158
80	49	3.85554
80	79	4.09574
80	90	4.37474
80	96	4.2408
80	107	4.22972
80	110	4.43726
80	117	4.67049
80	123	4.69385
80	152	4.90305
80	173	5.5309
80	174	5.42342
80	177	5.66199
80	180	4.92874
80	182	5.40217
80	187	5.56462
80	192	6.18911
80	197	5.16796
80	199	6.02719
81	14	3.53271
81	23	3.4894
81	27	3.74651
81	32	3.72398
81	59	3.67808
81	65	4.00979
81	88	4.25206
81	97	4.41561
81	108	4.27708
81	121	4.76734
81	130	4.95433
81	138	3.84189
81	147	5.14158
81	154	5.40288
81	157	5.4482
81	160	5.38698
81	163	5.13987
81	164	5.45599
81	165	5.60272
81	170	6.05864
81	184	5.08504
81	188	5.80624
82	10	3.46452
82	40	3.75545
82	51	3.89773
82	55	3.71372
82	63	3.74383
82	65	3.93508
82	68	4.05447
82	72	4.21354
82	86	4.28952
82	111	4.21247
82	118	4.73077
82	137	4.86952
82	138	5.06992
82	140	5.06706
82	146	5.14066
82	150	5.23499
82	162	5.56685
82	173	6.03445
82	175	5.01319
82	176	5.78352
82	189	5.89101
82	199	5.54574
83	17	3.67027
83	25	3.42815
83	29	3.59819
83	44	3.68778
83	46	3.46489
83	48	4.02672
83	53	4.70298
83	73	4.35561
83	76	4.32395
83	114	5.22387
83	122	5.00012
83	130	4.59221
83	133	5.55258
83	134	4.68734
83	135	5.2812
83	141	5.02996
83	146	5.50739
83	158	5.51475
83	167	5.47777
83	168	5.53765
83	175	5.7553
83	178	5.89754
83	193	5.98815
84	29	3.29453
84	44	3.37579
84	70	3.77782
84	85	4.47773
84	112	4.29288
84	119	4.31389
84	120	4.84417
84	122	4.68814
84	130	4.28022
84	131	4.58633
84	132	4.90739
84	142	4.54359
84	143	5.11881
84	146	5.20373
84	158	5.20277
84	167	5.16578
84	168	5.22566
84	175	5.44331
84	178	5.58556
84	180	5.47436
84	181	5.21939
84	185	5.59383
84	193	5.67616
85	18	3.20666
85	23	3.2684
85	25	4.0596
85	26	2.98536
85	29	3.65136
85	41	4.29069
85	46	3.7004
85	84	4.47773
85	99	3.97365
85	136	4.58138
85	141	5.08313
85	145	4.85144
85	148	5.02328
85	154	5.25107
85	159	5.17289
85	169	5.58795
85	182	5.61203
85	183	5.65055
85	185	6.27043
85	190	5.72843
85	197	5.96095
85	198	5.96094
85	200	5.96094
86	6	4.44066
86	11	3.1265
86	21	3.76158
86	37	3.12667
86	82	4.28952
86	110	4.3704
86	113	4.46566
86	117	4.60363
86	119	4.24909
86	123	4.62699
86	132	4.41782
86	135	5.06382
86	141	5.04362
86	149	5.06988
86	152	4.83619
86	156	5.33613
86	170	5.26906
86	171	5.15809
86	174	5.35656
86	177	5.59513
86	185	6.23092
86	186	5.74558
86	192	6.12225
87	73	4.36315
87	91	4.31521
87	115	3.96344
87	128	4.17717
87	132	4.6785
87	133	4.1126
87	136	5.03045
87	139	4.3222
87	149	4.45589
87	151	4.56142
87	161	4.87075
87	164	5.09459
87	166	4.69939
87	173	4.80358
87	179	5.12276
87	181	5.16643
87	184	5.13048
87	189	5.07711
87	191	5.25069
87	194	5.41096
87	195	5.14548
87	196	5.41149
87	200	5.14769
88	21	4.11587
88	38	3.99519
88	40	3.53811
88	50	4.07217
88	59	3.88966
88	65	4.40107
88	69	4.50677
88	74	4.43069
88	81	4.25206
88	103	4.74349
88	108	4.48866
88	117	4.2533
88	121	4.97892
88	126	4.99462
88	147	5.35316
88	154	5.61446
88	156	4.63831
88	160	5.59856
88	163	5.35144
88	165	5.8143
88	178	5.72074
88	183	5.55273
88	188	6.01782
89	2	3.29266
89	20	3.82187
89	66	3.52951
89	91	4.75241
89	95	4.2011
89	97	4.26877
89	106	4.51073
89	115	4.36867
89	120	4.38277
89	125	5.068
89	129	5.5063
89	133	4.51784
89	139	4.72744
89	141	4.74072
89	145	5.13787
89	151	4.96666
89	155	5.00119
89	166	5.10462
89	179	5.528
89	181	5.57167
89	191	5.65593
89	194	5.8162
89	196	5.81672
90	17	3.33142
90	19	3.43901
90	20	3.64586
90	22	3.85266
90	37	3.45582
90	41	4.1226
90	45	4.13262
90	66	4.79415
90	80	4.37474
90	101	4.2921
90	107	4.49202
90	109	4.95198
90	127	5.09261
90	132	4.74697
90	146	5.39248
90	155	5.38962
90	156	5.66529
90	170	5.59822
90	171	5.48725
90	174	5.68572
90	186	6.07474
90	187	5.82692
90	192	6.45141
91	11	3.32727
91	19	3.31063
91	30	3.91157
91	49	3.98946
91	61	3.49263
91	62	3.87217
91	87	4.31521
91	89	4.75241
91	96	4.37472
91	101	4.16372
91	107	4.36364
91	111	4.78437
91	132	4.61859
91	156	5.53691
91	167	5.82339
91	171	5.35887
91	172	5.85288
91	174	5.55734
91	177	5.7959
91	178	6.26712
91	186	5.94635
91	187	5.69853
91	192	6.32303
91	199	6.16111
92	15	3.5318
92	25	3.42735
92	44	3.68698
92	73	4.35481
92	102	4.4537
92	111	4.65571
92	115	4.20914
92	119	4.62508
92	124	4.32338
92	129	4.72079
92	130	4.59141
92	131	4.89752
92	134	4.68655
92	136	5.55387
92	142	4.85478
92	146	5.49826
92	158	5.51396
92	168	5.53685
92	169	5.23451
92	175	5.7545
92	180	5.78555
92	185	5.90502
92	192	5.78978
92	193	5.98735
93	16	3.47759
93	18	3.22387
93	24	3.437
93	47	3.78574
93	64	3.94145
93	72	3.8895
93	105	4.16962
93	107	5.50846
93	116	4.07392
93	128	4.96176
93	130	5.79144
93	136	4.5986
93	145	4.86865
93	148	5.04049
93	156	5.08414
93	159	5.19011
93	169	5.60517
93	182	5.62925
93	183	5.66777
93	188	5.94152
93	190	5.74565
93	197	5.97817
93	198	5.97815
93	200	5.97815
94	12	3.93521
94	24	3.51862
94	26	3.0842
94	35	5.64157
94	42	3.49311
94	45	3.80149
94	46	3.79923
94	47	3.86735
94	99	4.07249
94	105	4.25124
94	134	5.56293
94	136	4.68022
94	140	5.42778
94	148	5.12211
94	159	5.27173
94	165	5.28056
94	169	5.68678
94	175	5.64296
94	182	5.71087
94	183	5.74938
94	190	5.82727
94	197	6.05978
94	198	6.05977
94	200	6.05977
95	2	3.51563
95	13	3.99433
95	14	3.91635
95	24	3.42403
95	40	4.77637
95	53	4.04212
95	61	4.1845
95	89	4.2011
95	102	4.6039
95	103	5.13129
95	114	4.21055
95	115	4.59164
95	124	4.69937
95	133	4.74081
95	141	4.96369
95	151	5.18963
95	153	5.36939
95	161	5.49896
95	164	6.43855
95	168	6.71177
95	179	5.75097
95	189	5.70532
95	191	5.8789
95	196	6.0397
96	19	3.30506
96	22	3.71872
96	30	3.90601
96	34	4.12343
96	39	4.26111
96	46	4.07261
96	52	4.05819
96	59	4.71012
96	71	5.18148
96	80	4.2408
96	91	4.37472
96	101	4.15816
96	117	4.79884
96	123	4.8222
96	137	6.3383
96	149	5.26509
96	152	5.0314
96	170	5.46428
96	171	5.3533
96	174	5.55178
96	177	5.79034
96	183	6.5873
96	192	6.31747
96	199	6.15555
97	7	3.86699
97	27	4.12164
97	32	4.09911
97	50	4.23572
97	56	4.01549
97	57	3.74285
97	58	4.26338
97	59	4.05321
97	69	4.67032
97	75	4.62636
97	81	4.41561
97	89	4.26877
97	112	4.94094
97	114	4.85978
97	121	5.14248
97	147	5.51671
97	154	5.77801
97	163	5.515
97	164	5.83112
97	165	5.97785
97	174	6.47535
97	175	5.10145
97	188	6.18137
97	194	5.88957
98	1	3.05494
98	33	3.23792
98	36	3.06207
98	99	4.86237
98	100	3.7735
98	120	4.21729
98	122	5.00159
98	137	5.29208
98	143	4.52381
98	153	4.98093
98	155	4.83571
98	161	5.1105
98	166	4.93914
98	174	6.40095
98	179	5.36251
98	181	5.40618
98	184	5.37023
98	189	5.31686
98	191	5.49044
98	194	5.65071
98	195	5.38523
98	196	5.65124
98	198	5.44714
98	200	5.24175
99	16	3.51791
99	39	4.22603
99	42	3.4518
99	47	3.82605
99	61	3.94574
99	67	3.70519
99	85	3.97365
99	94	4.07249
99	98	4.86237
99	104	4.95012
99	105	4.20994
99	106	4.38147
99	118	4.82115
99	148	5.08081
99	155	6.07718
99	159	5.23042
99	169	5.64548
99	182	5.66957
99	183	5.70808
99	190	5.78596
99	192	6.37155
99	197	6.01848
99	198	6.01847
99	200	6.01847
100	13	3.73221
100	33	3.36426
100	44	4.04471
100	98	3.7735
100	111	4.33147
100	115	4.32952
100	118	3.69786
100	121	4.2639
100	124	4.43725
100	133	4.47869
100	139	4.68829
100	142	5.75312
100	155	4.96205
100	166	5.06547
100	174	6.28881
100	177	5.40685
100	179	5.48885
100	181	5.53252
100	186	5.82469
100	189	5.4432
100	191	5.61678
100	194	5.77705
100	195	5.51156
100	196	5.77757
101	30	3.69501
101	35	5.07932
101	79	4.0131
101	90	4.2921
101	91	4.16372
101	96	4.15816
101	104	3.99264
101	106	4.22126
101	110	4.35461
101	117	4.58785
101	126	4.59109
101	132	4.40203
101	146	5.12255
101	149	5.05409
101	152	4.8204
101	164	5.24231
101	173	6.10198
101	174	5.34078
101	177	5.57934
101	184	5.51834
101	186	5.72979
101	187	5.48197
101	192	6.10647
101	199	5.94455
102	13	2.35291
102	42	3.25813
102	43	3.7911
102	78	4.48178
102	92	4.4537
102	95	4.6039
102	109	4.13115
102	112	4.74761
102	125	4.82358
102	127	4.77121
102	129	4.86433
102	130	4.73495
102	134	4.83009
102	135	5.42395
102	158	5.65749
102	168	5.68039
102	172	5.83645
102	174	5.90372
102	177	5.02175
102	178	6.04028
102	183	5.04385
102	184	4.96744
102	185	6.04856
102	193	6.13089
103	7	3.98329
103	21	4.39572
103	23	3.89918
103	29	4.44366
103	38	4.27505
103	52	4.26438
103	53	4.29463
103	56	4.13179
103	74	4.71055
103	75	4.74266
103	88	4.74349
103	95	5.13129
103	106	4.19774
103	108	4.76851
103	137	5.32223
103	140	4.84202
103	147	5.63302
103	154	5.89431
103	157	5.93963
103	160	5.87842
103	163	5.6313
103	164	5.94743
103	165	6.09415
103	177	5.54913
103	188	6.29768
104	9	3.64419
104	32	3.33466
104	44	3.88629
104	57	4.1921
104	63	4.83008
104	73	4.55412
104	99	4.95012
104	101	3.99264
104	119	4.82439
104	122	5.19864
104	126	5.07073
104	127	4.82698
104	129	4.9201
104	134	4.88586
104	142	5.05409
104	143	5.07172
104	156	4.71442
104	167	5.67628
104	168	5.73616
104	172	5.89222
104	175	5.95381
104	178	6.09605
104	180	5.98486
104	193	6.18666
104	198	5.5349
105	2	3.02738
105	16	3.69666
105	46	3.93668
105	78	3.45257
105	93	4.16962
105	94	4.25124
105	99	4.20994
105	106	4.56022
105	113	4.48609
105	136	4.81767
105	145	5.08772
105	147	5.14565
105	148	5.25956
105	159	5.40918
105	160	4.70753
105	169	5.82423
105	178	5.38466
105	182	5.84832
105	183	5.88683
105	190	5.96472
105	195	6.06984
105	197	6.19723
105	198	6.19722
105	199	5.23517
105	200	6.19722
106	24	3.8276
106	26	3.39318
106	34	3.78199
106	56	3.72383
106	60	3.64643
106	64	4.33205
106	89	4.51073
106	99	4.38147
106	101	4.22126
106	103	4.19774
106	105	4.56022
106	112	5.1829
106	127	5.08539
106	130	5.65033
106	135	4.92803
106	145	5.25926
106	148	5.4311
106	159	5.58071
106	169	5.99577
106	182	6.01985
106	183	6.05837
106	190	6.13625
106	197	6.36877
106	198	6.36876
106	200	6.36876
107	11	3.31064
107	13	4.0499
107	19	3.29399
107	37	3.31081
107	51	4.451
107	62	3.85553
107	65	5.58917
107	80	4.22972
107	90	4.49202
107	91	4.36364
107	93	5.50846
107	109	5.82815
107	110	4.55453
107	121	5.5758
107	132	4.60195
107	149	5.25402
107	156	5.52027
107	171	5.34223
107	172	6.4946
107	174	5.5407
107	177	5.77927
107	186	5.92972
107	187	5.6819
107	192	6.30639
107	199	6.14447
108	8	3.527
108	9	4.61835
108	29	4.18883
108	38	4.02022
108	50	4.09719
108	56	3.87696
108	69	4.53179
108	74	4.45572
108	81	4.27708
108	88	4.48866
108	103	4.76851
108	123	5.62564
108	124	4.70708
108	138	5.03459
108	139	5.64398
108	147	5.37818
108	150	6.05037
108	154	5.63948
108	157	5.6848
108	160	5.62358
108	161	5.82095
108	163	5.37647
108	164	5.69259
108	165	5.83932
108	188	6.04284
109	6	3.88828
109	12	3.83705
109	35	4.00593
109	40	4.25219
109	46	3.80356
109	51	4.39448
109	54	4.14179
109	55	4.21046
109	68	4.55121
109	71	4.42464
109	72	4.71028
109	90	4.95198
109	102	4.13115
109	107	5.82815
109	116	5.3739
109	118	5.22752
109	129	5.94032
109	137	5.36626
109	140	5.56381
109	144	5.58002
109	146	5.63741
109	162	6.06359
109	176	6.28026
109	183	6.31825
109	196	6.53234
110	2	4.41212
110	20	3.70838
110	31	3.70958
110	32	4.30722
110	45	4.19513
110	49	4.18035
110	51	4.31155
110	52	4.25464
110	79	4.42055
110	80	4.43726
110	86	4.3704
110	101	4.35461
110	107	4.55453
110	116	4.67675
110	126	4.99854
110	132	4.80949
110	150	6.29761
110	156	5.7278
110	170	5.66073
110	174	5.74823
110	182	6.9799
110	184	6.52499
110	186	6.13725
110	187	5.88943
110	199	6.35201
111	3	3.61578
111	6	4.36362
111	32	3.62202
111	36	3.62004
111	38	4.94184
111	66	3.922
111	82	4.21247
111	91	4.78437
111	92	4.65571
111	100	4.33147
111	114	4.38007
111	124	4.86888
111	133	4.91032
111	141	5.13321
111	145	5.16984
111	161	5.66847
111	166	5.49711
111	173	5.6013
111	179	5.92048
111	181	5.96415
111	189	5.87484
111	191	6.04842
111	192	5.73552
111	195	5.9432
111	196	6.20921
112	9	3.73879
112	17	3.96339
112	28	4.20912
112	43	3.94148
112	46	4.04171
112	70	4.38292
112	79	4.30503
112	84	4.29288
112	97	4.94094
112	102	4.74761
112	106	5.1829
112	121	5.39135
112	125	4.97395
112	127	4.92158
112	129	5.01471
112	130	4.88532
112	135	5.57432
112	156	5.64198
112	158	5.80787
112	160	6.04727
112	167	5.77088
112	175	6.04842
112	178	6.19066
112	180	6.07947
112	185	6.19893
112	193	6.28126
113	2	4.3111
113	8	3.76159
113	11	3.61343
113	13	3.80944
113	37	3.6136
113	45	4.29039
113	49	4.27562
113	60	4.47828
113	62	4.15832
113	79	4.51582
113	86	4.46566
113	105	4.48609
113	123	5.11392
113	126	5.09381
113	128	5.46357
113	149	5.55681
113	152	5.32312
113	156	5.82306
113	170	5.756
113	174	5.8435
113	177	6.08206
113	185	6.73806
113	186	6.23251
113	192	6.60919
113	196	6.71447
113	199	6.44727
114	3	3.23274
114	4	3.40244
114	77	5.32149
114	83	5.22387
114	95	4.21055
114	97	4.85978
114	111	4.38007
114	128	4.59185
114	133	4.52728
114	135	5.54582
114	139	4.73689
114	141	4.75017
114	143	4.69875
114	153	5.15586
114	155	5.01064
114	159	6.0064
114	166	5.11407
114	173	5.21826
114	175	5.9612
114	179	5.53744
114	184	5.54516
114	186	6.87098
114	189	5.4918
114	194	5.82565
114	195	5.56016
114	196	5.82617
115	14	4.08392
115	31	4.09244
115	87	3.96344
115	89	4.36867
115	92	4.20914
115	95	4.59164
115	100	4.32952
115	120	4.77331
115	124	4.86693
115	132	4.70109
115	139	5.11798
115	141	5.13126
115	143	5.07984
115	145	4.72327
115	151	5.3572
115	153	5.53695
115	159	5.00078
115	168	5.3904
115	170	6.36681
115	173	5.59935
115	181	5.96221
115	184	5.92625
115	189	5.87289
115	191	6.04647
115	192	5.28895
115	194	6.20674
116	5	4.16236
116	6	4.29586
116	35	4.41351
116	51	4.80205
116	54	4.54937
116	55	4.61804
116	63	4.64815
116	65	4.8394
116	68	4.95878
116	71	4.83221
116	72	5.11785
116	93	4.07392
116	109	5.3739
116	110	4.67675
116	118	5.63509
116	137	5.77383
116	138	5.97424
116	144	5.98759
116	148	5.33473
116	150	6.1393
116	158	4.9549
116	161	4.77308
116	173	5.81352
116	176	6.68784
116	179	4.58288
116	194	5.58038
117	18	3.91791
117	26	4.69935
117	30	4.3357
117	31	3.94282
117	37	3.75157
117	49	4.41359
117	78	4.16742
117	79	4.65379
117	80	4.67049
117	86	4.60363
117	88	4.2533
117	96	4.79884
117	101	4.58785
117	120	5.09976
117	121	4.76647
117	123	5.25189
117	132	5.04272
117	149	5.69478
117	171	5.78299
117	174	5.98147
117	177	6.22003
117	186	6.37048
117	187	6.12266
117	195	6.78469
117	197	6.0758
117	199	6.58524
118	3	3.90261
118	5	4.01597
118	12	4.09823
118	35	4.26712
118	40	4.51338
118	54	4.40298
118	55	4.47165
118	63	4.50176
118	65	4.69301
118	82	4.73077
118	99	4.82115
118	100	3.69786
118	109	5.22752
118	116	5.63509
118	138	5.82785
118	140	5.82499
118	144	5.84121
118	146	5.8986
118	150	5.99292
118	162	6.32478
118	168	5.42064
118	169	4.76391
118	176	6.54145
118	182	5.87836
118	186	5.89561
118	198	5.40592
119	41	3.57456
119	47	3.85607
119	70	4.40392
119	76	4.63807
119	77	4.05837
119	84	4.31389
119	86	4.24909
119	92	4.62508
119	104	4.82439
119	122	5.31425
119	125	4.99496
119	127	4.94259
119	142	5.1697
119	157	5.06013
119	158	5.82887
119	162	4.91086
119	165	4.61036
119	167	5.79189
119	168	5.85177
119	172	6.00783
119	175	6.06942
119	180	6.10047
119	182	5.86529
119	189	5.85058
119	193	6.30227
119	198	5.39285
120	3	3.62794
120	14	4.09802
120	28	3.69389
120	39	3.90195
120	53	4.22379
120	66	3.93416
120	84	4.84417
120	89	4.38277
120	98	4.21729
120	115	4.77331
120	117	5.09976
120	124	4.88104
120	133	4.92248
120	139	5.13208
120	147	6.32819
120	153	5.55106
120	165	5.52276
120	166	5.50927
120	173	5.61346
120	175	5.88516
120	179	5.93264
120	181	5.97631
120	193	6.00445
120	194	6.22084
120	196	6.22137
120	200	6.09985
121	1	4.13167
121	7	4.21872
121	8	4.01727
121	21	4.63115
121	48	4.21381
121	56	4.36722
121	58	4.61512
121	59	4.40494
121	74	4.94598
121	75	4.97809
121	81	4.76734
121	88	4.97892
121	97	5.14248
121	100	4.2639
121	107	5.5758
121	112	5.39135
121	117	4.76647
121	130	5.85878
121	147	5.86845
121	154	6.12974
121	157	6.17506
121	160	6.11385
121	163	5.86673
121	165	6.32959
121	172	5.81966
121	188	6.53311
121	197	6.21019
122	15	4.22096
122	17	4.35864
122	25	4.11651
122	43	4.33673
122	44	4.37614
122	45	4.33593
122	48	4.71509
122	49	4.83551
122	60	4.66935
122	73	5.04398
122	78	5.02741
122	79	4.44007
122	83	5.00012
122	84	4.68814
122	98	5.00159
122	104	5.19864
122	119	5.31425
122	125	5.36921
122	129	5.40996
122	134	5.37571
122	145	5.94509
122	164	6.339
122	167	6.16614
122	168	6.22602
122	185	6.59419
122	192	6.51077
122	193	6.67652
123	3	4.90517
123	11	3.77476
123	17	3.96917
123	22	4.17177
123	31	3.96617
123	45	4.45172
123	52	4.51124
123	64	4.7272
123	66	5.4319
123	80	4.69385
123	86	4.62699
123	96	4.8222
123	108	5.62564
123	113	5.11392
123	117	5.25189
123	132	5.06608
123	139	5.79225
123	149	5.71814
123	151	5.13214
123	152	5.48445
123	156	5.98439
123	170	5.91733
123	171	5.80635
123	174	6.00483
123	177	6.24339
123	183	6.50242
123	199	6.6086
124	15	4.797
124	57	3.71123
124	79	3.3325
124	92	4.32338
124	95	4.69937
124	100	4.43725
124	108	4.70708
124	111	4.86888
124	115	4.86693
124	120	4.88104
124	127	4.8118
124	133	5.0161
124	139	5.2257
124	141	5.23898
124	147	5.51287
124	151	5.46492
124	153	5.64468
124	155	5.49946
124	161	5.77425
124	176	5.40561
124	180	5.48894
124	181	6.06993
124	184	6.03398
124	189	5.98061
124	191	6.15419
124	195	6.04897
124	196	6.31499
125	17	4.03935
125	24	3.04774
125	42	4.62899
125	44	4.05686
125	57	4.36267
125	66	5.3442
125	70	4.45888
125	76	4.69303
125	78	4.70812
125	89	5.068
125	102	4.82358
125	112	4.97395
125	119	4.99496
125	122	5.36921
125	129	5.09067
125	130	4.96129
125	131	5.2674
125	149	5.42357
125	158	5.88383
125	164	6.06227
125	166	5.9578
125	167	5.84685
125	168	5.90673
125	178	6.26662
125	180	6.15543
125	193	6.35723
125	197	6.559
126	19	3.738
126	22	4.15165
126	31	3.94606
126	37	3.75482
126	40	4.65821
126	49	4.41683
126	52	4.49112
126	53	5.39623
126	62	4.29954
126	72	4.56377
126	74	4.35369
126	88	4.99462
126	101	4.59109
126	104	5.07073
126	110	4.99854
126	113	5.09381
126	149	5.69803
126	152	5.46434
126	156	5.96428
126	160	6.16371
126	171	5.78624
126	174	5.98471
126	186	6.37373
126	187	6.12591
126	192	6.7504
126	196	6.88692
126	199	6.58848
127	15	3.84931
127	40	4.44426
127	41	3.57715
127	48	4.34344
127	58	4.70469
127	65	5.30721
127	73	4.67232
127	76	4.64067
127	90	5.09261
127	102	4.77121
127	104	4.82698
127	106	5.08539
127	112	4.92158
127	119	4.94259
127	124	4.8118
127	129	5.0383
127	131	5.21503
127	135	5.59792
127	136	6.04229
127	142	5.17229
127	167	5.79448
127	172	6.01042
127	178	6.21425
127	180	6.10306
127	185	6.22253
127	193	6.30486
127	197	6.60317
128	2	3.89693
128	3	3.82757
128	14	4.29765
