1	46	1.64592
1	62	1.59444
1	98	4.49008
1	104	3.72292
1	130	3.65667
1	141	2.7927
1	155	3.35667
1	165	3.82417
1	180	4.09552
1	181	4.58401
1	182	4.56035
1	187	5.52278
1	194	4.64065
1	196	4.75028
1	199	4.82196
2	42	0.924901
2	98	3.38711
2	111	2.28068
2	150	2.97708
2	151	3.36717
2	153	3.37395
2	159	4.21365
2	168	3.99149
2	178	4.48574
2	182	5.49762
2	183	4.37969
2	186	4.65149
2	188	4.73106
2	190	4.77388
2	197	5.02466
3	55	2.13891
3	68	2.16886
3	89	3.70201
3	97	3.77764
3	133	4.03812
3	142	3.71475
3	163	3.59154
3	165	3.80714
3	173	4.10718
3	180	4.07848
3	181	4.56698
3	182	4.54332
3	185	4.38115
3	194	4.62362
3	199	4.80492
4	90	1.80335
4	106	3.5003
4	131	2.01702
4	137	4.23831
4	155	3.18593
4	160	4.58302
4	162	3.52481
4	173	3.95348
4	175	3.8833
4	182	4.38961
4	185	4.22744
4	195	4.45708
4	196	4.57954
4	197	5.07974
4	199	4.65122
5	10	2.45181
5	69	4.1982
5	80	1.86008
5	142	2.49601
5	143	3.08054
5	167	4.19552
5	168	3.83821
5	171	3.94919
5	183	4.22641
5	186	4.49821
5	187	4.69195
5	188	4.57778
5	189	4.50887
5	190	4.6206
5	197	4.87138
6	68	1.79634
6	122	3.16845
6	152	3.06066
6	165	3.43461
6	172	3.42262
6	173	3.73466
6	181	4.19445
6	182	4.17079
6	184	4.37226
6	185	4.00862
6	186	5.3161
6	194	4.25109
6	195	4.23826
6	196	4.36072
6	200	4.58151
7	47	1.91281
7	81	3.20904
7	86	3.70649
7	109	3.86695
7	114	3.74312
7	119	3.90503
7	120	3.12417
7	126	4.25924
7	136	4.41324
7	138	4.18564
7	149	3.00331
7	154	4.51967
7	155	4.35516
7	158	4.86679
7	176	5.08438
8	43	0.759089
8	56	3.41884
8	82	3.74689
8	112	2.37447
8	133	2.8984
8	136	4.70241
8	143	3.41655
8	144	5.49957
8	150	3.15981
8	153	3.55668
8	178	4.66847
8	186	4.83422
8	189	4.84488
8	190	4.95661
8	197	5.20739
9	59	1.97458
9	70	2.37765
9	106	3.15058
9	132	2.77226
9	141	3.32694
9	145	3.38356
9	156	4.36292
9	157	4.12569
9	160	4.42245
9	164	4.32256
9	176	4.9389
9	177	3.89231
9	179	5.21252
9	186	4.13083
9	200	5.78599
10	5	2.45181
10	39	3.17262
10	48	2.76209
10	54	3.31788
10	64	3.41284
10	71	3.32681
10	73	3.5733
10	76	3.49404
10	86	4.14126
10	114	4.17788
10	118	4.60048
10	119	4.33979
10	138	4.62041
10	158	5.30156
10	165	5.39829
11	44	2.04703
11	74	2.90213
11	87	2.86238
11	132	3.30155
11	134	3.57631
11	144	3.76484
11	145	4.01936
11	149	2.16013
11	169	4.7118
11	171	3.67274
11	187	5.35819
11	191	5.45527
11	195	4.42308
11	198	5.96906
11	200	3.92553
12	13	2.13685
12	58	2.12553
12	95	2.35375
12	115	2.55445
12	131	2.88095
12	132	3.01867
12	152	4.1434
12	156	3.7258
12	159	3.84926
12	175	4.74722
12	183	4.91363
12	194	5.33384
12	195	5.32101
12	196	5.44346
12	199	5.51514
13	12	2.13685
13	37	2.05558
13	45	2.35406
13	51	4.0168
13	68	3.15694
13	85	2.55178
13	92	3.00065
13	103	5.3132
13	105	3.15264
13	147	3.79218
13	157	5.0788
13	170	4.53974
13	182	5.53139
13	195	5.59886
13	199	5.793
14	48	3.43172
14	67	3.8161
14	75	3.84144
14	82	3.87725
14	83	2.31003
14	84	3.89696
14	89	4.24474
14	91	3.95698
14	101	4.29133
14	108	4.65622
14	111	3.00447
14	113	4.65616
14	152	3.32207
14	163	3.97129
14	185	4.84777
15	49	3.25722
15	50	3.17146
15	63	3.12394
15	78	3.58431
15	86	4.10148
15	119	4.30002
15	123	4.47731
15	136	4.80823
15	138	4.58063
15	139	1.85219
15	158	5.26178
15	166	2.65227
15	182	4.85568
15	184	3.6879
15	193	4.39151
16	38	4.57807
16	105	2.07189
16	123	3.39838
16	147	2.71144
16	149	4.41893
16	152	3.34051
16	155	3.24697
16	162	3.58585
16	163	3.49887
16	174	5.03728
16	175	3.94434
16	181	4.47431
16	182	4.45065
16	196	4.64058
16	199	4.71226
17	109	2.26929
17	124	2.44829
17	125	2.2928
17	159	3.08708
17	161	3.59881
17	169	3.5448
17	174	3.92276
17	177	4.08567
17	179	4.71541
17	182	5.46352
17	187	4.19118
17	191	4.28826
17	193	4.40939
17	195	5.00255
17	198	4.80205
18	22	1.62401
18	76	0.870597
18	146	3.6534
18	149	3.03004
18	168	3.54301
18	171	3.654
18	175	5.80771
18	178	4.03726
18	183	3.93121
18	186	4.20302
18	188	4.28259
18	189	4.21367
18	190	4.3254
18	193	6.27005
18	197	4.57618
19	65	2.02561
19	70	2.18357
19	103	2.39052
19	126	2.10941
19	129	2.87886
19	135	3.84152
19	151	3.80249
19	155	4.24579
19	156	4.16884
19	166	4.29029
19	179	5.01844
19	184	5.08286
19	192	5.26439
19	199	5.26706
19	200	5.59191
20	30	3.3984
20	75	3.79375
20	82	3.82955
20	84	3.84927
20	89	4.19704
20	90	2.47097
20	91	3.90929
20	95	4.23331
20	96	2.53901
20	101	4.24363
20	108	4.60852
20	113	4.60846
20	141	4.72738
20	170	4.03899
20	174	3.64964
21	85	1.68134
21	96	2.09448
21	115	3.27089
21	116	2.41641
21	119	3.73546
21	148	3.48407
21	149	3.60238
21	156	4.44224
21	172	4.24243
21	178	4.60961
21	186	4.77536
21	188	4.85493
21	189	4.78602
21	190	4.89775
21	197	5.14853
22	18	1.62401
22	62	2.20961
22	115	3.73586
22	120	3.40366
22	127	3.16804
22	132	3.83696
22	134	3.58625
22	135	3.5142
22	137	3.70024
22	145	4.0293
22	146	4.08657
22	180	4.4458
22	182	5.41945
22	191	5.4652
22	198	5.97899
23	72	1.99724
23	74	2.62364
23	87	2.58389
23	110	2.99125
23	115	3.44744
23	135	3.22578
23	146	3.79815
23	163	3.64832
23	165	3.58728
23	169	4.43332
23	174	4.81128
23	177	4.97419
23	183	5.18109
23	187	5.0797
23	198	5.69057
24	27	1.681
24	46	2.54803
24	68	3.08801
24	118	3.04089
24	127	1.98434
24	128	3.03198
24	152	4.35232
24	170	4.47081
24	176	4.12593
24	179	4.02068
24	180	4.99763
24	185	5.30029
24	193	4.30461
24	194	5.54276
24	196	5.65239
25	51	2.48695
25	64	2.69209
25	81	2.92306
25	97	3.34378
25	109	3.58096
25	118	3.87973
25	119	3.61905
25	123	3.79633
25	136	4.12725
25	138	3.89966
25	154	4.23369
25	158	4.58081
25	170	4.39507
25	179	5.36318
25	188	5.20249
26	33	3.45525
26	35	2.96727
26	60	3.47689
26	67	3.86285
26	79	3.87185
26	82	3.924
26	91	4.00373
26	95	4.32775
26	101	4.33808
26	108	4.70297
26	113	4.70291
26	157	2.99155
26	161	3.53011
26	173	3.83449
26	194	4.09557
27	24	1.681
27	105	2.48786
27	110	2.33217
27	120	4.54766
27	122	4.77914
27	139	4.14724
27	140	2.73052
27	147	3.12741
27	160	5.7063
27	162	4.00182
27	163	3.91484
27	181	4.89028
27	185	4.70445
27	194	4.94692
27	195	4.93409
27	196	5.05655
28	37	2.0848
28	53	3.10747
28	117	2.5036
28	120	3.58813
28	141	5.16338
28	151	3.40827
28	156	3.77462
28	157	3.53739
28	164	3.73425
28	167	4.116
28	176	4.3506
28	179	4.62422
28	184	4.68864
28	192	4.87017
28	197	5.2435
28	200	5.19769
29	98	3.02709
29	99	2.70023
29	104	2.69269
29	106	3.13502
29	117	3.07635
29	118	3.40971
29	135	3.36126
29	151	3.98101
29	157	4.11014
29	166	4.46881
29	167	4.68874
29	176	4.92334
29	177	4.67516
29	184	5.26138
29	199	4.7868
29	200	5.77043
30	20	3.3984
30	33	3.56478
30	48	3.58801
30	60	3.58643
30	82	4.03353
30	84	4.05325
30	89	4.40102
30	91	4.11327
30	95	4.43729
30	108	4.8125
30	111	2.27825
30	113	4.81244
30	181	3.91662
30	182	4.99745
30	184	3.82968
30	198	4.2122
31	65	2.28192
31	72	2.03961
31	79	2.30629
31	103	3.24902
31	133	3.16657
31	143	3.68472
31	150	3.42798
31	171	4.55337
31	175	4.65044
31	178	4.93664
31	183	4.83059
31	187	4.49914
31	188	5.18196
31	190	5.22478
31	192	4.51305
31	197	5.47556
32	36	2.14815
32	39	3.18596
32	52	3.47579
32	74	2.57134
32	87	2.53159
32	121	3.01304
32	139	3.45367
32	144	3.43405
32	159	3.9233
32	161	4.43503
32	162	5.86467
32	169	4.38102
32	174	4.75898
32	176	6.67372
32	187	5.0274
32	191	5.12448
33	26	3.45525
33	30	3.56478
33	35	3.13541
33	48	3.55041
33	59	1.7813
33	60	3.54883
33	79	3.94379
33	84	4.01565
33	89	4.36342
33	95	4.39969
33	101	4.41002
33	108	4.77491
33	113	4.77485
33	165	3.90861
33	178	5.27497
33	189	5.12313
34	114	1.8023
34	128	2.5427
34	131	2.60059
34	147	3.23397
34	162	4.10838
34	164	3.78878
34	165	4.237
34	172	4.22501
34	173	4.53705
34	175	4.46687
34	177	4.4612
34	178	4.47658
34	181	4.99684
34	185	4.81101
34	186	4.69971
34	194	5.05348
35	26	2.96727
35	33	3.13541
35	53	2.06942
35	54	4.04922
35	75	3.21123
35	92	2.87486
35	120	2.86379
35	143	5.81463
35	144	3.23491
35	161	4.23589
35	174	4.55984
35	177	4.72275
35	187	4.82826
35	191	4.92534
35	193	5.04647
35	198	5.43913
36	32	2.14815
36	44	2.26101
36	47	4.51959
36	53	2.81333
36	83	2.5826
36	98	3.41159
36	119	3.88202
36	122	3.4706
36	137	3.9043
36	140	4.06069
36	146	4.29062
36	165	4.18282
36	177	5.46666
36	187	5.57217
36	191	5.66926
36	193	5.79039
37	13	2.05558
37	28	2.0848
37	47	2.60884
37	58	2.04426
37	85	2.19266
37	111	3.70407
37	152	4.06213
37	165	4.43609
37	171	5.21196
37	172	4.4241
37	173	4.73614
37	182	5.17227
37	185	5.0101
37	195	5.23974
37	198	5.63802
37	199	5.43388
38	16	4.57807
38	65	1.54886
38	93	3.70557
38	99	5.02358
38	112	1.90958
38	148	3.07805
38	168	3.70933
38	171	3.82031
38	174	5.85934
38	178	4.20358
38	183	4.09753
38	186	4.36933
38	188	4.4489
38	189	4.37999
38	190	4.49172
38	197	4.7425
39	10	3.17262
39	32	3.18596
39	43	1.98779
39	49	3.16441
39	53	3.31533
39	63	3.03112
39	64	3.28025
39	97	3.93194
39	118	4.46789
39	126	4.56141
39	129	4.29471
39	136	4.71541
39	138	4.48782
39	154	4.82185
39	158	5.16897
39	182	6.39905
40	64	1.95225
40	80	1.9866
40	98	2.58523
40	103	3.79073
40	146	3.46426
40	148	3.55396
40	159	3.64171
40	167	4.54442
40	168	5.34369
40	169	4.09943
40	174	4.4774
40	177	4.6403
40	187	4.74581
40	191	4.8429
40	193	4.96403
40	198	5.35668
41	53	2.40361
41	87	2.66664
41	116	2.95071
41	121	3.14809
41	137	3.49458
41	139	3.58872
41	146	3.88091
41	169	4.51607
41	173	3.03289
41	174	4.89404
41	176	4.10944
41	177	5.05694
41	182	4.75229
41	193	5.38067
41	198	5.77332
41	199	4.40149
42	2	0.924901
42	70	2.29917
42	99	2.6373
42	129	2.99445
42	130	2.92985
42	141	4.92912
42	151	3.91808
42	160	4.34396
42	164	4.24407
42	167	4.62581
42	176	4.86041
42	179	5.13403
42	180	4.98329
42	181	4.87611
42	189	5.35804
42	192	5.37998
42	200	5.7075
43	8	0.759089
43	39	1.98779
43	128	4.43712
43	129	4.01406
43	143	3.30575
43	149	3.55045
43	168	4.06342
43	171	4.17441
43	178	4.55767
43	183	4.45162
43	186	4.72343
43	188	4.803
43	189	4.73408
43	190	4.84581
43	196	5.4548
43	197	5.09659
43	200	5.15989
44	11	2.04703
44	36	2.26101
44	69	3.89291
44	120	3.1758
44	124	3.39737
44	125	3.24188
44	159	4.03616
44	161	4.54789
44	163	3.71211
44	164	4.32962
44	174	4.87185
44	175	4.53796
44	187	5.14026
44	188	4.55569
44	191	5.23735
44	193	5.35848
44	198	5.75113
45	13	2.35406
45	46	2.55633
45	89	2.63935
45	100	2.77741
45	132	3.23588
45	138	3.95576
45	141	3.70311
45	143	4.11481
45	155	4.26707
45	159	4.95925
45	162	4.60595
45	172	4.72258
45	173	5.03462
45	175	4.96444
45	185	5.30858
45	188	5.33443
45	195	5.53822
46	1	1.64592
46	24	2.54803
46	45	2.55633
46	69	4.64076
46	81	3.2977
46	85	2.75405
46	95	3.43285
46	110	3.19921
46	128	3.30317
46	148	3.64761
46	162	4.86886
46	170	4.742
46	182	5.73366
46	183	5.99272
46	195	5.80113
46	196	5.92358
46	199	5.99527
47	7	1.91281
47	36	4.51959
47	37	2.60884
47	66	1.81424
47	99	2.72117
47	115	4.13646
47	127	3.93079
47	150	3.89737
47	156	4.3683
47	160	4.42783
47	164	4.32794
47	167	4.70969
47	176	4.94428
47	179	5.21791
47	184	5.28232
47	192	5.46385
47	200	5.79138
48	10	2.76209
48	14	3.43172
48	30	3.58801
48	33	3.55041
48	67	3.95801
48	75	3.98335
48	79	3.96702
48	84	4.03887
48	91	4.09889
48	95	4.42292
48	101	4.43324
48	108	4.79813
48	113	4.79807
48	154	3.71446
48	162	4.62814
48	168	5.30506
48	169	4.63001
49	15	3.25722
49	39	3.16441
49	50	3.20303
49	63	3.1555
49	72	2.6204
49	78	3.61588
49	109	4.2935
49	119	4.33159
49	123	4.50887
49	126	4.68579
49	131	3.3252
49	138	4.6122
49	154	4.94622
49	157	3.46152
49	158	5.29335
49	183	5.80425
49	186	5.79993
50	15	3.17146
50	49	3.20303
50	59	2.61086
50	61	3.20099
50	73	3.47933
50	97	3.97055
50	99	3.61028
50	100	3.25791
50	109	4.20774
50	114	4.08391
50	118	4.50651
50	123	4.42311
50	136	4.75403
50	154	4.86046
50	158	5.20759
50	168	5.77661
50	198	5.76635
51	13	4.0168
51	25	2.48695
51	96	2.20125
51	107	2.26839
51	138	4.61787
51	143	3.46445
51	147	4.8089
51	148	3.59084
51	153	3.60459
51	165	5.09192
51	171	4.33311
51	183	4.61033
51	186	4.88213
51	188	4.9617
51	189	4.89279
51	190	5.00451
51	197	5.25529
52	32	3.47579
52	69	1.74168
52	94	2.50566
52	118	4.96099
52	126	3.18042
52	135	4.91254
52	151	3.69979
52	157	3.82891
52	158	4.54876
52	160	4.12567
52	164	4.02578
52	166	4.18759
52	167	4.40752
52	179	4.91574
52	184	4.98016
52	192	5.16169
52	200	5.48921
53	28	3.10747
53	35	2.06942
53	36	2.81333
53	39	3.31533
53	41	2.40361
53	65	3.85368
53	80	2.93337
53	115	4.06032
53	121	3.67822
53	122	3.59101
53	133	4.17817
53	146	4.41103
53	161	5.10021
53	185	6.57004
53	191	5.78967
53	193	5.9108
53	198	6.30345
54	10	3.31788
54	35	4.04922
54	74	2.82782
54	88	2.43609
54	93	2.72638
54	99	2.80945
54	125	2.51345
54	143	4.50742
54	156	4.45658
54	160	4.51611
54	166	4.57803
54	167	4.79796
54	176	5.03256
54	179	5.30619
54	184	5.3706
54	192	5.55213
54	197	5.68814
54	200	5.87966
55	3	2.13891
55	98	3.35221
55	120	3.54833
55	121	3.49843
55	134	3.73092
55	137	3.84491
55	139	3.93906
55	145	4.17397
55	158	3.22258
55	169	4.86641
55	174	5.24437
55	177	5.40728
55	179	4.61459
55	180	4.38905
55	181	4.28186
55	192	4.29879
55	193	5.731
55	198	6.12366
56	8	3.41884
56	66	1.96008
56	69	2.18969
56	98	3.52481
56	106	3.3018
56	116	3.83374
56	133	2.36755
56	141	4.6075
56	156	4.51415
56	160	4.57367
56	166	4.6356
56	167	4.85553
56	176	5.09012
56	179	5.36375
56	184	5.42816
56	192	5.60969
56	195	5.17435
56	200	5.93722
57	61	3.19084
57	77	1.44453
57	95	4.24758
57	111	2.5492
57	128	5.34577
57	137	5.23793
57	148	3.62874
57	149	3.74704
57	150	3.24561
57	151	4.8966
57	168	4.26002
57	178	4.75427
57	183	4.64822
57	186	4.92002
57	188	4.99959
57	189	4.93068
57	190	5.04241
57	197	5.29319
58	12	2.12553
58	37	2.04426
58	73	2.12008
58	91	3.13915
58	110	2.98563
58	122	3.61592
58	138	3.70003
58	156	4.58007
58	162	4.65528
58	163	4.5683
58	172	4.7719
58	175	5.01376
58	180	5.05524
58	182	5.52008
58	185	5.35791
58	186	5.76358
58	195	5.58755
58	199	5.78168
59	9	1.97458
59	33	1.7813
59	50	2.61086
59	81	3.67431
59	93	2.87466
59	94	3.04438
59	116	4.78736
59	145	5.61773
59	151	4.23851
59	158	4.44881
59	160	4.66439
59	164	4.5645
59	166	4.72631
59	167	4.94624
59	176	5.18084
59	184	5.51888
59	192	5.70041
59	200	6.02793
60	26	3.47689
60	30	3.58643
60	33	3.54883
60	67	3.95643
60	75	3.98177
60	79	3.96544
60	82	4.01758
60	89	4.38507
60	91	4.09731
60	95	4.42134
60	101	4.43166
60	106	4.16497
60	108	4.79655
60	113	4.79649
60	142	3.10099
60	151	4.56166
60	159	5.40814
60	192	5.62821
61	50	3.20099
61	57	3.19084
61	64	3.40259
61	71	3.31656
61	73	3.56306
61	81	3.63356
61	86	4.13101
61	97	4.05428
61	114	4.16763
61	118	4.59023
61	119	4.32955
61	124	3.46482
61	131	3.99478
61	136	4.83775
61	154	4.94418
61	158	5.29131
61	186	6.46952
61	188	5.78465
62	1	1.59444
62	22	2.20961
62	66	3.31826
62	81	4.4052
62	87	3.88108
62	102	2.8099
62	136	3.70905
62	140	3.54607
62	141	3.91452
62	155	4.47849
62	161	5.29604
62	163	4.73039
62	170	4.69051
62	172	4.93399
62	173	5.24604
62	181	5.70583
62	196	5.8721
62	199	5.94378
63	15	3.12394
63	39	3.03112
63	49	3.1555
63	76	2.84328
63	97	3.92303
63	109	4.16022
63	114	4.03639
63	118	4.45898
63	119	4.1983
63	123	4.37559
63	126	4.55251
63	129	4.4566
63	138	4.47891
63	154	4.81294
63	158	5.16006
63	166	4.35754
63	171	5.34964
63	176	5.91809
64	10	3.41284
64	25	2.69209
64	39	3.28025
64	40	1.95225
64	61	3.40259
64	71	3.43445
64	73	3.68094
64	109	4.40934
64	114	4.28552
64	118	4.70811
64	136	4.95564
64	138	4.72804
64	143	4.23483
64	154	5.06207
64	158	5.40919
64	168	5.58826
64	171	5.15193
64	199	6.01244
65	19	2.02561
65	31	2.28192
65	38	1.54886
65	53	3.85368
65	71	3.37765
65	72	2.9153
65	88	3.15027
65	96	3.29721
65	142	3.97588
65	145	5.96621
65	150	4.30367
65	153	4.70054
65	168	5.31808
65	171	5.42907
65	178	5.81233
65	188	6.05766
65	189	5.98874
65	193	6.47324
65	197	6.35125
66	47	1.81424
66	56	1.96008
66	62	3.31826
66	94	2.87865
66	103	2.66083
66	139	3.52462
66	145	5.5569
66	151	4.07279
66	156	4.43914
66	157	4.20191
66	160	4.49866
66	164	4.39878
66	176	5.01512
66	179	5.28874
66	184	5.35316
66	186	6.30418
66	192	5.53469
66	199	6.1773
66	200	5.86221
67	14	3.8161
67	26	3.86285
67	48	3.95801
67	60	3.95643
67	75	4.36773
67	79	4.35139
67	84	4.42325
67	88	2.24254
67	89	4.77102
67	91	4.48327
67	95	4.80729
67	100	2.736
67	101	4.81762
67	108	5.18251
67	113	5.18245
67	147	3.93325
67	175	5.10316
67	177	5.56724
67	179	5.28158
68	3	2.16886
68	6	1.79634
68	13	3.15694
68	24	3.08801
68	104	2.90077
68	105	3.89487
68	106	3.25131
68	132	4.03876
68	141	4.50598
68	160	4.33403
68	161	3.75467
68	162	5.40883
68	165	5.53745
68	170	5.28197
68	181	6.29729
68	191	5.23118
68	193	5.31428
68	195	6.3411
68	196	6.46356
69	5	4.1982
69	44	3.89291
69	46	4.64076
69	52	1.74168
69	56	2.18969
69	93	2.93854
69	104	3.01407
69	106	3.4564
69	127	6.17365
69	129	3.37876
69	139	5.95461
69	157	4.43152
69	160	4.72827
69	164	4.62838
69	166	4.79019
69	176	5.24472
69	184	5.58276
69	192	5.76429
69	200	6.09181
70	9	2.37765
70	19	2.18357
70	42	2.29917
70	101	2.30352
70	104	3.35326
70	106	3.79559
70	130	3.65335
70	152	3.02676
70	160	5.06746
70	167	5.34931
70	176	5.58391
70	178	4.9813
70	179	5.85754
70	184	5.92195
70	189	4.82946
70	192	6.10348
70	195	4.9674
70	196	4.76476
70	200	6.431
71	10	3.32681
71	61	3.31656
71	64	3.43445
71	65	3.37765
71	78	3.64569
71	81	3.66541
71	86	4.16286
71	97	4.08613
71	109	4.32332
71	112	2.95545
71	114	4.19949
71	118	4.62208
71	119	4.3614
71	123	4.53869
71	154	4.97604
71	158	5.32316
71	177	6.50747
71	197	6.02221
71	200	6.01139
72	23	1.99724
72	31	2.03961
72	49	2.6204
72	65	2.9153
72	103	4.79827
72	111	3.36496
72	133	3.79995
72	142	3.73357
72	143	4.3181
72	147	5.02977
72	149	4.5628
72	150	4.06136
72	168	5.07577
72	178	5.57002
72	183	5.46397
72	187	6.04838
72	189	5.74643
72	190	5.85816
72	197	6.10894
72	198	6.34096
73	10	3.5733
73	50	3.47933
73	58	2.12008
73	61	3.56306
73	64	3.68094
73	78	3.89219
73	109	4.56981
73	114	4.44598
73	118	4.86858
73	123	4.78518
73	126	4.9621
73	136	5.1161
73	137	4.87311
73	138	4.8885
73	150	3.84437
73	153	3.71915
73	154	5.22253
73	158	5.56966
73	189	6.06334
73	195	6.20128
74	11	2.90213
74	23	2.62364
74	32	2.57134
74	54	2.82782
74	90	3.43743
74	110	4.3122
74	115	4.3631
74	122	3.89379
74	125	4.09698
74	127	3.79528
74	134	4.21349
74	137	4.32749
74	153	3.77856
74	161	5.40299
74	174	5.72694
74	179	5.97355
74	186	6.49772
74	187	5.99536
74	191	6.09244
74	198	6.60623
75	14	3.84144
75	20	3.79375
75	35	3.21123
75	48	3.98335
75	60	3.98177
75	67	4.36773
75	79	4.37673
75	82	4.42888
75	84	4.44859
75	89	4.79637
75	91	4.50861
75	95	4.83263
75	101	4.84296
75	108	5.20785
75	113	5.20779
75	155	4.42578
75	170	4.08164
75	175	4.87133
75	176	5.155
75	196	5.13425
76	10	3.49404
76	18	0.870597
76	63	2.84328
76	96	2.78526
76	116	3.1072
76	119	4.69778
76	133	3.53032
76	134	3.80205
76	153	4.1886
76	168	4.80614
76	171	4.91712
76	178	5.30039
76	179	6.0639
76	183	5.19434
76	185	5.9361
76	186	5.46614
76	188	5.54571
76	189	5.4768
76	190	5.58853
76	197	5.83931
77	57	1.44453
77	86	3.49965
77	89	3.77757
77	97	3.8532
77	100	4.08776
77	116	2.96412
77	143	3.90539
77	148	4.03178
77	149	4.15009
77	153	4.04553
77	160	5.93702
77	163	5.62907
77	168	4.66306
77	178	5.15731
77	183	5.05126
77	186	5.32307
77	188	5.40264
77	189	5.33372
77	190	5.44545
77	197	5.69623
78	15	3.58431
78	49	3.61588
78	71	3.64569
78	73	3.89219
78	81	3.96269
78	86	4.46014
78	96	3.21319
78	109	4.62059
78	113	2.88183
78	114	4.49676
78	119	4.65868
78	123	4.83596
78	126	5.01288
78	128	4.74809
78	129	4.32503
78	138	4.93929
78	154	5.27332
78	158	5.62044
78	183	6.20977
78	200	5.47086
79	26	3.87185
79	31	2.30629
79	33	3.94379
79	48	3.96702
79	60	3.96544
79	67	4.35139
79	75	4.37673
79	81	4.34437
79	82	4.41254
79	84	4.43226
79	89	4.78003
79	91	4.49228
79	93	2.99967
79	95	4.8163
79	101	4.82662
79	108	5.19151
79	113	5.19145
79	129	5.15465
79	167	5.68474
79	200	6.30048
80	5	1.86008
80	40	1.9866
80	53	2.93337
80	90	3.33575
80	115	4.05995
80	118	4.89208
80	132	5.03748
80	135	3.8383
80	137	4.02434
80	139	4.11848
80	144	4.09887
80	145	4.35339
80	146	4.41067
80	161	5.09985
80	185	5.74408
80	187	5.69221
80	189	6.02107
80	191	5.7893
80	193	5.91043
80	198	6.30308
81	7	3.20904
81	25	2.92306
81	46	3.2977
81	59	3.67431
81	61	3.63356
81	62	4.4052
81	71	3.66541
81	78	3.96269
81	79	4.34437
81	101	4.4902
81	109	4.64031
81	118	4.93908
81	119	4.67839
81	123	4.85568
81	126	5.0326
81	136	5.1866
81	138	4.95901
81	154	5.29303
81	158	5.64016
81	180	6.64139
82	8	3.74689
82	14	3.87725
82	20	3.82955
82	26	3.924
82	30	4.03353
82	60	4.01758
82	75	4.42888
82	79	4.41254
82	84	4.4844
82	89	4.83217
82	91	4.54442
82	95	4.86844
82	101	4.87877
82	108	5.24366
82	113	5.2436
82	122	3.59179
82	140	4.02783
82	159	4.6794
82	168	5.18839
82	199	5.61257
83	14	2.31003
83	36	2.5826
83	90	3.02733
83	120	4.51297
83	121	4.98148
83	130	4.1721
83	140	3.47749
83	141	3.84595
83	144	4.30242
83	147	3.87438
83	152	4.50346
83	162	4.74879
83	164	5.98117
83	173	5.17746
83	175	5.10728
83	180	5.14876
83	181	5.63725
83	185	5.45142
83	194	5.69389
83	196	5.80352
83	199	5.8752
84	14	3.89696
84	20	3.84927
84	30	4.05325
84	33	4.01565
84	48	4.03887
84	67	4.42325
84	75	4.44859
84	79	4.43226
84	82	4.4844
84	86	2.84815
84	89	4.85189
84	91	4.56413
84	95	4.88816
84	101	4.89848
84	108	5.26337
84	113	5.26331
84	144	3.91633
84	163	4.97757
84	179	5.98184
84	190	5.18409
84	198	5.9447
85	13	2.55178
85	21	1.68134
85	37	2.19266
85	46	2.75405
85	102	2.7962
85	152	4.55834
85	155	4.4648
85	156	4.9539
85	162	4.80368
85	165	4.9323
85	172	4.9203
85	175	5.16216
85	176	5.71847
85	177	5.89889
85	180	5.20364
85	181	5.69213
85	190	4.81548
85	191	5.81406
85	194	5.74878
85	195	5.73594
85	196	5.8584
86	7	3.70649
86	10	4.14126
86	15	4.10148
86	61	4.13101
86	71	4.16286
86	77	3.49965
86	78	4.46014
86	84	2.84815
86	96	3.43168
86	97	4.90058
86	109	5.13776
86	114	5.01393
86	118	5.43653
86	119	5.17585
86	124	3.41924
86	126	5.53005
86	136	5.68405
86	154	5.79048
86	156	5.24044
86	160	5.20345
86	162	5.19596
87	11	2.86238
87	23	2.58389
87	32	2.53159
87	41	2.66664
87	62	3.88108
87	111	4.37173
87	115	4.32335
87	116	5.28935
87	121	3.94125
87	122	3.85404
87	145	4.61679
87	146	4.67406
87	148	4.52621
87	152	4.68933
87	161	5.36324
87	169	5.30923
87	177	5.8501
87	191	6.0527
87	193	6.17383
87	197	6.14323
87	198	6.56648
88	54	2.43609
88	65	3.15027
88	67	2.24254
88	94	3.41222
88	103	3.19439
88	106	3.76036
88	120	4.13946
88	135	4.96618
88	151	4.60636
88	157	4.73548
88	160	5.03223
88	161	4.71875
88	164	4.93234
88	166	5.09416
88	167	5.31409
88	176	5.54868
88	179	5.82231
88	183	6.52292
88	184	5.88672
88	190	5.19667
88	192	6.06826
88	200	6.39578
89	3	3.70201
89	14	4.24474
89	20	4.19704
89	30	4.40102
89	33	4.36342
89	45	2.63935
89	60	4.38507
89	67	4.77102
89	75	4.79637
89	77	3.77757
89	79	4.78003
89	82	4.83217
89	84	4.85189
89	91	4.91191
89	95	5.23593
89	101	5.24625
89	108	5.61114
89	113	5.61108
89	133	3.65803
89	154	4.56021
89	171	5.71449
89	182	6.92579
90	4	1.80335
90	20	2.47097
90	74	3.43743
90	80	3.33575
90	83	3.02733
90	100	3.36848
90	110	3.52737
90	131	3.68923
90	134	4.23549
90	148	4.68073
90	152	4.95168
90	163	5.11004
90	165	5.32564
90	169	5.79541
90	170	5.07017
90	173	5.62569
90	181	6.08548
90	182	6.06182
90	186	7.02152
90	194	6.14212
90	195	6.12929
90	199	6.32343
91	14	3.95698
91	20	3.90929
91	26	4.00373
91	30	4.11327
91	48	4.09889
91	58	3.13915
91	60	4.09731
91	67	4.48327
91	75	4.50861
91	79	4.49228
91	82	4.54442
91	84	4.56413
91	89	4.91191
91	95	4.94818
91	101	4.9585
91	108	5.32339
91	113	5.32333
91	114	4.55997
91	137	5.89218
91	139	4.67783
91	161	5.65753
91	196	7.01771
92	13	3.00065
92	35	2.87486
92	98	4.33745
92	99	2.94786
92	101	2.76434
92	113	2.34163
92	115	4.86576
92	121	4.48366
92	134	4.71615
92	135	4.64411
92	139	4.9243
92	141	4.86136
92	144	4.90468
92	145	5.1592
92	159	5.39393
92	174	6.22961
92	177	6.39252
92	181	4.80835
92	191	6.59511
92	192	4.82528
92	193	6.71624
92	195	5.42822
93	38	3.70557
93	54	2.72638
93	59	2.87466
93	69	2.93854
93	79	2.99967
93	106	4.05065
93	117	3.99198
93	130	3.90842
93	151	4.89665
93	155	4.89827
93	156	5.263
93	157	5.02577
93	164	5.22263
93	166	5.38445
93	167	5.60438
93	173	4.55094
93	178	5.82328
93	179	6.1126
93	184	6.17702
93	189	5.67144
93	192	6.35855
93	198	5.48509
93	200	6.68607
94	52	2.50566
94	59	3.04438
94	66	2.87865
94	88	3.41222
94	104	3.77804
94	117	4.1617
94	128	4.13584
94	130	4.07814
94	145	4.84593
94	155	4.44505
94	156	5.43272
94	157	5.19549
94	164	5.39235
94	166	5.55417
94	167	5.7741
94	175	4.89061
94	179	6.28232
94	180	4.84347
94	184	6.34673
94	187	4.73931
94	191	5.26985
94	192	6.52826
94	200	6.85579
95	12	2.35375
95	20	4.23331
95	26	4.32775
95	30	4.43729
95	33	4.39969
95	46	3.43285
95	48	4.42292
95	57	4.24758
95	60	4.42134
95	67	4.80729
95	75	4.83263
95	79	4.8163
95	82	4.86844
95	84	4.88816
95	89	5.23593
95	91	4.94818
95	101	5.28252
95	104	4.8725
95	108	5.64741
95	111	5.03098
95	113	5.64735
95	167	6.17593
95	168	6.9752
96	20	2.53901
96	21	2.09448
96	51	2.20125
96	65	3.29721
96	76	2.78526
96	78	3.21319
96	86	3.43168
96	133	4.18186
96	147	5.21704
96	149	4.9447
96	150	4.44327
96	151	5.18302
96	153	4.84014
96	168	5.45768
96	176	6.67062
96	177	6.85103
96	178	5.95193
96	183	5.84588
96	186	6.11768
96	188	6.19725
96	189	6.12834
96	190	6.24007
96	197	6.49085
97	3	3.77764
97	25	3.34378
97	39	3.93194
97	50	3.97055
97	61	4.05428
97	63	3.92303
97	71	4.08613
97	77	3.8532
97	86	4.90058
97	109	5.06103
97	113	3.45387
97	118	5.3598
97	119	5.09911
97	123	5.2764
97	126	5.45332
97	136	5.60732
97	138	5.37972
97	143	4.87301
97	146	3.9206
97	154	5.71375
97	158	6.06088
97	182	7.00142
97	198	6.21617
98	1	4.49008
98	2	3.38711
98	29	3.02709
98	36	3.41159
98	40	2.58523
98	55	3.35221
98	56	3.52481
98	92	4.33745
98	112	4.4047
98	115	4.65858
98	121	4.27648
98	124	4.54795
98	125	4.39246
98	134	4.50897
98	135	4.43693
98	159	5.18675
98	160	6.97473
98	161	5.69848
98	164	7.28429
98	174	6.02243
98	191	6.38793
98	193	6.50906
98	198	6.90171
99	29	2.70023
99	38	5.02358
99	42	2.6373
99	47	2.72117
99	50	3.61028
99	54	2.80945
99	92	2.94786
99	104	3.69139
99	110	5.1789
99	129	4.05608
99	133	4.32058
99	156	5.34606
99	157	5.10884
99	160	5.40559
99	166	5.46751
99	167	5.68744
99	170	5.87214
99	176	5.92204
99	179	6.19566
99	184	6.26008
99	192	6.44161
99	194	6.13004
99	200	6.76913
100	45	2.77741
100	50	3.25791
100	67	2.736
100	77	4.08776
100	90	3.36848
100	105	3.57598
100	110	3.42029
100	116	5.4344
100	128	3.52426
100	147	4.21553
100	148	4.67127
100	163	5.00296
100	165	5.21856
100	172	5.20657
100	175	5.44843
100	180	5.4899
100	181	5.9784
100	182	5.95474
100	185	5.79257
100	189	6.63708
100	194	6.03504
100	197	6.28828
100	199	6.21635
101	14	4.29133
101	20	4.24363
101	26	4.33808
101	33	4.41002
101	48	4.43324
101	60	4.43166
101	67	4.81762
101	70	2.30352
101	75	4.84296
101	79	4.82662
101	81	4.4902
101	82	4.87877
101	84	4.89848
101	89	5.24625
101	91	4.9585
101	92	2.76434
101	95	5.28252
101	108	5.65774
101	110	4.99537
101	113	5.65768
101	141	6.377
101	147	5.30839
101	191	6.85755
102	62	2.8099
102	85	2.7962
102	116	5.11248
102	117	3.58072
102	121	4.7795
102	126	3.40559
102	132	3.54094
102	140	3.63971
102	151	4.78359
102	155	4.57213
102	163	4.82403
102	165	5.03963
102	171	5.70275
102	172	5.02764
102	173	5.33968
102	175	5.2695
102	180	5.31098
102	182	5.77581
102	184	5.74628
102	185	5.61364
102	194	5.85611
102	195	5.84328
102	196	5.96574
103	13	5.3132
103	19	2.39052
103	31	3.24902
103	40	3.79073
103	66	2.66083
103	72	4.79827
103	88	3.19439
103	107	3.96282
103	117	3.94387
103	129	3.92491
103	130	3.86031
103	151	4.84854
103	156	5.21489
103	160	5.27441
103	164	5.17452
103	166	5.33634
103	167	5.55627
103	168	7.42675
103	176	5.79087
103	179	6.06449
103	184	6.12891
103	192	6.31044
103	194	6.74342
103	200	6.63796
104	1	3.72292
104	29	2.69269
104	68	2.90077
104	69	3.01407
104	70	3.35326
104	94	3.77804
104	95	4.8725
104	99	3.69139
104	106	4.12618
104	117	4.06751
104	134	4.64203
104	141	6.62417
104	151	4.97218
104	152	5.25039
104	156	5.33853
104	157	5.1013
104	160	5.39805
104	166	5.45998
104	167	5.67991
104	179	6.18813
104	184	6.25255
104	192	6.43408
104	199	7.30118
104	200	6.7616
105	13	3.15264
105	16	2.07189
105	27	2.48786
105	68	3.89487
105	100	3.57598
105	116	4.62733
105	132	4.03446
105	140	4.13323
105	145	5.45771
105	148	3.86419
105	154	4.06333
105	155	5.06565
105	162	5.40453
105	163	5.31755
105	172	5.52115
105	175	5.76302
105	178	5.98185
105	181	6.29299
105	182	6.26933
105	187	5.35109
105	193	5.96474
105	195	6.3368
105	196	6.45926
105	199	6.53094
106	4	3.5003
106	9	3.15058
106	29	3.13502
106	56	3.3018
106	60	4.16497
106	68	3.25131
106	69	3.4564
106	70	3.79559
106	88	3.76036
106	93	4.05065
106	104	4.12618
106	129	4.49088
106	130	4.42628
106	134	4.99257
106	152	5.60092
106	160	5.84038
106	164	5.74049
106	166	5.90231
106	168	7.22754
106	169	6.55249
106	176	6.35684
106	184	6.69488
106	192	6.87641
106	200	7.20393
107	51	2.26839
107	103	3.96282
107	111	3.81401
107	116	3.82588
107	130	3.34683
107	133	4.249
107	137	4.50163
107	142	4.18261
107	143	4.76715
107	148	4.89354
107	153	4.90728
107	162	4.83885
107	168	5.52482
107	169	4.84072
107	171	5.6358
107	178	6.01907
107	183	5.91302
107	185	5.41486
107	186	6.18482
107	188	6.26439
107	189	6.19548
107	190	6.30721
107	191	5.74349
107	194	4.83245
107	197	6.55799
108	14	4.65622
108	20	4.60852
108	26	4.70297
108	30	4.8125
108	33	4.77491
108	48	4.79813
108	60	4.79655
108	67	5.18251
108	75	5.20785
108	79	5.19151
108	82	5.24366
108	84	5.26337
108	89	5.61114
108	91	5.32339
108	95	5.64741
108	101	5.65774
108	113	6.02257
108	118	4.81338
108	122	4.16969
108	135	4.76493
108	144	3.72766
108	153	3.59818
108	164	5.40641
108	167	4.96702
108	177	6.07883
109	7	3.86695
109	17	2.26929
109	25	3.58096
109	49	4.2935
109	50	4.20774
109	63	4.16022
109	64	4.40934
109	71	4.32332
109	73	4.56981
109	78	4.62059
109	81	4.64031
109	86	5.13776
109	97	5.06103
109	115	4.75666
109	119	5.3363
109	123	5.51358
109	126	5.69051
109	136	5.84451
109	144	4.52183
109	154	5.95094
109	158	6.29806
109	168	6.56046
109	171	6.12413
109	179	6.58734
109	196	6.67184
110	23	2.99125
110	27	2.33217
110	46	3.19921
110	58	2.98563
110	74	4.3122
110	90	3.52737
110	99	5.1789
110	100	3.42029
110	101	4.99537
110	118	6.39232
110	143	5.9918
110	147	4.37442
110	152	5.0035
110	155	4.90996
110	162	5.24884
110	170	5.12198
110	172	5.36546
110	173	5.6775
110	180	5.6488
110	181	6.1373
110	182	6.11364
110	185	5.95147
110	193	7.65605
110	194	6.19394
110	196	6.30356
111	2	2.28068
111	14	3.00447
111	30	2.27825
111	37	3.70407
111	57	2.5492
111	72	3.36496
111	87	4.37173
111	95	5.03098
111	107	3.81401
111	142	4.42553
111	143	5.01007
111	148	5.13646
111	150	4.75333
111	153	5.1502
111	159	6.52649
111	169	6.36043
111	171	5.87872
111	172	6.20322
111	178	6.26199
111	183	6.15594
111	186	6.42774
111	188	6.50731
111	189	6.4384
111	190	6.55013
111	197	6.80091
112	8	2.37447
112	38	1.90958
112	71	2.95545
112	98	4.4047
112	115	3.93643
112	116	3.97986
112	133	4.40299
112	142	4.3366
112	143	4.92113
112	148	5.04752
112	149	5.16583
112	153	5.06127
112	166	4.3118
112	171	5.78979
112	172	4.90797
112	178	6.17306
112	183	6.06701
112	186	6.33881
112	188	6.41838
112	189	6.34947
112	190	6.46119
112	193	6.05104
112	194	5.0569
112	196	5.8516
112	197	6.71197
113	14	4.65616
113	20	4.60846
113	26	4.70291
113	30	4.81244
113	33	4.77485
113	48	4.79807
113	60	4.79649
113	67	5.18245
113	75	5.20779
113	78	2.88183
113	79	5.19145
113	82	5.2436
113	84	5.26331
113	89	5.61108
113	91	5.32333
113	92	2.34163
113	95	5.64735
113	97	3.45387
113	101	5.65768
113	108	6.02257
113	140	5.04657
113	174	4.87655
113	177	6.51967
113	188	6.07332
113	196	6.31851
114	7	3.74312
114	10	4.17788
114	34	1.8023
114	50	4.08391
114	61	4.16763
114	63	4.03639
114	64	4.28552
114	71	4.19949
114	73	4.44598
114	78	4.49676
114	86	5.01393
114	91	4.55997
114	118	5.47315
114	119	5.21247
114	123	5.38976
114	126	5.56668
114	136	5.72068
114	138	5.49308
114	145	6.43713
114	154	5.82711
114	158	6.17423
114	169	5.95829
114	192	6.34442
114	194	5.95002
114	197	6.46063
115	12	2.55445
115	21	3.27089
115	22	3.73586
115	23	3.44744
115	47	4.13646
115	53	4.06032
115	74	4.3631
115	80	4.05995
115	87	4.32335
115	92	4.86576
115	98	4.65858
115	109	4.75666
115	112	3.93643
115	120	4.8547
115	121	4.8048
115	135	4.96524
115	137	5.15128
115	139	5.24543
115	158	5.81076
115	169	6.17278
115	177	6.71365
115	183	7.73128
115	191	6.91624
115	193	7.03737
115	198	7.43003
115	199	7.60008
116	21	2.41641
116	41	2.95071
116	56	3.83374
116	59	4.78736
116	76	3.1072
116	77	2.96412
116	87	5.28935
116	100	5.4344
116	102	5.11248
116	105	4.62733
116	107	3.82588
116	112	3.97986
116	142	4.43741
116	148	5.14833
116	149	5.26664
116	150	4.7652
116	168	5.77961
116	171	5.89059
116	178	6.27386
116	180	7.75444
116	183	6.16781
116	186	6.43961
116	188	6.51918
116	189	6.45027
116	190	6.562
116	197	6.81278
117	28	2.5036
117	29	3.07635
117	93	3.99198
117	94	4.1617
117	102	3.58072
117	103	3.94387
117	104	4.06751
117	121	5.06178
117	123	3.45187
117	128	5.51505
117	129	4.4322
117	130	4.3676
117	131	4.49767
117	156	5.72218
117	157	5.48496
117	161	5.17256
117	164	5.68182
117	166	5.84364
117	167	6.06357
117	169	5.7463
117	176	6.29816
117	178	6.74927
117	179	6.57179
117	184	6.6362
117	192	6.81773
117	200	7.14526
118	10	4.60048
118	24	3.04089
118	25	3.87973
118	29	3.40971
118	39	4.46789
118	50	4.50651
118	52	4.96099
118	61	4.59023
118	63	4.45898
118	64	4.70811
118	71	4.62208
118	73	4.86858
118	80	4.89208
118	81	4.93908
118	86	5.43653
118	97	5.3598
118	108	4.81338
118	110	6.39232
118	114	5.47315
118	124	5.57314
118	126	5.98927
118	136	6.14327
118	138	5.91568
118	151	6.67131
118	154	6.2497
118	158	6.59683
119	7	3.90503
119	10	4.33979
119	15	4.30002
119	21	3.73546
119	25	3.61905
119	36	3.88202
119	49	4.33159
119	61	4.32955
119	63	4.1983
119	71	4.3614
119	76	4.69778
119	78	4.65868
119	81	4.67839
119	86	5.17585
119	97	5.09911
119	109	5.3363
119	114	5.21247
119	123	5.55167
119	126	5.72859
119	135	6.63911
119	138	5.65499
119	149	5.69153
119	154	5.98902
119	158	6.33614
119	187	7.33763
119	189	7.81655
120	7	3.12417
120	22	3.40366
120	27	4.54766
120	28	3.58813
120	35	2.86379
120	44	3.1758
120	55	3.54833
120	83	4.51297
120	88	4.13946
120	115	4.8547
120	124	4.74407
120	127	4.28687
120	134	4.70509
120	135	4.63304
120	147	5.83016
120	159	5.38286
120	161	5.89459
120	169	5.84058
120	174	6.21854
120	176	7.28374
120	177	6.38145
120	184	6.75883
120	187	6.48696
120	191	6.58404
120	193	6.70517
120	198	7.09783
121	32	3.01304
121	41	3.14809
121	53	3.67822
121	55	3.49843
121	83	4.98148
121	87	3.94125
121	92	4.48366
121	98	4.27648
121	102	4.7795
121	115	4.8048
121	117	5.06178
121	124	4.69417
121	125	4.53868
121	131	5.69645
121	137	4.76918
121	139	4.86333
121	142	4.80398
121	145	5.09824
121	146	5.15551
121	162	6.94321
121	174	6.16864
121	187	6.43706
121	188	7.48632
121	191	6.53414
121	193	6.65527
121	198	7.04793
122	6	3.16845
122	27	4.77914
122	36	3.4706
122	53	3.59101
122	58	3.61592
122	74	3.89379
122	82	3.59179
122	87	3.85404
122	108	4.16969
122	124	4.60696
122	134	4.56798
122	137	4.68198
122	139	4.77612
122	144	4.75651
122	145	5.01103
122	159	5.24576
122	169	5.70347
122	170	6.44188
122	171	6.94678
122	174	6.08144
122	177	6.24434
122	181	7.07725
122	187	6.34985
122	191	6.44694
122	193	6.56807
122	198	6.96072
123	15	4.47731
123	16	3.39838
123	25	3.79633
123	49	4.50887
123	50	4.42311
123	63	4.37559
123	71	4.53869
123	73	4.78518
123	78	4.83596
123	81	4.85568
123	97	5.2764
123	109	5.51358
123	114	5.38976
123	117	3.45187
123	119	5.55167
123	126	5.90588
123	128	5.10391
123	136	6.05988
123	138	5.83228
123	154	6.16631
123	158	6.51343
123	159	5.50122
123	173	5.0658
123	175	5.85868
123	180	5.81155
123	184	5.61742
124	17	2.44829
124	44	3.39737
124	61	3.46482
124	86	3.41924
124	98	4.54795
124	118	5.57314
124	120	4.74407
124	121	4.69417
124	122	4.60696
124	125	4.81015
124	127	4.50844
124	133	4.03327
124	134	4.92666
124	135	4.85461
124	138	5.01357
124	139	5.1348
124	145	5.36971
124	159	5.60443
124	161	6.11616
124	170	5.58483
124	175	6.37452
124	177	6.60302
124	180	6.32739
124	187	6.70853
124	191	6.80561
124	193	6.92674
125	17	2.2928
125	44	3.24188
125	54	2.51345
125	74	4.09698
125	98	4.39246
125	121	4.53868
125	124	4.81015
125	137	4.88517
125	139	4.97931
125	140	4.47174
125	144	4.9597
125	145	5.21422
125	146	5.27149
125	159	5.44894
125	161	5.96067
125	162	4.95537
125	169	5.90666
125	177	6.44753
125	181	5.32645
125	185	5.53138
125	187	6.55304
125	188	5.49849
125	191	6.65013
125	198	7.16391
125	199	6.05647
125	200	5.44876
126	7	4.25924
126	19	2.10941
126	39	4.56141
126	49	4.68579
126	52	3.18042
126	63	4.55251
126	73	4.9621
126	78	5.01288
126	81	5.0326
126	86	5.53005
126	97	5.45332
126	102	3.40559
126	109	5.69051
126	114	5.56668
126	118	5.98927
126	119	5.72859
126	123	5.90588
126	136	6.2368
126	138	6.0092
126	152	4.6196
126	154	6.34323
126	156	5.61377
126	158	6.69035
126	174	4.91565
126	184	5.85343
126	185	6.14531
126	198	6.23596
127	22	3.16804
127	24	1.98434
127	47	3.93079
127	69	6.17365
127	74	3.79528
127	120	4.28687
127	124	4.50844
127	134	4.46946
127	135	4.39742
127	137	4.58346
127	144	4.65799
127	145	4.91251
127	146	4.96979
127	157	5.18288
127	159	5.14724
127	161	5.65897
127	163	5.99284
127	165	5.9318
127	169	5.60495
127	174	5.98292
127	177	6.14583
127	181	6.66438
127	187	6.25134
127	190	6.19936
127	191	6.34842
127	193	6.46955
127	198	6.86221
128	24	3.03198
128	34	2.5427
128	43	4.43712
128	46	3.30317
128	57	5.34577
128	78	4.74809
128	94	4.13584
128	100	3.52426
128	117	5.51505
128	123	5.10391
128	140	4.0815
128	150	6.0305
128	162	5.3528
128	163	5.26582
128	165	5.48142
128	170	5.22595
128	172	5.46943
128	173	5.78147
128	174	6.74282
128	175	5.71129
128	180	5.75277
128	181	6.24126
128	182	6.2176
128	185	6.05543
128	194	6.2979
128	196	6.40753
128	199	6.47921
129	19	2.87886
129	39	4.29471
129	42	2.99445
129	43	4.01406
129	63	4.4566
129	69	3.37876
129	78	4.32503
129	79	5.15465
129	99	4.05608
129	103	3.92491
129	106	4.49088
129	117	4.4322
129	130	4.34864
129	132	6.84282
129	151	5.33687
129	153	5.48223
129	156	5.70322
129	160	5.76274
129	164	5.66286
129	166	5.82467
129	167	6.0446
129	176	6.2792
129	179	6.55282
129	184	6.61724
129	185	7.54942
129	192	6.79877
129	200	7.12629
130	1	3.65667
130	42	2.92985
130	70	3.65335
130	83	4.1721
130	93	3.90842
130	94	4.07814
130	103	3.86031
130	106	4.42628
130	107	3.34683
130	117	4.3676
130	129	4.34864
130	151	5.27227
130	155	6.21366
130	156	5.63862
130	157	5.40139
130	160	5.69815
130	162	6.13383
130	164	5.59826
130	167	5.98
130	170	5.86953
130	176	6.2146
130	179	6.48822
130	180	6.61209
130	184	6.55264
130	192	6.73417
130	194	6.12743
130	200	7.06169
131	4	2.01702
131	12	2.88095
131	34	2.60059
131	49	3.3252
131	61	3.99478
131	90	3.68923
131	117	4.49767
131	121	5.69645
131	137	6.04187
131	141	4.50785
131	155	5.07182
131	158	5.69088
131	162	5.41069
131	165	5.53931
131	166	5.6276
131	170	5.28384
131	172	5.52732
131	173	5.83936
131	175	5.76918
131	180	5.81066
131	181	6.29915
131	182	6.27549
131	189	7.2321
131	194	6.35579
131	195	6.34296
131	196	6.46542
131	199	6.5371
132	9	2.77226
132	11	3.30155
132	12	3.01867
132	22	3.83696
132	45	3.23588
132	68	4.03876
132	80	5.03748
132	102	3.54094
132	105	4.03446
132	129	6.84282
132	140	4.27711
132	141	4.64557
132	142	5.35604
132	152	5.30308
132	155	5.20954
132	160	7.50274
132	162	5.54842
132	163	5.46144
132	173	5.97708
132	175	5.9069
132	180	5.94838
132	181	6.43688
132	182	6.41322
132	185	6.25105
132	190	7.40132
132	194	6.49352
132	195	6.48068
133	3	4.03812
133	8	2.8984
133	31	3.16657
133	53	4.17817
133	56	2.36755
133	72	3.79995
133	76	3.53032
133	89	3.65803
133	96	4.18186
133	99	4.32058
133	107	4.249
133	112	4.40299
133	124	4.03327
133	141	6.23408
133	149	5.68976
133	153	5.5852
133	168	6.20273
133	171	6.31372
133	178	6.69698
133	183	6.59094
133	186	6.86274
133	188	6.94231
133	189	6.8734
133	190	6.98512
133	193	6.79773
133	197	7.2359
133	198	6.47665
134	11	3.57631
134	22	3.58625
134	55	3.73092
134	74	4.21349
134	76	3.80205
134	90	4.23549
134	92	4.71615
134	98	4.50897
134	104	4.64203
134	106	4.99257
134	120	4.70509
134	122	4.56798
134	124	4.92666
134	127	4.46946
134	135	4.81563
134	145	5.33073
134	149	4.7958
134	159	5.56545
134	161	6.07718
134	169	6.02317
134	172	5.91247
134	177	6.56404
134	185	6.64382
134	187	6.66955
134	193	6.88776
134	195	7.05875
134	198	7.28042
135	19	3.84152
135	22	3.5142
135	23	3.22578
135	29	3.36126
135	52	4.91254
135	80	3.8383
135	88	4.96618
135	92	4.64411
135	98	4.43693
135	108	4.76493
135	115	4.96524
135	119	6.63911
135	120	4.63304
135	124	4.85461
135	127	4.39742
135	134	4.81563
135	144	5.00416
135	145	5.25868
135	146	5.31596
135	159	5.49341
135	161	6.00513
135	174	6.32909
135	177	6.49199
135	185	7.87743
135	187	6.5975
135	191	6.69459
135	196	8.08972
135	198	7.20837
136	7	4.41324
136	8	4.70241
136	15	4.80823
136	25	4.12725
136	39	4.71541
136	50	4.75403
136	61	4.83775
136	62	3.70905
136	64	4.95564
