1	70	1.22168
1	78	2.31827
1	87	3.3349
1	112	3.14022
1	126	3.88786
1	140	2.35373
1	155	4.07721
1	183	4.79003
1	187	4.68657
1	191	5.15379
1	192	4.37483
1	193	4.34188
1	194	4.72963
1	196	4.83207
1	198	4.86161
2	38	2.95785
2	54	2.63325
2	59	2.97655
2	90	3.41992
2	137	3.6668
2	138	2.95562
2	144	3.54654
2	148	2.89495
2	151	3.79264
2	156	3.972
2	173	4.83293
2	174	4.87234
2	175	4.57946
2	195	5.70471
2	196	5.26612
3	16	2.54872
3	19	2.8286
3	47	2.93915
3	117	2.26126
3	122	3.67525
3	123	3.5144
3	169	4.22672
3	175	4.09227
3	176	3.72874
3	180	4.76908
3	181	3.6596
3	182	4.54336
3	197	4.93741
3	199	5.1832
3	200	5.15798
4	30	2.59175
4	32	2.40452
4	49	2.16394
4	65	3.86438
4	86	2.87934
4	118	3.5996
4	124	2.97899
4	133	3.93175
4	136	4.02297
4	149	3.63157
4	171	4.41709
4	187	5.06322
4	190	5.19055
4	196	5.58567
4	200	5.90499
5	35	2.1899
5	53	2.66874
5	95	2.821
5	117	4.2169
5	121	3.40687
5	126	3.32888
5	133	4.15092
5	149	3.60433
5	152	4.08418
5	155	3.76073
5	166	4.08539
5	176	4.71118
5	179	4.48824
5	188	4.75174
5	196	5.80483
6	19	2.50237
6	44	2.22039
6	72	2.15603
6	104	2.81429
6	134	3.52387
6	135	3.97324
6	144	3.24345
6	155	3.53207
6	165	4.39767
6	177	4.40353
6	180	4.87942
6	185	4.95922
6	189	5.08813
6	192	5.33296
6	199	5.0921
7	10	2.58385
7	28	2.96755
7	50	2.26683
7	73	3.54964
7	93	2.65727
7	131	3.39428
7	136	4.66245
7	152	3.51896
7	162	3.56311
7	169	4.17722
7	171	4.46373
7	172	5.11662
7	183	4.59122
7	189	5.72052
7	191	4.87276
8	21	0.583706
8	98	3.21137
8	126	3.78424
8	128	2.15294
8	136	4.09499
8	140	2.49227
8	148	3.28652
8	172	4.54915
8	175	4.97103
8	189	5.15305
8	192	4.51337
8	193	4.48043
8	194	4.86817
8	196	4.97062
8	198	5.00015
9	32	3.73167
9	50	2.36547
9	70	3.00647
9	111	2.95918
9	119	3.6614
9	121	3.38887
9	129	4.11113
9	133	3.31891
9	141	4.25816
9	142	3.69986
9	162	3.66175
9	166	4.50531
9	183	4.68986
9	191	4.9714
9	195	5.7846
10	7	2.58385
10	15	2.76589
10	35	2.86346
10	89	3.63259
10	99	3.658
10	109	3.21707
10	114	3.75125
10	119	3.87063
10	133	4.02191
10	138	3.82188
10	161	4.30125
10	167	3.90306
10	179	5.1618
10	181	5.2324
10	194	5.38637
11	36	2.91838
11	46	2.60376
11	50	2.62538
11	55	3.03269
11	66	2.88682
11	85	2.85504
11	101	3.36067
11	107	3.74897
11	132	3.93834
11	155	4.32538
11	163	4.77219
11	166	4.65003
11	179	5.05288
11	199	5.46798
11	200	5.91138
12	38	3.75317
12	51	3.49019
12	60	3.1499
12	75	2.69956
12	79	2.759
12	103	3.41448
12	104	3.34433
12	112	3.44034
12	142	3.96822
12	156	3.94933
12	161	4.68686
12	168	4.92701
12	182	4.7324
12	184	4.88933
12	188	5.02364
13	18	3.29565
13	26	2.49517
13	43	2.8893
13	50	3.2421
13	54	2.25087
13	97	3.8139
13	137	3.28442
13	157	3.91036
13	160	3.75977
13	167	4.17038
13	168	5.07435
13	174	4.48996
13	176	5.11512
13	186	4.78331
13	193	6.08085
13	195	5.32233
14	22	2.48483
14	28	2.55449
14	43	2.76436
14	55	3.52447
14	96	3.37699
14	100	3.68248
14	120	3.42903
14	130	3.99305
14	137	3.99408
14	145	3.99136
14	154	4.23274
14	160	4.46943
14	167	4.88004
14	176	4.99018
14	185	5.69475
14	195	6.03199
15	10	2.76589
15	50	2.24988
15	65	3.49527
15	79	3.39537
15	107	4.09259
15	116	4.24161
15	124	3.2756
15	138	4.0566
15	145	4.21469
15	150	3.22863
15	155	4.66901
15	156	4.5857
15	161	3.84198
15	196	5.21656
15	198	5.20445
15	200	5.53588
16	3	2.54872
16	32	3.8834
16	72	3.26331
16	77	3.24843
16	99	4.30562
16	105	3.32615
16	114	3.46499
16	118	3.33798
16	119	3.58436
16	138	3.53562
16	161	4.94887
16	173	4.50252
16	179	4.87553
16	182	4.8478
16	187	5.2487
16	188	5.13904
17	28	2.23807
17	63	2.38561
17	104	2.73389
17	113	3.07942
17	117	3.54785
17	154	3.91632
17	159	3.99619
17	160	4.15301
17	163	4.31591
17	167	4.56362
17	174	4.8832
17	183	4.1645
17	185	4.74669
17	186	5.17655
17	192	5.25256
17	194	4.84632
18	13	3.29565
18	63	3.65384
18	69	3.28908
18	114	4.0129
18	119	3.89368
18	145	4.31153
18	150	4.41608
18	153	2.59857
18	164	3.15684
18	169	5.08832
18	172	3.48596
18	175	4.02919
18	177	3.62906
18	197	4.87434
18	199	5.12012
18	200	5.09491
19	3	2.8286
19	6	2.50237
19	31	2.70376
19	40	2.7391
19	51	2.74582
19	63	3.04701
19	71	4.09424
19	84	4.02808
19	103	3.6822
19	112	3.74213
19	131	4.68509
19	142	4.89204
19	156	5.30921
19	157	4.92896
19	175	5.91666
19	191	6.16358
20	27	2.87075
20	66	3.64419
20	69	2.94631
20	83	2.74365
20	106	3.45004
20	115	3.44467
20	131	4.21505
20	135	3.79673
20	136	4.49854
20	140	4.02524
20	146	3.9261
20	165	4.22116
20	170	4.37844
20	180	4.70292
20	185	4.78271
20	200	6.38057
21	8	0.583706
21	30	2.94277
21	31	2.44724
21	57	1.81786
21	99	4.32897
21	121	3.94884
21	123	4.31879
21	127	4.00816
21	142	4.25358
21	168	3.62866
21	190	5.73878
21	192	4.93369
21	193	4.90075
21	194	5.2885
21	196	5.39094
21	198	5.42047
22	14	2.48483
22	38	3.70919
22	48	2.79606
22	98	3.57114
22	100	3.61611
22	107	3.73162
22	108	3.31161
22	113	3.119
22	118	3.03199
22	151	3.84308
22	160	4.19259
22	173	4.88337
22	174	4.92278
22	187	4.94271
22	192	6.13423
22	195	5.75515
23	41	2.95004
23	47	3.37852
23	50	3.0151
23	71	2.67039
23	83	3.025
23	100	3.58043
23	101	3.23771
23	115	3.72602
23	150	3.99385
23	165	4.50251
23	170	4.65979
23	171	4.22035
23	172	4.87324
23	180	4.98427
23	189	5.19298
23	196	5.98178
24	52	1.75944
24	60	2.6133
24	80	3.35396
24	123	3.27931
24	125	3.44311
24	134	3.51084
24	146	4.08957
24	156	4.48752
24	161	4.40706
24	168	4.64721
24	170	4.54191
24	173	3.9607
24	177	4.96898
24	180	4.86638
24	185	4.94618
24	190	5.17361
25	67	3.29467
25	88	1.37646
25	90	4.01982
25	134	2.79902
25	145	3.77354
25	149	3.91192
25	164	3.3145
25	166	4.1996
25	169	4.55033
25	175	4.18686
25	177	3.78673
25	181	3.75419
25	195	5.47889
25	197	5.032
25	199	5.27779
25	200	5.25257
26	13	2.49517
26	39	2.85039
26	44	2.41261
26	66	3.18647
26	80	3.55921
26	108	3.53634
26	135	4.16546
26	141	4.01731
26	146	4.29483
26	149	3.64943
26	163	4.78365
26	170	4.74716
26	182	4.60447
26	183	4.63224
26	189	5.28035
26	197	5.8528
27	20	2.87075
27	51	3.5554
27	75	2.94175
27	91	3.77059
27	93	3.63008
27	113	3.42547
27	117	2.23308
27	164	3.19172
27	175	4.06408
27	177	3.66395
27	181	3.63142
27	185	5.73756
27	197	4.90923
27	198	6.11454
27	199	5.15501
27	200	5.1298
28	7	2.96755
28	14	2.55449
28	17	2.23807
28	32	3.61947
28	96	3.16981
28	103	3.13841
28	134	2.99253
28	143	3.09846
28	151	3.91274
28	154	4.02556
28	163	5.23965
28	165	4.65712
28	174	4.99244
28	186	5.28579
28	195	5.82481
28	197	6.3088
29	41	1.83497
29	59	3.53487
29	68	3.08724
29	76	3.50013
29	95	3.44246
29	113	3.00563
29	127	3.48579
29	137	3.60388
29	156	4.53032
29	159	3.92241
29	160	4.07922
29	174	4.80941
29	184	4.65233
29	186	5.10276
29	193	5.69651
29	195	5.64178
30	4	2.59175
30	21	2.94277
30	61	2.99405
30	93	3.41654
30	110	3.4468
30	120	3.2583
30	122	4.04594
30	127	4.50849
30	129	4.08837
30	130	4.17344
30	143	4.4115
30	154	3.8979
30	162	4.58721
30	168	4.77868
30	177	5.10045
30	190	5.80946
31	19	2.70376
31	21	2.44724
31	42	3.43962
31	94	2.58555
31	107	4.06945
31	116	4.21847
31	138	4.03345
31	141	3.50401
31	145	4.19155
31	149	4.48946
31	165	4.01516
31	166	4.97052
31	176	4.32392
31	188	5.63687
31	191	4.81005
31	192	5.53435
31	194	5.12811
32	4	2.40452
32	9	3.73167
32	16	3.8834
32	28	3.61947
32	40	3.92491
32	43	3.02424
32	68	3.20393
32	79	3.72671
32	98	3.41397
32	114	4.48598
32	127	4.32126
32	129	3.90114
32	130	3.98621
32	142	4.78386
32	184	5.19687
32	190	5.62223
32	196	6.87708
33	78	2.45671
33	91	3.8023
33	93	3.66179
33	98	3.71204
33	117	4.57042
33	123	4.13034
33	150	2.59879
33	157	4.48398
33	163	2.94324
33	168	3.20824
33	178	5.22383
33	188	5.44732
33	192	4.51327
33	193	4.48032
33	194	4.86807
33	196	4.97051
33	198	5.00005
34	35	2.55999
34	58	2.01019
34	76	3.53718
34	78	3.21453
34	81	2.19589
34	95	3.47951
34	104	3.4596
34	131	4.0153
34	141	3.94792
34	144	3.88877
34	182	4.86244
34	191	5.25396
34	192	5.27109
34	193	5.23814
34	194	5.62589
34	196	5.72833
34	198	5.75787
35	5	2.1899
35	10	2.86346
35	34	2.55999
35	39	2.96456
35	45	3.04423
35	46	3.04496
35	91	3.65959
35	126	4.33473
35	148	4.434
35	151	4.18428
35	155	4.76658
35	156	4.68328
35	169	4.69995
35	180	5.24231
35	188	5.75759
35	190	5.40762
35	197	6.26491
36	11	2.91838
36	40	2.93182
36	42	3.72417
36	66	3.49186
36	74	3.85292
36	77	4.03082
36	106	3.27279
36	109	3.7132
36	119	4.36675
36	126	4.49857
36	133	4.23008
36	136	4.32129
36	145	4.4761
36	151	4.05263
36	162	4.5581
36	192	6.00077
36	193	5.75607
37	55	1.78191
37	82	3.1942
37	89	3.16846
37	106	3.34096
37	132	4.29844
37	136	3.13314
37	138	3.64167
37	149	3.99807
37	157	4.2778
37	161	4.05246
37	164	4.02919
37	172	4.35832
37	173	4.13123
37	178	5.01765
37	197	5.7467
37	199	5.99248
37	200	5.96727
38	2	2.95785
38	12	3.75317
38	22	3.70919
38	52	2.98667
38	59	2.50028
38	92	3.8312
38	132	2.52552
38	140	2.85216
38	163	3.30323
38	168	3.56823
38	171	5.24744
38	175	6.32221
38	177	6.19622
38	192	4.87326
38	193	4.84031
38	194	5.22806
38	198	5.36004
39	26	2.85039
39	35	2.96456
39	40	3.61183
39	69	3.44908
39	87	3.86281
39	90	3.05449
39	92	3.38634
39	95	3.59566
39	103	3.91723
39	107	3.95898
39	116	4.10799
39	145	4.08107
39	165	5.16159
39	171	4.80258
39	180	5.79068
39	188	5.52639
39	190	5.95598
40	19	2.7391
40	32	3.92491
40	36	2.93182
40	39	3.61183
40	84	3.11078
40	99	3.19166
40	114	3.97386
40	131	3.7678
40	133	3.59379
40	152	3.89248
40	158	4.94031
40	165	4.96255
40	169	4.55074
40	172	5.25642
40	178	5.43044
40	183	4.96474
40	191	5.24629
41	23	2.95004
41	29	1.83497
41	44	2.99833
41	56	2.29454
41	91	3.92936
41	97	3.89053
41	130	4.19462
41	151	3.58342
41	157	4.08352
41	159	3.77612
41	167	4.34354
41	174	4.66312
41	179	5.13073
41	186	4.95647
41	189	5.78077
41	195	5.49549
41	199	6.16132
42	31	3.43962
42	36	3.72417
42	55	2.75447
42	65	3.59255
42	82	2.55587
42	85	3.66083
42	103	4.51301
42	104	4.44286
42	116	4.70377
42	154	3.29863
42	155	5.13117
42	166	5.45582
42	178	4.37932
42	180	4.54051
42	186	4.14922
42	189	4.8092
42	194	5.02437
43	13	2.8893
43	14	2.76436
43	32	3.02424
43	65	4.27637
43	69	3.80682
43	89	3.21395
43	100	3.62801
43	110	3.4476
43	123	3.96965
43	127	4.5093
43	144	4.02493
43	146	3.43707
43	177	5.18501
43	178	5.12939
43	187	5.68293
43	188	5.28663
43	190	5.81026
44	6	2.22039
44	26	2.41261
44	41	2.99833
44	59	3.7405
44	80	3.41046
44	99	4.01223
44	123	3.33581
44	135	4.01671
44	151	4.1987
44	155	4.34595
44	156	4.73595
44	170	4.59841
44	174	5.09008
44	180	4.92289
44	185	5.00269
44	189	5.1316
44	193	5.90214
45	35	3.04423
45	71	3.83664
45	86	3.07429
45	87	3.91931
45	91	3.65853
45	98	3.17724
45	109	3.18826
45	118	3.79455
45	127	4.08453
45	129	3.66441
45	143	3.98754
45	149	4.39163
45	167	4.57296
45	178	4.70463
45	184	4.96014
45	191	5.7382
45	196	6.34573
46	11	2.60376
46	35	3.04496
46	77	3.71619
46	83	3.46065
46	89	3.81409
46	101	3.71934
46	103	3.99764
46	104	3.92749
46	116	4.1884
46	121	3.55277
46	149	4.45939
46	154	3.93553
46	170	4.45373
46	182	5.31556
46	183	4.97945
46	187	4.87598
46	192	6.06751
47	3	2.93915
47	23	3.37852
47	48	3.33833
47	55	4.15451
47	68	3.10889
47	69	3.52375
47	79	3.56351
47	81	3.66943
47	124	3.31563
47	127	4.22622
47	128	4.48634
47	147	4.57949
47	164	5.01085
47	178	4.84632
47	184	5.10183
47	187	5.39986
47	190	5.52719
48	22	2.79606
48	47	3.33833
48	49	2.6369
48	56	3.14226
48	97	3.54671
48	102	3.46758
48	120	3.28678
48	123	3.91357
48	133	4.28767
48	142	3.84837
48	154	4.54397
48	158	4.51693
48	159	4.62385
48	173	5.47144
48	174	5.51085
48	176	4.84793
48	195	6.34322
49	4	2.16394
49	48	2.6369
49	54	2.52453
49	71	3.38632
49	96	2.94099
49	128	3.66787
49	154	3.79674
49	157	4.18402
49	158	4.47076
49	159	3.87661
49	173	4.72421
49	174	4.76362
49	178	4.96089
49	179	4.74074
49	181	5.45198
49	195	5.59599
49	200	6.21474
50	7	2.26683
50	9	2.36547
50	11	2.62538
50	13	3.2421
50	15	2.24988
50	23	3.0151
50	66	3.9334
50	68	3.61325
50	99	4.01021
50	121	4.4823
50	152	4.71103
50	158	4.9258
50	169	5.36929
50	180	5.57713
50	181	5.90703
50	183	5.78329
50	191	6.06484
51	12	3.49019
51	19	2.74582
51	27	3.5554
51	90	4.89969
51	105	3.15044
51	106	3.24375
51	111	3.24079
51	115	4.27391
51	131	3.77453
51	142	3.98147
51	152	3.89921
51	160	4.54907
51	162	3.94336
51	166	5.07947
51	183	4.97147
51	188	6.03485
51	191	5.25301
52	24	1.75944
52	38	2.98667
52	76	2.97063
52	93	3.37261
52	99	3.53348
52	131	4.10962
52	133	3.93561
52	142	4.31657
52	144	3.32222
52	163	4.47507
52	169	4.89257
52	177	4.48229
52	179	4.14027
52	183	5.30656
52	191	5.58811
52	198	5.28284
52	200	5.61426
53	5	2.66874
53	76	2.23308
53	80	3.26917
53	87	3.75463
53	109	3.02358
53	111	3.70681
53	153	3.369
53	158	3.69862
53	159	4.40398
53	161	3.95053
53	172	4.25639
53	175	4.79963
53	181	4.36696
53	184	5.00894
53	196	6.18105
53	197	5.64477
53	198	6.16895
53	200	5.86534
54	2	2.63325
54	13	2.25087
54	49	2.52453
54	74	2.9125
54	96	3.57584
54	98	3.53655
54	101	3.75147
54	122	4.11571
54	129	3.92226
54	157	4.81888
54	165	4.58045
54	167	5.0789
54	173	5.35906
54	178	5.04835
54	179	4.82819
54	186	5.69182
54	189	5.47823
54	195	6.23085
55	11	3.03269
55	14	3.52447
55	37	1.78191
55	42	2.75447
55	47	4.15451
55	115	4.28579
55	119	4.24744
55	136	2.86221
55	154	4.74256
55	158	3.52962
55	170	5.26076
55	175	4.63062
55	176	4.2671
55	181	4.19796
55	190	6.14975
55	197	5.47577
55	199	5.72155
55	200	5.69634
56	41	2.29454
56	48	3.14226
56	57	3.02136
56	89	3.65641
56	92	3.09425
56	94	3.60809
56	105	2.84467
56	114	4.04901
56	142	4.34689
56	144	3.94318
56	152	4.71946
56	157	4.68938
56	163	5.62024
56	167	4.9494
56	173	5.22957
56	174	5.26898
56	186	5.56233
56	193	6.31219
57	21	1.81786
57	56	3.02136
57	59	3.37455
57	73	2.85402
57	78	3.69097
57	88	3.24658
57	116	3.36189
57	127	3.55973
57	150	3.83305
57	158	4.47373
57	168	4.4425
57	170	4.40138
57	184	4.72627
57	188	5.18735
57	192	5.74753
57	196	6.20478
57	198	6.23431
57	200	6.21771
58	34	2.01019
58	60	2.91735
58	67	2.31502
58	81	2.52726
58	84	2.99841
58	125	4.06665
58	126	4.21224
58	133	4.43177
58	140	3.58136
58	163	4.03243
58	173	4.26476
58	179	4.93102
58	186	4.92107
58	190	5.47767
58	192	5.60246
58	194	5.95726
58	196	6.05971
58	198	6.08924
59	2	2.97655
59	29	3.53487
59	38	2.50028
59	44	3.7405
59	57	3.37455
59	60	3.85923
59	67	3.20295
59	68	4.29037
59	72	3.30683
59	81	3.41518
59	87	4.60115
59	112	4.40648
59	132	4.14265
59	136	5.46487
59	140	4.46929
59	166	5.36115
59	194	6.84518
59	196	6.94763
60	12	3.1499
60	24	2.6133
60	58	2.91735
60	59	3.85923
60	82	3.39083
60	86	3.32333
60	87	4.78211
60	89	4.65298
60	92	2.97113
60	95	4.51495
60	105	4.6328
60	130	4.05802
60	141	4.23523
60	145	5.00036
60	149	5.29827
60	171	4.38738
60	182	6.15445
60	197	6.39807
61	30	2.99405
61	68	3.17455
61	69	3.58941
61	85	2.85329
61	90	4.14298
61	95	3.6072
61	97	3.5943
61	100	3.4106
61	130	3.95684
61	139	3.43883
61	167	4.21641
61	171	4.81939
61	175	5.30252
61	182	4.99013
61	184	5.16749
61	187	5.46552
61	190	5.59285
61	198	5.97708
62	71	2.74425
62	83	3.09886
62	92	2.68382
62	93	3.36492
62	94	3.28046
62	132	4.20776
62	139	3.31114
62	144	3.88876
62	146	4.28132
62	153	3.79713
62	165	4.57637
62	170	4.73365
62	180	5.05813
62	185	5.13793
62	187	4.78674
62	189	5.26684
62	192	5.97826
62	200	6.18081
63	17	2.38561
63	18	3.65384
63	19	3.04701
63	73	3.89145
63	99	3.49957
63	100	4.16561
63	106	3.54494
63	113	3.86579
63	119	4.05663
63	121	3.97166
63	132	4.91324
63	152	4.20039
63	162	4.24454
63	168	5.43254
63	169	4.85865
63	183	5.27265
63	188	5.85593
63	191	5.5542
64	71	2.89654
64	86	2.94352
64	108	3.67512
64	115	3.95217
64	117	4.18106
64	125	3.78714
64	126	3.89553
64	135	4.30423
64	141	4.15609
64	154	3.75378
64	163	4.94911
64	164	4.06596
64	165	4.72866
64	175	5.08233
64	185	5.29022
64	186	4.60437
64	187	4.69424
64	189	5.41913
65	4	3.86438
65	15	3.49527
65	42	3.59255
65	43	4.27637
65	67	5.0245
65	78	3.76862
65	126	5.7224
65	139	2.38177
65	153	3.03391
65	154	5.58065
65	158	3.36354
65	161	3.61544
65	170	6.09885
65	175	4.46454
65	176	4.10101
65	177	4.06441
65	197	5.30969
65	199	5.55547
65	200	5.53025
66	11	2.88682
66	20	3.64419
66	26	3.18647
66	36	3.49186
66	50	3.9334
66	76	4.57577
66	77	3.99925
66	87	4.22628
66	92	3.72242
66	107	4.32245
66	114	4.21582
66	119	4.33519
66	121	4.50212
66	122	3.89699
66	126	4.46701
66	142	4.80686
66	177	6.08743
66	182	5.59863
66	196	6.90009
67	25	3.29467
67	58	2.31502
67	59	3.20295
67	65	5.0245
67	71	4.2367
67	73	2.68242
67	76	4.42148
67	102	2.78894
67	115	4.27381
67	132	3.22819
67	146	4.1852
67	148	4.37462
67	163	4.00589
67	174	5.80581
67	182	5.74674
67	192	5.57592
67	193	5.54298
67	196	6.03317
67	198	6.0627
68	29	3.08724
68	32	3.20393
68	47	3.10889
68	50	3.61325
68	59	4.29037
68	61	3.17455
68	73	3.90442
68	75	3.39505
68	107	4.2941
68	127	4.68899
68	140	4.54393
68	143	4.592
68	154	4.56473
68	155	4.89582
68	167	4.80716
68	171	5.2165
68	184	5.5646
68	187	5.86263
68	190	5.98996
69	18	3.28908
69	20	2.94631
69	39	3.44908
69	43	3.80682
69	47	3.52375
69	61	3.58941
69	70	3.03695
69	82	3.964
69	91	4.67785
69	93	3.70564
69	120	3.5474
69	127	5.10385
69	130	4.7688
69	158	4.77756
69	168	5.06778
69	178	5.72394
69	185	5.81312
69	187	6.27748
69	195	5.81508
70	1	1.22168
70	9	3.00647
70	69	3.03695
70	78	3.65365
70	83	3.66179
70	95	3.7699
70	102	2.92322
70	103	3.23076
70	129	4.09128
70	135	3.35717
70	150	3.79573
70	188	5.44084
70	192	5.71021
70	193	5.67726
70	194	6.06501
70	195	5.76475
70	196	6.16745
70	198	6.19699
70	199	6.0278
71	19	4.09424
71	23	2.67039
71	45	3.83664
71	49	3.38632
71	62	2.74425
71	64	2.89654
71	67	4.2367
71	91	4.452
71	108	3.73274
71	125	3.84477
71	133	5.15413
71	138	4.49755
71	146	4.49123
71	151	4.97669
71	170	4.94357
71	180	5.26804
71	185	5.34784
71	189	5.47675
71	198	6.79595
72	6	2.15603
72	16	3.26331
72	59	3.30683
72	73	2.7863
72	80	3.34511
72	101	4.0256
72	124	4.31604
72	128	3.31938
72	146	3.6964
72	153	4.19263
72	163	4.10978
72	168	4.37478
72	174	5.31701
72	180	5.48366
72	190	5.64897
72	192	5.67981
72	193	5.64686
72	194	6.03461
72	198	6.16659
73	7	3.54964
73	57	2.85402
73	63	3.89145
73	67	2.68242
73	68	3.90442
73	72	2.7863
73	81	2.89465
73	82	3.88365
73	91	4.28557
73	112	4.02053
73	140	3.94875
73	141	4.72806
73	153	4.57727
73	163	4.39982
73	183	5.67034
73	185	6.25254
73	193	5.93691
73	194	6.32465
73	196	6.4271
73	198	6.45663
74	36	3.85292
74	54	2.9125
74	77	4.36031
74	84	3.15949
74	90	3.77901
74	97	3.88557
74	99	4.22894
74	109	4.0427
74	119	4.69625
74	120	4.64843
74	122	4.25805
74	131	4.40058
74	153	4.18241
74	155	5.25992
74	158	4.82211
74	159	4.4697
74	162	4.92087
74	175	5.5601
74	179	5.98742
74	193	6.11884
75	12	2.69956
75	27	2.94175
75	68	3.39505
75	87	4.33176
75	90	3.52344
75	104	4.31604
75	107	4.42793
75	109	3.78712
75	112	3.51115
75	132	4.47852
75	147	3.99786
75	150	4.14432
75	156	4.92104
75	166	5.32899
75	174	5.19227
75	179	5.73184
75	180	5.35892
75	182	5.70411
75	195	5.74512
75	199	6.00816
76	29	3.50013
76	34	3.53718
76	52	2.97063
76	53	2.23308
76	66	4.57577
76	67	4.42148
76	95	4.61085
76	96	4.06545
76	117	3.35272
76	122	5.12566
76	136	3.41531
76	139	3.10095
76	158	4.08272
76	159	5.21576
76	175	5.18372
76	176	4.8202
76	194	6.70336
76	197	6.02887
76	199	6.27465
76	200	6.24944
77	16	3.24843
77	36	4.03082
77	46	3.71619
77	66	3.99925
77	74	4.36031
77	79	4.16418
77	115	2.99259
77	122	4.43594
77	131	3.61837
77	149	5.2814
77	152	3.74391
77	156	5.35451
77	169	4.14887
77	172	4.35603
77	182	6.13758
77	189	4.95993
77	193	5.33664
77	194	5.1751
77	195	5.07743
77	199	5.34048
78	1	2.31827
78	33	2.45671
78	34	3.21453
78	57	3.69097
78	65	3.76862
78	70	3.65365
78	125	3.47087
78	128	4.44637
78	150	4.89232
78	164	3.78688
78	165	4.0875
78	166	3.82349
78	168	5.50177
78	175	4.80325
78	181	5.04648
78	185	5.10082
78	195	5.10278
78	196	7.26404
78	197	5.73918
78	198	7.29358
79	12	2.759
79	15	3.39537
79	32	3.72671
79	47	3.56351
79	77	4.16418
79	84	3.07949
79	89	4.26208
79	94	3.33474
79	122	4.06191
79	125	4.14772
79	140	4.13077
79	145	4.60946
79	148	4.73119
79	149	4.90737
79	162	4.84087
79	175	5.4801
79	182	5.76355
79	188	6.05479
79	197	6.41604
79	199	6.04268
80	24	3.35396
80	26	3.55921
80	44	3.41046
80	53	3.26917
80	72	3.34511
80	83	4.11023
80	101	4.32294
80	103	3.48413
80	108	4.5342
80	121	4.00729
80	124	4.4643
80	131	4.55907
80	134	4.71395
80	135	5.16331
80	146	5.29268
80	147	4.27087
80	163	5.58538
80	181	5.96183
80	189	6.2782
80	191	5.79773
81	34	2.19589
81	47	3.66943
81	58	2.52726
81	59	3.41518
81	73	2.89465
81	94	3.44066
81	102	3.00118
81	147	4.1383
81	150	3.87368
81	151	4.44133
81	169	4.957
81	179	5.11801
81	181	5.82926
81	184	5.10058
81	185	5.8836
81	188	5.56165
81	192	5.78816
81	193	5.75521
81	194	6.14296
81	196	6.24541
81	198	6.27494
82	37	3.1942
82	42	2.55587
82	60	3.39083
82	69	3.964
82	73	3.88365
82	100	3.78518
82	110	3.60478
82	118	4.3765
82	125	4.54012
82	128	4.33162
82	142	4.46595
82	143	4.56949
82	150	4.57124
82	157	4.8848
82	171	5.19398
82	172	5.45063
82	178	5.28657
82	184	5.54208
82	187	5.84011
82	190	5.96744
82	200	6.87849
83	20	2.74365
83	23	3.025
83	46	3.46065
83	62	3.09886
83	70	3.66179
83	80	4.11023
83	89	4.04334
83	91	4.471
83	101	3.8761
83	108	4.08735
83	111	4.35281
83	126	4.95359
83	135	4.71647
83	159	5.04998
83	170	5.29818
83	171	5.06562
83	180	5.62265
83	185	5.70245
83	188	6.11601
83	189	5.83136
83	192	6.94383
84	19	4.02808
84	40	3.11078
84	58	2.99841
84	74	3.15949
84	79	3.07949
84	97	3.83499
84	99	4.48064
84	106	4.52601
84	107	3.94403
84	111	4.52304
84	117	4.64193
84	129	4.16926
84	133	4.88277
84	142	5.26372
84	162	5.22561
84	165	4.82745
84	169	5.83972
84	174	5.28988
84	181	5.78643
84	183	6.25372
84	192	6.34664
85	11	2.85504
85	42	3.66083
85	61	2.85329
85	87	4.1945
85	91	3.8252
85	101	3.94985
85	107	4.29067
85	114	4.18404
85	116	4.43968
85	119	4.30341
85	122	3.86521
85	147	4.04686
85	161	4.80667
85	164	4.47822
85	166	5.19173
85	179	5.59458
85	182	5.56685
85	187	5.1065
85	196	6.18125
85	197	6.43052
85	200	6.50057
86	4	2.87934
86	45	3.07429
86	60	3.32333
86	64	2.94352
86	90	4.64547
86	98	3.88879
86	100	3.91479
86	118	4.5061
86	122	4.62451
86	124	3.88548
86	127	4.79608
86	129	4.37595
86	137	4.10577
86	152	4.77102
86	156	5.19755
86	171	5.32358
86	177	5.67902
86	178	5.41618
86	190	6.09704
86	198	6.47957
86	199	6.36759
87	1	3.3349
87	39	3.86281
87	45	3.91931
87	53	3.75463
87	59	4.60115
87	60	4.78211
87	66	4.22628
87	75	4.33176
87	85	4.1945
87	88	4.23892
87	95	4.72511
87	103	5.04668
87	106	4.27951
87	120	5.05335
87	126	5.23299
87	127	4.55207
87	137	4.50482
87	139	4.34037
87	146	4.33013
87	188	6.65584
87	190	6.28269
88	25	1.37646
88	57	3.24658
88	87	4.23892
88	108	3.95949
88	117	3.10886
88	144	4.69261
88	146	4.10475
88	147	3.26613
88	149	4.71124
88	155	4.98123
88	161	4.09077
88	166	4.99892
88	172	4.39663
88	175	4.93986
88	176	4.57634
88	177	4.53973
88	193	6.53741
88	197	5.78501
88	198	6.65324
88	199	6.03079
88	200	6.00558
89	10	3.63259
89	37	3.16846
89	43	3.21395
89	46	3.81409
89	56	3.65641
89	60	4.65298
89	79	4.26208
89	83	4.04334
89	103	4.91756
89	104	4.84741
89	113	3.83226
89	115	4.06145
89	119	4.97204
89	120	4.92422
89	143	3.57236
89	152	4.81278
89	166	5.86037
89	170	5.03643
89	179	6.26322
89	181	6.09
89	192	6.65021
90	2	3.41992
90	25	4.01982
90	39	3.05449
90	51	4.89969
90	61	4.14298
90	74	3.77901
90	75	3.52344
90	86	4.64547
90	95	3.91678
90	105	4.03463
90	119	4.29284
90	130	5.38015
90	141	5.55737
90	145	4.40219
90	147	5.33655
90	148	4.52392
90	154	5.45573
90	160	5.27411
90	166	5.18116
90	182	5.55628
90	188	5.84752
91	27	3.77059
91	33	3.8023
91	35	3.65959
91	41	3.92936
91	45	3.65853
91	69	4.67785
91	71	4.452
91	73	4.28557
91	83	4.471
91	85	3.8252
91	98	4.47304
91	100	4.49904
91	101	4.72969
91	118	5.09035
91	124	4.46973
91	129	4.9602
91	130	5.04528
91	143	5.28334
91	152	5.24043
91	178	6.00042
91	182	5.96203
92	38	3.8312
92	39	3.38634
92	56	3.09425
92	60	2.97113
92	62	2.68382
92	66	3.72242
92	93	3.6429
92	137	4.2573
92	144	4.13704
92	151	4.38314
92	157	4.88324
92	160	4.73265
92	161	4.76489
92	167	5.14326
92	172	5.03093
92	173	5.42343
92	186	5.75619
92	192	6.25625
92	193	6.01154
92	194	5.85
92	195	6.29521
93	7	2.65727
93	27	3.63008
93	30	3.41654
93	33	3.66179
93	52	3.37261
93	62	3.36492
93	69	3.70564
93	92	3.6429
93	106	4.44602
93	111	4.44305
93	120	4.16577
93	121	4.87274
93	124	4.87962
93	133	4.80278
93	144	4.84785
93	162	5.14562
93	169	5.75973
93	177	6.00792
93	183	6.17373
93	191	6.45527
93	198	6.80847
94	31	2.58555
94	56	3.60809
94	62	3.28046
94	79	3.33474
94	81	3.44066
94	108	4.26895
94	115	4.546
94	123	4.21718
94	125	4.38098
94	138	4.17462
94	141	4.74992
94	147	4.35073
94	160	4.28829
94	165	5.3225
94	170	5.47977
94	172	5.37658
94	174	5.54513
94	179	5.33044
94	185	5.88405
94	189	6.01296
94	195	6.09798
95	5	2.821
95	29	3.44246
95	34	3.47951
95	39	3.59566
95	60	4.51495
95	61	3.6072
95	70	3.7699
95	76	4.61085
95	87	4.72511
95	90	3.91678
95	100	4.53381
95	104	4.70938
95	106	4.32396
95	107	4.82127
95	116	4.97028
95	156	5.31438
95	162	5.60927
95	164	5.23213
95	179	6.12519
95	181	6.49173
95	182	6.09745
95	195	6.54803
96	14	3.37699
96	28	3.16981
96	49	2.94099
96	54	3.57584
96	76	4.06545
96	98	3.94345
96	102	3.91576
96	124	4.44881
96	137	4.6094
96	143	3.42869
96	148	4.0186
96	153	4.32541
96	157	5.23534
96	158	4.96511
96	159	4.92793
96	167	5.49536
96	173	5.77552
96	174	5.81494
96	190	5.78174
96	194	6.1003
96	195	6.64731
96	197	6.63904
97	13	3.8139
97	41	3.89053
97	48	3.54671
97	61	3.5943
97	74	3.88557
97	84	3.83499
97	99	4.90443
97	104	4.27476
97	109	3.74584
97	116	4.53567
97	120	4.35158
97	126	4.53121
97	131	5.07607
97	149	4.80666
97	155	4.96307
97	156	4.87976
97	164	5.21923
97	179	5.69057
97	180	6.14893
97	186	5.75764
97	187	5.84751
97	188	5.95407
98	8	3.21137
98	22	3.57114
98	32	3.41397
98	33	3.71204
98	45	3.17724
98	54	3.53655
98	86	3.88879
98	91	4.47304
98	96	3.94345
98	99	4.85299
98	129	4.47891
98	130	4.56398
98	143	4.80204
98	152	5.15017
98	168	5.73639
98	171	5.42654
98	174	5.93084
98	175	6.18416
98	176	5.77717
98	178	5.51913
98	184	5.77464
98	187	6.07267
99	10	3.658
99	16	4.30562
99	21	4.32897
99	40	3.19166
99	44	4.01223
99	50	4.01021
99	52	3.53348
99	63	3.49957
99	74	4.22894
99	84	4.48064
99	97	4.90443
99	98	4.85299
99	112	4.19469
99	131	5.13766
99	142	5.3446
99	146	4.73872
99	151	5.46795
99	152	5.26234
99	153	5.23495
99	158	5.87465
99	183	6.3346
99	191	6.61615
100	14	3.68248
100	22	3.61611
100	23	3.58043
100	43	3.62801
100	61	3.4106
100	63	4.16561
100	82	3.78518
100	86	3.91479
100	91	4.49904
100	95	4.53381
100	110	3.86334
100	126	5.04233
100	127	4.92503
100	135	4.12108
100	154	4.90058
100	158	5.49113
100	171	5.45254
100	183	5.9445
100	184	5.80064
100	185	6.5267
100	187	6.09867
100	190	6.226
101	11	3.36067
101	23	3.23771
101	46	3.71934
101	54	3.75147
101	72	4.0256
101	80	4.32294
101	83	3.8761
101	85	3.94985
101	91	4.72969
101	103	4.16462
101	108	4.30007
101	115	4.57712
101	123	4.24829
101	134	4.47982
101	141	4.78104
101	167	5.31297
101	177	6.27309
101	180	5.83537
101	185	5.91517
101	186	5.92113
101	188	6.37471
101	189	6.04408
102	48	3.46758
102	67	2.78894
102	70	2.92322
102	81	3.00118
102	96	3.91576
102	107	4.55729
102	121	4.44517
102	128	3.71595
102	132	3.72864
102	148	4.47196
102	150	4.1619
102	159	5.06606
102	163	4.50635
102	168	4.77134
102	170	5.34612
102	173	5.02219
102	180	6.0698
102	184	5.67102
102	193	6.04343
102	194	6.43118
102	196	6.53362
102	197	7.0924
102	198	6.56315
103	12	3.41448
103	19	3.6822
103	28	3.13841
103	39	3.91723
103	42	4.51301
103	46	3.99764
103	70	3.23076
103	80	3.48413
103	87	5.04668
103	89	4.91756
103	101	4.16462
103	120	5.10777
103	133	4.7421
103	148	5.38667
103	155	5.71926
103	159	4.61895
103	169	5.08033
103	172	5.28748
103	176	5.30236
103	182	6.41903
103	188	6.71027
103	190	5.78799
103	197	6.64529
104	6	2.81429
104	12	3.34433
104	17	2.73389
104	34	3.4596
104	42	4.44286
104	46	3.92749
104	75	4.31604
104	89	4.84741
104	95	4.70938
104	97	4.27476
104	105	4.82723
104	110	3.85979
104	111	4.44101
104	122	4.64724
104	126	5.21726
104	138	5.0367
104	156	5.56581
104	180	6.14192
104	184	5.74314
104	186	5.75063
104	195	6.52812
104	196	6.91525
104	199	6.79116
105	16	3.32615
105	51	3.15044
105	56	2.84467
105	60	4.6328
105	90	4.03463
105	104	4.82723
105	120	4.90404
105	122	4.51366
105	132	4.06797
105	148	5.18294
105	156	5.43223
105	157	4.04732
105	163	4.90182
105	166	5.84018
105	169	4.406
105	171	3.96027
105	179	6.24303
105	182	6.2153
105	185	5.3326
105	191	5.11416
105	193	5.59376
105	198	5.70959
105	200	6.04102
106	20	3.45004
106	36	3.27279
106	37	3.34096
106	51	3.24375
106	63	3.54494
106	84	4.52601
106	87	4.27951
106	93	4.44602
106	95	4.32396
106	111	4.64928
106	114	4.31483
106	116	4.16944
106	121	5.07898
106	126	4.83248
106	150	4.71801
106	152	5.30771
106	162	5.35186
106	169	5.96597
106	183	6.37997
106	186	5.54132
106	189	6.2013
106	191	6.66151
106	196	6.70593
107	11	3.74897
107	15	4.09259
107	22	3.73162
107	31	4.06945
107	39	3.95898
107	66	4.32245
107	68	4.2941
107	75	4.42793
107	84	3.94403
107	85	4.29067
107	95	4.82127
107	102	4.55729
107	109	4.54378
107	111	4.55706
107	114	5.07796
107	116	5.3336
107	141	5.11773
107	143	4.07023
107	161	5.65672
107	162	5.70541
107	177	6.21865
107	179	6.48851
107	200	7.35062
108	22	3.31161
108	26	3.53634
108	64	3.67512
108	71	3.73274
108	80	4.5342
108	83	4.08735
108	88	3.95949
108	94	4.26895
108	101	4.30007
108	125	4.62335
108	130	4.5205
108	140	4.57529
108	141	4.99229
108	147	4.4769
108	162	5.28539
108	165	5.56487
108	169	5.2956
108	170	5.72215
108	176	5.51763
108	183	5.64
108	185	6.12642
108	191	6.00376
108	198	6.59918
109	10	3.21707
109	36	3.7132
109	45	3.18826
109	53	3.02358
109	74	4.0427
109	75	3.78712
109	97	3.74584
109	107	4.54378
109	111	3.68544
109	126	4.68834
109	138	4.50778
109	155	5.1202
109	172	5.05114
109	178	5.22516
109	179	5.8477
109	180	5.38634
109	181	5.71625
109	182	5.81996
109	188	6.1112
109	190	5.55165
109	193	6.03174
109	196	6.15967
109	198	6.14757
110	30	3.4468
110	43	3.4476
110	82	3.60478
110	100	3.86334
110	104	3.85979
110	111	3.78744
110	114	3.87057
110	118	4.45465
110	129	4.3245
110	130	4.40958
110	143	4.64764
110	161	4.8871
110	165	4.85926
110	175	5.57501
110	178	5.36472
110	182	5.26262
110	183	5.29039
110	184	5.62023
110	186	5.09706
110	187	5.91826
110	190	6.04559
110	197	6.51095
110	199	6.13759
111	9	2.95918
111	51	3.24079
111	53	3.70681
111	83	4.35281
111	84	4.52304
111	93	4.44305
111	104	4.44101
111	106	4.64928
111	107	4.55706
111	109	3.68544
111	110	3.78744
111	112	4.23709
111	114	4.45179
111	133	5.00605
111	142	5.387
111	145	4.75042
111	156	5.54878
111	162	5.34889
111	169	5.963
111	179	5.68823
111	183	6.377
111	191	6.65854
111	193	6.71497
111	197	7.09217
112	1	3.14022
112	12	3.44034
112	19	3.74213
112	59	4.40648
112	73	4.02053
112	75	3.51115
112	99	4.19469
112	111	4.23709
112	117	5.10811
112	121	4.66678
112	122	4.82888
112	131	4.77083
112	133	4.59682
112	142	4.97777
112	152	4.89551
112	162	4.93966
112	169	5.55377
112	170	5.19904
112	183	5.96777
112	186	5.53143
112	190	6.08802
112	191	6.24932
112	192	6.81282
112	196	6.69604
113	17	3.07942
113	22	3.119
113	27	3.42547
113	29	3.00563
113	63	3.86579
113	89	3.83226
113	122	4.7488
113	127	4.27732
113	138	4.30547
113	144	4.50798
113	151	4.75408
113	156	5.32185
113	157	5.25419
113	160	5.1036
113	167	5.51421
113	173	5.79437
113	174	5.83379
113	179	5.46129
113	181	6.17254
113	182	5.61691
113	183	5.64468
113	186	6.12713
113	189	6.11133
113	195	6.66616
114	10	3.75125
114	16	3.46499
114	18	4.0129
114	32	4.48598
114	40	3.97386
114	56	4.04901
114	66	4.21582
114	85	4.18404
114	106	4.31483
114	107	5.07796
114	110	3.87057
114	111	4.45179
114	117	5.3381
114	119	5.0907
114	120	5.04288
114	126	5.22252
114	136	5.36333
114	145	5.20006
114	148	5.32179
114	156	5.57107
114	168	5.7916
114	178	5.99151
114	188	6.64538
114	197	7.1753
115	20	3.44467
115	23	3.72602
115	51	4.27391
115	55	4.28579
115	64	3.95217
115	67	4.27381
115	77	2.99259
115	89	4.06145
115	94	4.546
115	101	4.57712
115	118	3.85969
115	123	4.7366
115	125	4.9004
115	131	4.99897
115	134	4.96812
115	141	5.26934
115	148	4.47399
115	155	5.16105
115	165	5.84192
115	175	6.1585
115	180	6.32367
115	189	6.53238
115	197	7.09443
115	200	7.16448
116	15	4.24161
116	31	4.21847
116	39	4.10799
116	42	4.70377
116	46	4.1884
116	57	3.36189
116	85	4.43968
116	95	4.97028
116	97	4.53567
116	106	4.16944
116	107	5.3336
116	117	5.19271
116	122	4.90815
116	129	4.72004
116	132	5.12692
116	134	3.71365
116	136	5.21794
116	159	5.00357
116	160	4.58383
116	166	6.23467
116	172	5.67211
116	173	4.95971
116	188	6.90102
116	200	7.09997
117	3	2.26126
117	5	4.2169
117	17	3.54785
117	27	2.23308
117	33	4.57042
117	64	4.18106
117	76	3.35272
117	84	4.64193
117	88	3.10886
117	112	5.10811
117	114	5.3381
117	116	5.19271
117	147	4.24553
117	149	5.77511
117	161	5.07017
117	164	5.0469
117	172	5.37602
117	176	5.55574
117	178	6.79469
117	179	6.57453
117	181	5.4866
117	186	6.56459
117	197	6.76441
117	199	7.01019
117	200	6.98498
118	4	3.5996
118	16	3.33798
118	22	3.03199
118	45	3.79455
118	82	4.3765
118	86	4.5061
118	91	5.09035
118	110	4.45465
118	115	3.85969
118	124	4.60575
118	132	4.67794
118	141	4.4181
118	149	4.37757
118	157	4.6573
118	171	6.04385
118	174	5.39168
118	178	6.13644
118	180	5.55834
118	182	5.33261
118	184	6.39195
118	185	5.94258
118	187	6.68998
118	190	6.81731
118	191	5.72414
118	199	6.20758
119	9	3.6614
119	10	3.87063
119	16	3.58436
119	18	3.89368
119	36	4.36675
119	55	4.24744
119	63	4.05663
119	66	4.33519
119	74	4.69625
119	85	4.30341
119	89	4.97204
119	90	4.29284
119	114	5.0907
119	125	4.78776
119	138	5.16134
119	148	5.44116
119	149	5.61734
119	151	4.97544
119	161	5.43222
119	186	5.64219
119	187	5.73205
119	188	6.76475
119	189	6.30217
119	199	6.68272
119	200	7.12613
120	14	3.42903
120	30	3.2583
120	48	3.28678
120	69	3.5474
120	74	4.64843
120	87	5.05335
120	89	4.92422
120	93	4.16577
120	97	4.35158
120	103	5.10777
120	105	4.90404
120	114	5.04288
120	126	5.29407
120	135	3.86762
120	136	5.09963
120	145	5.27161
120	148	5.39334
120	166	6.05058
120	171	4.90091
120	174	5.72235
120	179	6.45343
120	183	5.69105
120	185	6.27324
120	194	6.37287
120	197	6.9116
121	5	3.40687
121	9	3.38887
121	21	3.94884
121	46	3.55277
121	50	4.4823
121	63	3.97166
121	66	4.50212
121	80	4.00729
121	93	4.87274
121	102	4.44517
121	106	5.07898
121	112	4.66678
121	125	4.90013
121	130	4.82839
121	131	5.60975
121	133	5.43574
121	145	4.8267
121	152	5.73443
121	157	5.24481
121	162	5.77858
121	168	5.78475
121	169	6.39269
121	187	5.84442
121	191	7.08823
121	200	7.2385
122	3	3.67525
122	30	4.04594
122	54	4.11571
122	66	3.89699
122	74	4.25805
122	76	5.12566
122	77	4.43594
122	79	4.06191
122	85	3.86521
122	86	4.62451
122	104	4.64724
122	105	4.51366
122	112	4.82888
122	113	4.7488
122	116	4.90815
122	142	5.35676
122	145	4.88123
122	148	5.00296
122	158	6.02532
122	159	5.67291
122	166	5.6602
122	182	6.03531
122	188	6.32655
122	191	6.84245
122	198	7.43787
123	3	3.5144
123	21	4.31879
123	24	3.27931
123	33	4.13034
123	43	3.96965
123	44	3.33581
123	48	3.91357
123	94	4.21718
123	101	4.24829
123	115	4.7366
123	125	4.57157
123	134	4.6393
123	135	5.08866
123	141	4.94052
123	151	5.45777
123	152	5.56847
123	164	5.5861
123	165	5.51309
123	167	5.51636
123	168	6.1547
123	170	5.67037
123	185	6.07465
123	189	6.20356
123	192	7.4059
123	194	6.99966
124	4	2.97899
124	15	3.2756
124	47	3.31563
124	72	4.31604
124	80	4.4643
124	86	3.88548
124	91	4.46973
124	93	4.87962
124	96	4.44881
124	118	4.60575
124	127	4.89573
124	130	4.56068
124	139	4.82584
124	143	4.79874
124	146	4.81559
124	155	5.69207
124	166	5.70976
124	171	5.42323
124	174	6.4362
124	175	6.68952
124	178	5.51582
124	181	6.93276
124	184	5.77133
124	187	6.06936
124	190	6.19669
125	24	3.44311
125	58	4.06665
125	64	3.78714
125	71	3.84477
125	78	3.47087
125	79	4.14772
125	82	4.54012
125	94	4.38098
125	108	4.62335
125	115	4.9004
125	119	4.78776
125	121	4.90013
125	123	4.57157
125	128	5.07055
125	134	4.8031
125	141	5.10432
125	146	5.38183
125	165	5.67689
125	166	5.63167
125	167	5.52532
125	170	5.83417
125	175	6.61143
125	180	6.15865
125	183	6.32681
125	192	7.41487
126	1	3.88786
126	5	3.32888
126	8	3.78424
126	35	4.33473
126	36	4.49857
126	58	4.21224
126	64	3.89553
126	65	5.7224
126	66	4.46701
126	83	4.95359
126	87	5.23299
126	97	4.53121
126	100	5.04233
126	104	5.21726
126	106	4.83248
126	109	4.68834
126	114	5.22252
126	120	5.29407
126	129	5.38308
126	133	5.78977
126	157	5.76932
126	166	6.23022
126	171	5.68226
126	179	6.63307
126	182	6.60533
126	199	7.3196
127	21	4.00816
127	29	3.48579
127	30	4.50849
127	32	4.32126
127	43	4.5093
127	45	4.08453
127	47	4.22622
127	57	3.55973
127	68	4.68899
127	69	5.10385
127	86	4.79608
127	87	4.55207
127	100	4.92503
127	113	4.27732
127	124	4.89573
127	128	4.75095
127	147	4.8441
127	159	5.20142
127	163	6.15862
127	168	5.84406
127	178	6.42642
127	180	6.20516
127	184	6.68193
127	190	7.10729
127	193	6.85056
127	195	6.59136
128	8	2.15294
128	47	4.48634
128	49	3.66787
128	72	3.31938
128	78	4.44637
128	82	4.33162
128	102	3.71595
128	125	5.07055
128	127	4.75095
128	132	4.1552
128	135	4.29488
128	148	4.71843
128	150	4.58845
128	151	5.25823
128	152	5.36894
128	163	4.9329
128	168	5.1979
128	176	5.99594
128	177	6.27694
128	178	6.15508
128	184	5.91748
128	192	6.50293
128	193	6.46999
128	194	6.85773
128	196	6.96018
128	198	6.98971
129	9	4.11113
129	30	4.08837
129	32	3.90114
129	45	3.66441
129	54	3.92226
129	70	4.09128
129	84	4.16926
129	86	4.37595
129	91	4.9602
129	98	4.47891
129	110	4.3245
129	116	4.72004
129	126	5.38308
129	130	5.05115
129	131	5.41034
129	132	5.60281
129	151	5.42517
129	158	5.83188
129	161	5.88195
129	162	5.93064
129	165	5.85412
129	171	5.9137
129	178	6.00629
129	184	6.26181
129	187	6.55983
129	190	6.68716
130	14	3.99305
130	30	4.17344
130	32	3.98621
130	41	4.19462
130	60	4.05802
130	61	3.95684
130	69	4.7688
130	90	5.38015
130	91	5.04528
130	98	4.56398
130	108	4.5205
130	110	4.40958
130	121	4.82839
130	124	4.56068
130	129	5.05115
130	131	5.38016
130	140	5.19036
130	149	5.27226
130	150	5.23843
130	163	6.40648
130	166	5.55993
130	171	5.99878
130	174	6.28637
130	184	6.34688
130	187	6.64491
130	190	6.77224
131	7	3.39428
131	19	4.68509
131	20	4.21505
131	34	4.0153
131	40	3.7678
131	51	3.77453
131	52	4.10962
131	74	4.40058
131	77	3.61837
131	80	4.55907
131	97	5.07607
131	99	5.13766
131	112	4.77083
131	115	4.99897
131	121	5.60975
131	129	5.41034
131	130	5.38016
131	133	5.53979
131	142	5.92074
131	144	5.49822
131	160	5.27413
131	162	5.88263
131	169	6.49674
131	185	7.08186
131	188	6.75991
131	191	7.19229
132	11	3.93834
132	37	4.29844
132	38	2.52552
132	59	4.14265
132	62	4.20776
132	63	4.91324
132	67	3.22819
132	75	4.47852
132	102	3.72864
132	105	4.06797
132	116	5.12692
132	118	4.67794
132	128	4.1552
132	129	5.60281
132	140	4.49453
132	163	4.9456
132	164	5.96039
132	168	5.2106
132	173	5.84248
132	179	6.50874
132	182	6.66436
132	192	6.51563
132	193	6.48268
132	194	6.87043
132	196	6.97287
132	198	7.00241
133	4	3.93175
133	5	4.15092
133	9	3.31891
133	10	4.02191
133	36	4.23008
133	40	3.59379
133	48	4.28767
133	52	3.93561
133	58	4.43177
133	71	5.15413
133	84	4.88277
133	93	4.80278
133	103	4.7421
133	111	5.00605
133	112	4.59682
133	121	5.43574
133	126	5.78977
133	131	5.53979
133	140	5.62722
133	142	5.74673
133	152	5.66447
133	159	5.88615
133	182	6.66417
133	183	6.73673
133	191	7.01828
133	194	7.37376
134	6	3.52387
134	24	3.51084
134	25	2.79902
134	28	2.99253
134	80	4.71395
134	101	4.47982
134	115	4.96812
134	116	3.71365
134	123	4.6393
134	125	4.8031
134	135	5.32019
134	142	4.15692
134	146	5.44956
134	170	5.9019
134	172	5.1416
134	175	5.56348
134	180	6.22637
134	181	5.80671
134	185	6.30617
134	188	5.5391
134	189	6.43508
134	190	5.64212
134	192	6.36692
134	195	5.86301
134	199	6.12606
134	200	6.56946
135	6	3.97324
135	20	3.79673
135	26	4.16546
135	44	4.01671
135	64	4.30423
135	70	3.35717
135	80	5.16331
135	83	4.71647
135	100	4.12108
135	120	3.86762
135	123	5.08866
135	128	4.29488
135	134	5.32019
135	146	5.89893
135	157	4.84806
135	165	6.19398
135	172	5.41389
135	173	4.70149
135	176	5.42877
135	177	5.70978
135	185	6.75554
135	187	5.44768
135	189	6.88445
135	191	5.9149
135	197	6.7717
135	199	6.39834
136	4	4.02297
136	7	4.66245
136	8	4.09499
136	20	4.49854
136	36	4.32129
136	37	3.13314
136	55	2.86221
136	59	5.46487
136	76	3.41531
136	114	5.36333
136	116	5.21794
136	120	5.09963
136	144	5.78171
136	147	4.30812
136	153	4.55123
136	158	4.88085
136	160	5.55761
136	170	6.25743
136	172	5.43862
136	173	5.9335
136	176	5.61833
136	177	5.58172
136	181	5.54919
136	197	6.827
136	199	7.07278
136	200	7.04757
137	2	3.6668
137	13	3.28442
137	14	3.99408
137	29	3.60388
137	86	4.10577
137	87	4.50482
137	92	4.2573
137	96	4.6094
137	138	4.62074
137	140	4.89524
137	142	4.83802
137	144	5.10623
137	147	4.79685
137	148	4.56007
137	153	4.86688
137	155	5.24713
137	156	5.63712
137	159	5.54503
137	160	5.70184
137	166	5.26482
