1	46	2.17608
1	65	3.01223
1	89	3.41755
1	97	3.43944
1	116	3.21679
1	120	3.77806
1	126	3.42888
1	136	3.83962
1	138	3.54501
1	146	3.86777
1	164	4.25876
1	166	4.58737
1	174	4.34622
1	188	5.06486
1	192	6.11333
2	8	2.34979
2	13	2.42012
2	21	2.91122
2	29	3.15295
2	63	3.14711
2	77	4.33062
2	101	2.91773
2	114	3.14936
2	124	3.68714
2	129	3.92225
2	167	4.15374
2	176	4.67805
2	188	4.7708
2	191	7.04343
2	194	5.46517
3	39	1.90979
3	97	2.85869
3	99	2.85765
3	114	2.86267
3	128	2.89746
3	149	3.40337
3	153	4.07053
3	154	3.43767
3	156	4.34514
3	169	5.08439
3	179	4.10962
3	190	4.70952
3	193	4.86547
3	199	4.59285
3	200	6.10508
4	30	1.86986
4	64	2.28174
4	67	1.86246
4	93	2.59081
4	102	2.39393
4	141	3.84624
4	158	4.59397
4	159	4.80234
4	160	4.43893
4	163	4.05615
4	168	4.40131
4	179	4.31885
4	183	5.29567
4	194	6.32336
4	198	5.01089
5	20	1.70669
5	33	4.25937
5	56	2.33308
5	57	2.63421
5	66	2.69631
5	71	2.82089
5	87	2.96592
5	124	3.96339
5	159	4.94514
5	160	4.71133
5	165	3.84664
5	183	5.64939
5	185	5.5049
5	186	5.26701
5	199	4.80187
6	41	3.03295
6	62	2.75879
6	73	2.47547
6	111	3.71891
6	118	3.04492
6	119	3.41676
6	130	3.53878
6	131	3.91731
6	142	3.71322
6	163	4.45106
6	171	4.1189
6	182	4.835
6	185	5.14396
6	187	4.59664
6	197	5.36165
7	22	2.64334
7	41	2.23634
7	45	2.0879
7	48	3.05693
7	55	2.95034
7	59	2.94763
7	93	3.20642
7	104	3.99474
7	116	3.46087
7	161	4.61534
7	169	5.44073
7	172	4.62631
7	177	5.89282
7	191	5.59206
7	192	5.31872
8	2	2.34979
8	18	2.41253
8	23	2.95059
8	32	2.84787
8	67	3.26868
8	88	3.7011
8	117	3.93433
8	121	3.13878
8	126	3.87203
8	139	3.94313
8	146	5.29437
8	155	4.56127
8	162	4.73136
8	163	5.30404
8	189	5.78228
9	12	3.26672
9	31	3.38211
9	38	3.25755
9	75	3.21222
9	114	4.15211
9	117	4.25231
9	139	4.2611
9	152	4.4084
9	155	3.03307
9	158	2.49037
9	162	5.04934
9	168	3.39088
9	170	5.4164
9	189	4.26181
9	197	4.25733
10	51	1.62223
10	100	2.8987
10	104	3.34672
10	110	3.15876
10	123	3.07623
10	128	3.05554
10	157	3.81326
10	162	3.91797
10	173	4.414
10	175	4.30256
10	179	4.26769
10	182	4.68827
10	192	4.65196
10	193	5.02355
10	196	5.84462
11	14	2.55206
11	38	2.31836
11	79	2.61419
11	82	2.31672
11	83	3.12117
11	92	2.64275
11	98	3.36423
11	114	3.55158
11	146	5.49227
11	173	4.75767
11	175	5.24575
11	180	4.68696
11	181	4.52805
11	195	5.72544
11	198	5.15191
12	9	3.26672
12	42	2.43672
12	49	2.65273
12	71	2.8972
12	75	2.80842
12	89	1.68171
12	133	3.84872
12	135	3.71203
12	153	4.95618
12	155	4.47546
12	157	4.53093
12	164	4.57991
12	167	4.7527
12	182	5.41584
12	198	6.07231
13	2	2.42012
13	17	3.17653
13	33	3.69746
13	48	3.27389
13	50	3.51074
13	63	3.90221
13	94	4.12174
13	118	1.85998
13	142	4.44659
13	146	4.32881
13	176	5.43315
13	187	3.12804
13	192	4.53725
13	199	4.23996
13	200	6.05309
14	11	2.55206
14	68	3.5339
14	90	3.96744
14	92	3.40267
14	96	4.06441
14	108	4.01749
14	114	3.97284
14	132	2.57167
14	146	4.39719
14	174	2.73992
14	175	5.25466
14	176	5.50153
14	181	3.42441
14	192	4.50703
14	199	4.20974
15	69	2.47409
15	90	3.22474
15	110	2.58378
15	111	3.77796
15	113	2.93075
15	134	3.6403
15	143	3.83385
15	144	4.03805
15	158	4.75222
15	160	4.51585
15	171	3.8482
15	172	3.9467
15	188	4.15423
15	191	5.13469
15	196	5.27878
16	50	3.23236
16	62	3.21378
16	66	2.89677
16	72	3.18356
16	85	2.86456
16	104	3.55249
16	125	3.89901
16	127	4.05678
16	129	3.59573
16	149	4.13769
16	155	4.35322
16	162	4.52331
16	166	4.66597
16	170	4.89037
16	182	5.01974
17	13	3.17653
17	35	2.87279
17	50	3.51205
17	71	3.05465
17	81	3.39629
17	99	2.72073
17	118	3.7796
17	123	3.96126
17	132	3.81398
17	136	3.09626
17	172	4.84458
17	180	5.37981
17	183	4.40669
17	186	5.74716
17	190	4.35844
18	8	2.41253
18	21	2.45737
18	31	2.44211
18	108	3.25675
18	144	4.02001
18	148	2.61178
18	159	4.73162
18	160	4.49782
18	161	3.31691
18	171	4.15992
18	176	4.74079
18	180	4.68615
18	191	4.07193
18	195	5.72462
18	198	4.96662
19	56	1.88269
19	68	2.5363
19	83	2.77751
19	90	2.96984
19	93	3.18687
19	99	2.97022
19	145	3.22102
19	173	4.51998
19	176	4.50392
19	178	4.63654
19	180	4.51225
19	184	5.08239
19	190	4.82209
19	193	4.97804
19	195	5.48775
20	5	1.70669
20	63	2.65559
20	74	3.26569
20	76	2.47609
20	99	2.65283
20	103	2.38667
20	132	5.27187
20	137	2.41094
20	159	4.17736
20	183	4.88161
20	185	4.73713
20	190	4.5047
20	192	7.20723
20	194	4.97365
20	200	4.80647
21	2	2.91122
21	18	2.45737
21	48	2.76013
21	53	1.73978
21	83	3.19297
21	86	3.3358
21	117	3.4909
21	128	3.4255
21	158	4.91278
21	163	4.37496
21	164	4.41292
21	170	4.65499
21	177	5.07634
21	196	5.43934
21	198	5.90532
22	7	2.64334
22	24	3.2424
22	27	2.18146
22	103	2.66601
22	120	3.92418
22	122	4.10971
22	127	3.29738
22	130	3.95723
22	141	4.36388
22	143	4.19325
22	153	3.99939
22	170	4.85382
22	171	5.10233
22	173	5.13428
22	174	4.87054
22	186	5.43092
23	8	2.95059
23	47	3.25971
23	49	2.69786
23	97	1.98866
23	109	3.11682
23	120	4.0848
23	141	4.5245
23	150	4.70357
23	151	4.00328
23	161	4.67799
23	173	5.2949
23	176	3.86032
23	193	4.42636
23	194	4.53469
23	195	4.38872
23	199	5.48033
24	22	3.2424
24	50	3.89284
24	52	2.1748
24	66	3.55725
24	77	3.50565
24	89	4.26069
24	90	4.28116
24	104	4.21297
24	112	3.709
24	122	4.2089
24	125	2.79237
24	140	3.97663
24	142	4.82869
24	144	5.09447
24	147	3.76046
24	192	6.50387
25	34	2.5515
25	54	2.34138
25	68	3.24369
25	72	3.2401
25	96	3.7742
25	99	3.54314
25	105	3.88201
25	108	3.72728
25	116	3.45599
25	131	4.42885
25	143	4.28634
25	150	4.63604
25	160	4.96834
25	179	5.53602
25	180	5.15667
25	183	5.2291
26	38	2.22059
26	53	2.74996
26	62	3.63938
26	89	2.52491
26	122	3.03749
26	131	3.86137
26	139	4.26295
26	144	3.92305
26	156	3.75185
26	159	4.63467
26	172	4.05395
26	173	4.65989
26	178	4.40178
26	185	5.19443
26	189	5.06329
26	191	6.02081
27	22	2.18146
27	33	3.70717
27	48	2.59506
27	54	2.21242
27	109	2.59228
27	128	3.26042
27	132	4.90324
27	143	3.82933
27	152	3.48191
27	159	4.74514
27	162	4.8661
27	166	4.36958
27	177	4.91126
27	181	5.75598
27	183	5.44939
27	189	5.17377
28	40	3.05518
28	42	3.61246
28	50	3.58417
28	64	2.88565
28	76	3.79613
28	79	3.2299
28	87	3.51819
28	98	4.12919
28	103	3.70671
28	111	3.13763
28	123	4.03338
28	124	4.51566
28	136	4.16923
28	170	5.24218
28	179	5.78658
28	184	5.59644
29	2	3.15295
29	37	2.25235
29	42	2.51147
29	49	2.72747
29	66	2.73948
29	80	2.67736
29	117	3.56898
29	129	4.24168
29	162	4.36601
29	164	4.65466
29	165	4.52461
29	166	4.61273
29	170	4.73307
29	192	5.1
29	195	5.9813
29	198	6.14705
30	4	1.86986
30	67	2.8662
30	79	2.83293
30	94	2.92537
30	97	3.42768
30	110	3.93177
30	127	3.39124
30	129	4.20455
30	136	3.82785
30	142	4.1427
30	144	4.23957
30	152	4.87189
30	176	4.96035
30	183	5.65543
30	193	5.43446
30	196	5.4803
31	9	3.38211
31	18	2.44211
31	61	1.88817
31	71	3.01259
31	91	2.9555
31	100	3.74166
31	118	3.73753
31	119	2.21998
31	121	3.6666
31	153	5.07157
31	169	4.53745
31	177	4.98954
31	184	5.48226
31	189	5.81185
31	192	5.49492
31	200	5.55814
32	8	2.84787
32	59	2.90757
32	78	3.18388
32	83	3.44971
32	96	1.52839
32	112	3.06989
32	140	4.48434
32	148	4.16634
32	158	5.16952
32	159	3.77514
32	160	3.41172
32	171	4.59525
32	177	5.33308
32	193	5.18782
32	194	5.29616
32	198	5.58643
33	5	4.25937
33	13	3.69746
33	27	3.70717
33	34	2.28248
33	43	2.60075
33	47	2.96532
33	52	3.1392
33	107	2.7906
33	149	3.99647
33	157	4.23838
33	159	4.97529
33	165	6.21575
33	168	4.78518
33	171	4.40358
33	176	4.98445
33	183	5.67953
33	191	5.36032
34	25	2.5515
34	33	2.28248
34	73	2.76479
34	79	3.60778
34	97	3.45643
34	99	4.17157
34	110	3.59843
34	124	3.99819
34	136	4.5471
34	145	3.70619
34	161	4.38825
34	163	4.44467
34	165	4.51624
34	175	4.74223
34	179	6.16445
34	195	5.97293
34	199	5.19059
35	17	2.87279
35	37	3.88588
35	42	2.82551
35	70	4.5382
35	105	3.39033
35	116	2.96431
35	117	4.93985
35	128	4.76957
35	140	4.02784
35	146	3.6153
35	150	4.14436
35	154	3.76594
35	157	3.97356
35	181	4.50607
35	185	5.27023
35	196	5.23959
35	200	5.33958
36	86	3.21541
36	94	3.48759
36	95	2.86414
36	96	3.36188
36	97	3.26633
36	126	3.25035
36	146	3.69466
36	147	3.1914
36	151	4.11451
36	160	4.55602
36	166	4.41426
36	177	4.95595
36	179	4.51726
36	181	4.85218
36	193	5.27311
36	197	5.46087
36	199	5.63752
37	29	2.25235
37	35	3.88588
37	54	2.53206
37	81	2.90779
37	92	3.51909
37	113	3.12243
37	129	4.19016
37	130	3.78496
37	148	3.93616
37	158	4.93934
37	160	4.70298
37	165	4.4731
37	168	4.74668
37	173	4.96201
37	179	5.7267
37	190	5.37152
37	192	5.04848
38	9	3.25755
38	11	2.31836
38	26	2.22059
38	53	2.99965
38	62	3.32684
38	68	3.3002
38	148	4.25804
38	163	4.72339
38	165	3.91155
38	178	3.32069
38	184	3.76654
38	186	5.58053
38	188	5.36058
38	192	5.16407
38	196	5.78778
38	197	5.9297
38	199	4.86678
39	3	1.90979
39	57	1.92844
39	84	4.00475
39	92	3.45919
39	113	3.73453
39	115	3.0876
39	130	4.39705
39	137	3.78246
39	147	4.7121
39	148	4.54826
39	149	4.57007
39	151	4.28249
39	157	3.89038
39	160	5.31508
39	169	4.86985
39	177	5.32194
39	183	6.25313
40	28	3.05518
40	46	2.44365
40	97	3.707
40	126	3.74888
40	129	3.53825
40	133	3.81139
40	134	4.12115
40	136	4.10718
40	140	4.54788
40	150	3.34011
40	154	4.28598
40	157	4.49361
40	163	4.57831
40	166	4.60848
40	181	5.02612
40	182	4.96225
40	193	5.71379
41	6	3.03295
41	7	2.23634
41	68	3.27828
41	78	2.71898
41	104	3.10895
41	121	3.96904
41	123	3.23803
41	129	5.09423
41	134	3.5927
41	140	4.01943
41	141	3.95688
41	149	5.63619
41	174	4.46355
41	183	5.40631
41	189	5.13069
41	194	5.49835
41	195	5.69506
42	12	2.43672
42	28	3.61246
42	29	2.51147
42	35	2.82551
42	62	4.0205
42	69	3.51221
42	74	3.43878
42	88	3.8053
42	91	3.36007
42	101	4.03663
42	118	4.14209
42	147	4.951
42	149	4.80897
42	157	5.05089
42	161	5.64692
42	179	5.51522
42	191	6.40194
43	33	2.60075
43	61	3.3584
43	63	3.77643
43	65	2.71111
43	70	2.42525
43	71	2.92757
43	72	3.33616
43	75	2.83879
43	115	4.22544
43	120	5.08997
43	147	4.46141
43	160	5.0644
43	165	4.83451
43	166	4.92263
43	173	5.62896
43	193	5.78148
43	194	6.09449
44	74	2.86475
44	78	2.39949
44	84	3.66962
44	85	2.80742
44	101	3.4626
44	106	3.16559
44	119	3.9399
44	152	3.95052
44	153	4.9021
44	155	3.98947
44	156	4.33093
44	158	3.44677
44	178	4.98086
44	187	5.11978
44	189	5.21822
44	195	6.20675
44	198	5.63322
45	7	2.0879
45	52	2.9724
45	62	2.98587
45	68	2.95923
45	74	2.56869
45	98	3.54947
45	105	3.59755
45	120	3.77391
45	159	4.91769
45	173	4.3129
45	177	5.14371
45	184	5.01672
45	187	4.82372
45	191	5.30272
45	192	5.02939
45	198	5.33716
45	200	5.71231
46	1	2.17608
46	40	2.44365
46	65	2.93517
46	77	2.26691
46	98	3.51767
46	111	3.91419
46	148	3.51957
46	149	3.90707
46	153	4.57423
46	164	4.38202
46	176	4.89505
46	177	5.052
46	185	5.44565
46	186	5.20775
46	191	4.97972
46	192	4.99758
46	198	5.87442
47	23	3.25971
47	33	2.96532
47	54	3.13005
47	56	3.05071
47	81	2.65609
47	86	4.08835
47	87	3.70935
47	90	4.13786
47	109	3.50992
47	111	4.69108
47	127	4.01934
47	135	4.10697
47	153	4.72136
47	166	5.28721
47	167	5.14764
47	172	5.9228
47	173	5.688
48	7	3.05693
48	13	3.27389
48	21	2.76013
48	27	2.59506
48	53	3.26365
48	90	3.99773
48	102	2.92344
48	103	3.73196
48	109	3.79607
48	143	3.92227
48	164	4.81848
48	172	4.94194
48	174	5.28414
48	178	5.28976
48	182	5.05327
48	185	5.36223
48	196	6.05177
49	12	2.65273
49	23	2.69786
49	29	2.72747
49	79	2.98267
49	87	3.12171
49	90	3.57601
49	99	3.57639
49	103	3.31023
49	113	3.28657
49	133	3.68181
49	139	4.86008
49	148	5.15779
49	174	4.86241
49	188	5.20284
49	189	5.52955
49	194	5.89722
49	198	7.51264
49	200	5.73003
50	13	3.51074
50	16	3.23236
50	17	3.51205
50	24	3.89284
50	28	3.58417
50	62	3.82768
50	76	4.05823
50	83	4.04225
50	84	4.21537
50	87	3.36311
50	118	4.11381
50	122	4.48543
50	132	4.14819
50	152	5.15375
50	153	4.37511
50	160	5.5257
50	172	5.57655
50	173	5.78473
51	10	1.62223
51	62	3.24806
51	88	2.77222
51	100	3.11315
51	125	3.50812
51	130	3.3309
51	147	3.91792
51	148	4.16935
51	156	3.87189
51	179	4.48214
51	180	4.70923
51	182	4.90272
51	187	4.66074
51	191	5.62949
51	192	4.86641
51	195	5.74771
51	196	5.28383
51	198	6.52419
52	24	2.1748
52	33	3.1392
52	45	2.9724
52	69	3.45188
52	71	3.99237
52	77	3.42703
52	85	3.44642
52	96	4.29951
52	101	3.9763
52	108	4.25258
52	124	4.74571
52	169	5.13938
52	172	5.14674
52	178	4.42724
52	180	4.30296
52	182	5.87546
52	184	4.8731
52	195	6.72045
53	21	1.73978
53	26	2.74996
53	38	2.99965
53	48	3.26365
53	77	3.15917
53	81	3.38474
53	90	3.88882
53	93	3.41313
53	103	3.62304
53	138	3.64423
53	139	4.11412
53	159	5.41374
53	164	5.27428
53	177	5.57985
53	183	6.11799
53	191	5.87198
53	197	6.08478
53	200	6.04285
54	25	2.34138
54	27	2.21242
54	37	2.53206
54	47	3.13005
54	64	3.05341
54	94	3.83777
54	107	3.73471
54	131	4.36672
54	144	4.4284
54	145	3.86628
54	163	4.60475
54	178	4.90713
54	183	5.64741
54	186	5.46188
54	190	5.59916
54	191	5.52505
54	199	5.35067
54	200	5.76913
55	7	2.95034
55	66	3.16723
55	71	3.04542
55	106	3.10246
55	124	4.43431
55	131	2.6955
55	135	3.86025
55	142	4.43867
55	154	3.54276
55	159	5.41606
55	160	5.18225
55	166	5.04049
55	167	4.1381
55	168	4.28415
55	169	4.82799
55	177	5.58218
55	188	5.51797
55	197	5.1506
56	5	2.33308
56	19	1.88269
56	47	3.05071
56	72	3.09863
56	76	3.3594
56	89	3.51528
56	98	2.54558
56	158	5.06324
56	162	4.43839
56	168	4.87057
56	170	4.29487
56	176	4.99325
56	181	4.85629
56	183	5.76493
56	189	5.48931
56	193	5.55929
56	195	5.52165
56	197	5.73172
57	5	2.63421
57	39	1.92844
57	73	2.42751
57	83	3.64457
57	96	3.93387
57	105	4.04168
57	108	3.88694
57	120	4.18534
57	135	3.90127
57	143	4.446
57	145	4.08808
57	156	4.36379
57	167	4.84668
57	170	5.10658
57	182	5.50982
57	191	5.74685
57	199	5.57247
57	200	6.12374
58	91	2.48184
58	108	3.43469
58	117	3.05994
58	121	3.19293
58	127	3.82074
58	133	3.49045
58	135	3.35376
58	137	4.22851
58	143	3.99375
58	165	4.44587
58	179	5.42824
58	180	4.86408
58	181	4.70517
58	183	5.12132
58	184	5.00859
58	189	5.33819
58	190	5.07307
58	198	5.32903
59	7	2.94763
59	32	2.90757
59	63	3.89158
59	68	3.45489
59	71	4.44013
59	72	3.4513
59	85	3.13231
59	87	3.43413
59	123	3.94932
59	126	4.03394
59	133	3.99423
59	140	4.19115
59	150	4.84724
59	174	4.95128
59	182	5.56135
59	187	5.30918
59	191	5.79838
59	197	6.08439
60	66	3.17768
60	69	2.44623
60	74	2.3728
60	86	2.31625
60	98	3.35359
60	129	3.97518
60	133	3.30269
60	140	4.03918
60	141	3.97662
60	169	5.30403
60	171	4.1501
60	177	5.75612
60	182	4.86981
60	185	5.28157
60	192	4.8335
60	195	5.7148
60	196	6.35594
60	198	5.14127
61	31	1.88817
61	43	3.3584
61	71	3.01002
61	81	3.35165
61	101	4.5189
61	106	3.59953
61	120	4.47747
61	127	4.29184
61	129	4.63403
61	130	4.22882
61	131	4.60735
61	134	4.27129
61	135	4.1934
61	161	4.78897
61	162	4.75836
61	167	4.86551
61	183	6.0849
61	184	5.47969
61	200	6.41586
62	6	2.75879
62	16	3.21378
62	26	3.63938
62	38	3.32684
62	42	4.0205
62	45	2.98587
62	50	3.82768
62	51	3.24806
62	72	3.64107
62	115	3.98085
62	129	4.99429
62	134	4.63156
62	139	5.00354
62	145	4.46718
62	148	5.30125
62	150	5.17481
62	178	5.50803
62	195	6.73391
62	200	6.37003
63	2	3.14711
63	13	3.90221
63	20	2.65559
63	43	3.77643
63	59	3.89158
63	80	3.84002
63	85	3.86993
63	97	2.70741
63	103	4.36027
63	134	2.75646
63	138	4.38147
63	170	3.88069
63	171	5.57926
63	173	6.1762
63	174	5.91246
63	190	6.4783
63	193	5.14511
63	194	5.25345
63	195	5.10747
64	4	2.28174
64	28	2.88565
64	54	3.05341
64	86	3.78864
64	92	4.04044
64	94	4.06082
64	106	3.58194
64	113	3.54871
64	117	3.87974
64	130	4.21124
64	134	4.2537
64	137	5.04831
64	157	4.62616
64	158	5.36562
64	162	4.74077
64	183	5.94113
64	184	5.4621
64	194	6.15936
64	196	5.89219
65	1	3.01223
65	43	2.71111
65	46	2.93517
65	67	3.63705
65	82	3.30631
65	85	3.44099
65	89	4.17664
65	93	3.72143
65	115	2.96563
65	120	3.83017
65	121	4.00541
65	140	5.0394
65	153	5.41037
65	157	3.76841
65	190	6.04936
65	194	6.51832
65	195	6.71503
65	196	5.79978
65	200	5.76857
66	5	2.69631
66	16	2.89677
66	24	3.55725
66	29	2.73948
66	55	3.16723
66	60	3.17768
66	73	3.24257
66	87	3.4447
66	117	4.00459
66	138	3.65441
66	147	4.58713
66	153	5.11226
66	158	5.42647
66	169	5.9181
66	173	5.53938
66	184	5.52295
66	188	5.52583
66	196	6.97001
66	199	5.63457
67	4	1.86246
67	8	3.26868
67	30	2.8662
67	65	3.63705
67	100	3.9462
67	110	4.20626
67	119	4.31391
67	135	4.03196
67	144	4.87615
67	155	4.79539
67	158	5.59032
67	168	5.39765
67	170	3.68395
67	176	4.38233
67	178	5.35488
67	184	5.6868
67	193	4.94837
67	194	5.05671
67	195	4.91073
68	14	3.5339
68	19	2.5363
68	25	3.24369
68	38	3.3002
68	41	3.27828
68	45	2.95923
68	59	3.45489
68	69	2.57615
68	129	3.65633
68	157	4.97738
68	161	5.1226
68	163	4.69639
68	164	5.01011
68	168	5.52417
68	181	5.50989
68	183	6.41853
68	185	5.38929
68	186	5.26037
68	197	6.38532
69	15	2.47409
69	42	3.51221
69	52	3.45188
69	60	2.44623
69	68	2.57615
69	84	3.10299
69	97	3.87366
69	101	3.64602
69	112	4.41242
69	124	4.15118
69	146	5.42249
69	169	4.8091
69	175	5.17598
69	176	5.40634
69	178	5.16428
69	181	5.19278
69	193	5.88045
69	194	6.19346
69	196	5.92629
70	35	4.5382
70	43	2.42525
70	82	3.47992
70	86	3.22537
70	99	4.38614
70	113	2.98544
70	114	3.28027
70	127	3.71098
70	141	4.05461
70	152	3.53656
70	159	4.79979
70	168	4.60968
70	173	4.82502
70	179	6.37902
70	180	4.75432
70	183	6.0721
70	186	5.12166
70	198	5.21926
70	200	5.4289
71	5	2.82089
71	12	2.8972
71	17	3.05465
71	31	3.01259
71	43	2.92757
71	52	3.99237
71	55	3.04542
71	59	4.44013
71	61	3.01002
71	104	3.70899
71	144	4.59049
71	161	4.71042
71	163	4.76684
71	164	4.59793
71	180	6.35377
71	181	7.23882
71	183	6.00635
71	185	5.86187
71	193	5.78539
72	16	3.18356
72	25	3.2401
72	43	3.33616
72	56	3.09863
72	59	3.4513
72	62	3.64107
72	89	2.52659
72	90	4.18578
72	105	4.39056
72	111	4.739
72	130	3.72391
72	139	4.26464
72	161	5.26748
72	164	5.42479
72	169	5.12263
72	173	5.73592
72	178	5.47781
72	181	5.50631
72	194	6.50699
73	6	2.47547
73	34	2.76479
73	57	2.42751
73	66	3.24257
73	88	3.47512
73	94	4.15536
73	99	3.93307
73	104	3.92292
73	111	4.4859
73	154	4.51308
73	159	5.4576
73	163	4.92234
73	165	4.99391
73	172	4.87689
73	173	4.9902
73	174	5.21909
73	177	5.82101
73	186	5.77947
73	188	5.55952
73	196	6.42082
74	20	3.26569
74	42	3.43878
74	44	2.86475
74	45	2.56869
74	60	2.3728
74	94	4.0215
74	95	3.39804
74	138	4.08984
74	151	4.83786
74	162	4.68566
74	172	4.74303
74	176	5.33291
74	177	5.48986
74	180	4.69049
74	186	5.64561
74	187	5.24895
74	188	5.42565
74	190	5.65107
74	191	5.70877
74	200	5.95285
75	9	3.21222
75	12	2.80842
75	43	2.83879
75	108	2.98647
75	111	4.24163
75	124	3.64371
75	131	4.44003
75	142	4.23594
75	143	4.17764
75	152	3.9501
75	163	4.9247
75	165	4.74964
75	168	5.02322
75	170	4.9581
75	177	5.37945
75	183	5.91758
75	185	5.6176
75	186	5.48867
75	187	5.11936
75	196	5.74245
76	20	2.47609
76	28	3.79613
76	50	4.05823
76	56	3.3594
76	88	3.98898
76	98	4.60325
76	105	4.65133
76	106	4.19034
76	120	3.61237
76	122	4.37429
76	129	5.22484
76	135	3.3283
76	136	4.84814
76	156	3.79082
76	166	5.5959
76	177	4.98217
76	178	5.73857
76	179	5.69889
76	196	5.58198
76	200	5.55076
77	2	4.33062
77	24	3.50565
77	46	2.26691
77	52	3.42703
77	53	3.15917
77	98	4.0041
77	106	3.59119
77	113	3.55796
77	121	3.65569
77	126	3.89069
77	141	4.62713
77	148	4.96987
77	153	5.06066
77	161	5.675
77	170	5.11708
77	177	5.53843
77	178	5.13942
77	186	5.69418
77	189	5.80094
77	191	6.43002
78	32	3.18388
78	41	2.71898
78	44	2.39949
78	85	3.774
78	94	4.38742
78	104	4.09654
78	107	3.50497
78	110	4.30815
78	115	3.92959
78	132	4.07835
78	141	3.99293
78	144	4.30342
78	147	4.85287
78	152	4.42642
78	177	5.85578
78	178	5.45677
78	184	5.78869
78	189	6.18481
78	190	6.01699
78	197	6.18033
79	11	2.61419
79	28	3.2299
79	30	2.83293
79	34	3.60778
79	49	2.98267
79	88	3.572
79	107	4.37267
79	118	3.90879
79	124	4.57274
79	127	4.46567
79	128	4.05372
79	136	4.97495
79	140	4.87186
79	156	4.67167
79	165	5.0908
79	175	5.31679
79	177	5.72061
79	179	6.5923
79	197	6.22553
79	199	5.76515
80	29	2.67736
80	63	3.84002
80	82	2.94608
80	108	3.88692
80	110	4.32404
80	122	4.59584
80	127	3.78351
80	129	4.61517
80	131	4.5885
80	141	4.61661
80	142	4.53496
80	145	3.74535
80	148	4.36117
80	151	4.0954
80	167	4.84666
80	174	5.12328
80	181	5.1574
80	183	6.06604
80	188	5.89449
80	189	5.79042
81	17	3.39629
81	37	2.90779
81	47	2.65609
81	53	3.38474
81	61	3.35165
81	84	4.09961
81	104	4.05063
81	111	4.67204
81	113	4.47736
81	120	4.45886
81	137	3.87732
81	145	3.5517
81	152	5.07051
81	158	5.6463
81	159	5.64374
81	167	5.1286
81	171	5.39481
81	187	5.54977
81	188	5.70084
81	194	6.44003
82	11	2.31672
82	65	3.30631
82	70	3.47992
82	80	2.94608
82	107	4.03025
82	111	3.60093
82	117	3.88157
82	126	3.7754
82	131	4.48372
82	150	4.69092
82	153	4.94537
82	155	4.46464
82	165	4.79333
82	174	5.01851
82	175	5.01932
82	183	5.94295
82	185	5.81679
82	188	5.35894
82	190	5.8947
82	198	5.67649
83	11	3.12117
83	19	2.77751
83	21	3.19297
83	32	3.44971
83	50	4.04225
83	57	3.64457
83	84	2.84247
83	85	3.67445
83	110	4.57399
83	120	4.77061
83	132	4.34418
83	137	4.18907
83	140	5.27287
83	143	4.42459
83	146	5.16198
83	168	5.76538
83	182	5.55559
83	186	5.73562
83	190	6.28282
83	197	6.62653
84	39	4.00475
84	44	3.66962
84	50	4.21537
84	69	3.10299
84	81	4.09961
84	83	2.84247
84	94	4.82636
84	102	3.47734
84	105	4.80847
84	106	4.34748
84	109	4.34997
84	110	4.7471
84	111	5.15691
84	127	5.03979
84	142	5.15122
84	146	5.21356
84	150	3.98503
84	160	5.8948
84	162	5.50631
84	178	5.89572
84	185	5.91613
85	16	2.86456
85	44	2.80742
85	52	3.44642
85	59	3.13231
85	63	3.86993
85	65	3.44099
85	78	3.774
85	83	3.67445
85	88	3.40921
85	141	4.40086
85	153	5.08004
85	163	4.85644
85	164	4.68752
85	167	5.57575
85	168	5.7218
85	185	5.95146
85	186	5.71357
85	187	5.29773
85	189	6.59273
85	196	5.92082
85	200	6.02081
86	21	3.3358
86	36	3.21541
86	47	4.08835
86	60	2.31625
86	64	3.78864
86	70	3.22537
86	87	4.1191
86	89	4.55292
86	101	4.1804
86	105	4.77818
86	117	4.679
86	130	4.94649
86	132	4.48701
86	138	4.32882
86	162	5.47603
86	163	5.56305
86	173	4.67795
86	177	5.50876
86	196	6.10857
86	197	6.76936
86	200	6.07736
87	5	2.96592
87	28	3.51819
87	47	3.70935
87	49	3.12171
87	50	3.36311
87	59	3.43413
87	66	3.4447
87	86	4.1191
87	95	3.22226
87	112	3.59645
87	136	4.5702
87	138	3.92402
87	153	5.34514
87	155	4.90114
87	159	5.69352
87	171	6.44808
87	180	5.64804
87	183	6.39777
87	188	6.75411
87	192	5.80522
87	196	6.22264
88	8	3.7011
88	42	3.8053
88	51	2.77222
88	73	3.47512
88	76	3.98898
88	79	3.572
88	85	3.40921
88	100	3.47404
88	104	4.09714
88	112	4.92973
88	124	4.66849
88	127	4.60144
88	142	4.71287
88	145	4.41652
88	149	5.45137
88	158	5.69281
88	170	5.43502
88	181	5.48586
88	185	6.64237
88	188	5.79217
88	198	6.10972
89	1	3.41755
89	12	1.68171
89	24	4.26069
89	26	2.52491
89	56	3.51528
89	65	4.17664
89	72	2.52659
89	86	4.55292
89	99	4.60281
89	100	4.48578
89	104	4.53423
89	140	5.44472
89	144	5.41573
89	146	5.03218
89	156	5.24452
89	161	4.8919
89	164	5.04922
89	184	6.22638
89	190	6.45468
89	191	5.64692
89	198	6.54162
90	14	3.96744
90	15	3.22474
90	19	2.96984
90	24	4.28116
90	47	4.13786
90	48	3.99773
90	49	3.57601
90	53	3.88882
90	72	4.18578
90	91	3.41254
90	121	4.4312
90	129	5.40119
90	131	3.69423
90	132	4.53651
90	154	4.54149
90	155	4.92507
90	176	6.15699
90	188	6.24974
90	189	6.15381
90	197	6.14933
90	199	6.35848
91	31	2.9555
91	42	3.36007
91	58	2.48184
91	90	3.41254
91	101	3.49387
91	119	3.97117
91	124	4.26328
91	131	3.80269
91	149	4.26621
91	153	4.93336
91	154	4.64994
91	158	4.49082
91	160	5.01121
91	165	4.78133
91	180	5.19954
91	181	5.04063
91	185	5.80478
91	186	5.56689
91	189	6.26226
91	195	6.23801
91	197	6.25778
92	11	2.64275
92	14	3.40267
92	37	3.51909
92	39	3.45919
92	64	4.04044
92	93	3.58245
92	101	3.8319
92	102	3.38556
92	117	4.57305
92	124	4.60131
92	127	4.49423
92	128	4.40278
92	135	4.02725
92	137	5.74163
92	150	5.01695
92	166	5.20748
92	175	5.34535
92	185	6.14281
92	190	6.58619
92	191	5.96809
92	197	6.25409
93	4	2.59081
93	7	3.20642
93	19	3.18687
93	53	3.41313
93	65	3.72143
93	92	3.58245
93	101	3.92099
93	103	3.88144
93	119	4.39828
93	126	4.62219
93	142	4.69475
93	144	4.96053
93	151	5.48635
93	154	4.72762
93	160	5.43833
93	174	5.53954
93	175	5.43444
93	181	6.22403
93	182	5.82014
93	184	5.90912
93	189	6.10077
93	197	6.34318
94	13	4.12174
94	30	2.92537
94	36	3.48759
94	54	3.83777
94	64	4.06082
94	73	4.15536
94	74	4.0215
94	78	4.38742
94	84	4.82636
94	95	3.06638
94	103	3.85588
94	123	4.31052
94	126	4.88887
94	135	4.8147
94	142	5.2387
94	149	5.39168
94	151	5.1041
94	153	5.18926
94	157	5.6336
94	160	6.13669
94	171	6.2922
94	195	7.36349
95	36	2.86414
95	74	3.39804
95	87	3.22226
95	94	3.06638
95	96	4.3191
95	109	3.59419
95	119	4.47319
95	122	4.34458
95	131	4.97375
95	142	4.28371
95	150	5.18094
95	151	4.48065
95	152	5.01291
95	154	4.80252
95	162	5.12475
95	166	5.37148
95	167	5.23191
95	172	5.43571
95	175	5.50935
95	188	5.64324
95	195	6.74004
95	198	6.16651
96	14	4.06441
96	25	3.7742
96	32	1.52839
96	36	3.36188
96	52	4.29951
96	57	3.93387
96	95	4.3191
96	99	4.72026
96	100	4.60323
96	110	4.86329
96	123	4.78076
96	133	3.12712
96	156	5.36197
96	159	4.22882
96	171	5.67309
96	172	5.66408
96	174	6.00628
96	176	5.07546
96	185	6.80456
96	193	5.64151
96	194	5.74984
96	195	5.60386
97	1	3.43944
97	3	2.85869
97	23	1.98866
97	30	3.42768
97	34	3.45643
97	36	3.26633
97	40	3.707
97	63	2.70741
97	69	3.87366
97	110	4.76773
97	118	4.50354
97	125	4.90265
97	132	4.53792
97	139	4.73871
97	142	5.17185
97	170	5.59881
97	190	6.47657
97	191	6.53427
97	193	6.86324
97	194	6.97157
97	195	6.82559
97	198	6.56871
98	11	3.36423
98	28	4.12919
98	45	3.54947
98	46	3.51767
98	56	2.54558
98	60	3.35359
98	76	4.60325
98	77	4.0041
98	113	4.49017
98	122	4.70735
98	133	3.77284
98	134	3.89857
98	138	4.53502
98	150	5.73842
98	157	5.56762
98	160	4.51113
98	161	5.71284
98	174	6.06601
98	176	5.72118
98	183	7.00878
98	185	6.86429
98	194	6.39556
98	195	6.24958
99	3	2.85765
99	17	2.72073
99	19	2.97022
99	20	2.65283
99	25	3.54314
99	34	4.17157
99	49	3.57639
99	70	4.38614
99	73	3.93307
99	89	4.60281
99	96	4.72026
99	128	4.61751
99	129	5.40158
99	132	4.53689
99	156	5.26538
99	161	5.55652
99	173	6.17343
99	181	5.94382
99	183	6.84917
99	185	6.70797
99	187	6.05423
99	190	6.80092
99	192	6.2599
100	10	2.8987
100	31	3.74166
100	51	3.11315
100	67	3.9462
100	88	3.47404
100	89	4.48578
100	96	4.60323
100	109	4.20372
100	123	4.56715
100	127	4.94236
100	130	4.87935
100	140	5.34855
100	146	5.06731
100	147	5.19439
100	150	3.83878
100	153	5.71952
100	158	6.03373
100	166	5.10715
100	170	5.77594
100	172	5.45046
100	185	5.76988
100	186	5.64095
100	193	6.51446
101	2	2.91773
101	42	4.03663
101	44	3.4626
101	52	3.9763
101	61	4.5189
101	69	3.64602
101	86	4.1804
101	91	3.49387
101	92	3.8319
101	93	3.92099
101	108	4.44672
101	110	4.54009
101	115	5.38594
101	119	4.85071
101	130	4.76976
101	135	5.9664
101	164	5.21741
101	166	5.54602
101	171	5.34988
101	179	5.64902
101	182	6.06959
101	198	6.34106
101	200	8.18887
102	4	2.39393
102	48	2.92344
102	84	3.47734
102	92	3.38556
102	108	3.86829
102	123	4.01122
102	125	4.22866
102	126	3.99363
102	134	4.36589
102	143	5.05946
102	147	4.63846
102	156	4.59243
102	160	5.24145
102	166	5.8367
102	168	5.28514
102	175	5.55034
102	176	5.48442
102	184	5.57429
102	186	6.37049
102	193	5.95854
102	194	6.27154
102	199	5.68591
102	200	6.10436
103	20	2.38667
103	22	2.66601
103	28	3.70671
103	48	3.73196
103	49	3.31023
103	53	3.62304
103	63	4.36027
103	93	3.88144
103	94	3.85588
103	113	5.20924
103	118	4.23635
103	122	5.13407
103	134	4.77268
103	144	5.17043
103	152	5.8024
103	157	5.14514
103	172	6.2252
103	173	5.90727
103	185	6.44181
103	188	6.43273
103	191	6.26708
103	197	6.55308
103	198	6.30151
103	200	6.51115
104	7	3.99474
104	10	3.34672
104	16	3.55249
104	24	4.21297
104	41	3.10895
104	71	3.70899
104	73	3.92292
104	78	4.09654
104	81	4.05063
104	88	4.09714
104	89	4.53423
104	116	4.33347
104	119	4.28098
104	140	5.397
104	149	5.10081
104	156	5.8592
104	163	5.54436
104	168	5.88952
104	170	5.82439
104	173	6.21973
104	175	5.84193
104	182	6.22763
104	183	6.78388
104	196	7.65036
105	25	3.88201
105	35	3.39033
105	45	3.59755
105	57	4.04168
105	72	4.39056
105	76	4.65133
105	84	4.80847
105	86	4.77818
105	106	4.57148
105	111	5.38091
105	131	5.57931
105	132	4.44699
105	133	4.93349
105	137	4.58618
105	140	3.85512
105	151	4.56206
105	153	6.04095
105	154	5.40808
105	168	6.1625
105	170	6.09737
105	184	4.98482
105	187	4.97314
105	192	6.38235
105	199	6.08506
106	44	3.16559
106	55	3.10246
106	61	3.59953
106	64	3.58194
106	76	4.19034
106	77	3.59119
106	84	4.34748
106	105	4.57148
106	113	4.07726
106	124	4.90987
106	130	4.73979
106	139	4.48109
106	144	5.06952
106	153	5.57996
106	154	5.33858
106	155	5.72216
106	167	5.93393
106	169	5.30354
106	178	5.65872
106	179	5.61904
106	181	5.68722
106	188	5.99353
106	193	6.3749
106	197	6.94643
107	33	2.7906
107	54	3.73471
107	78	3.50497
107	79	4.37267
107	82	4.03025
107	111	4.2804
107	118	3.84236
107	120	4.30317
107	122	3.89088
107	134	4.37869
107	136	5.312
107	141	4.74287
107	148	4.48743
107	160	5.25425
107	164	4.78388
107	168	5.29794
107	179	6.92934
107	182	5.63606
107	183	6.62242
107	184	5.58709
107	186	5.80992
107	189	5.91668
107	192	5.59975
107	195	6.48105
108	14	4.01749
108	18	3.25675
108	25	3.72728
108	52	4.25258
108	57	3.88694
108	58	3.43469
108	75	2.98647
108	80	3.88692
108	101	4.44672
108	102	3.86829
108	112	4.59444
108	116	4.45171
108	132	4.58656
108	151	4.93147
108	158	6.20043
108	161	5.60618
108	164	5.49369
108	175	5.35799
108	182	5.99812
108	185	6.30707
108	186	6.17815
108	190	6.5252
108	196	6.72699
108	197	6.86891
109	23	3.11682
109	27	2.59228
109	47	3.50992
109	48	3.79607
109	84	4.34997
109	95	3.59419
109	100	4.20372
109	112	5.65941
109	120	4.335
109	124	5.39816
109	125	4.27329
109	148	4.51926
109	150	5.44095
109	161	4.9282
109	164	4.81571
109	175	6.42296
109	177	5.686
109	183	6.22413
109	184	5.61892
109	187	5.42591
109	188	5.6218
109	190	5.84722
109	196	6.049
109	200	6.14899
110	10	3.15876
110	15	2.58378
110	30	3.93177
110	34	3.59843
110	67	4.20626
110	78	4.30815
110	80	4.32404
110	83	4.57399
110	84	4.7471
110	96	4.86329
110	97	4.76773
110	101	4.54009
110	114	4.77172
110	115	4.53117
110	116	4.82866
110	123	5.31692
110	134	5.18188
110	143	5.37543
110	149	5.31242
110	152	6.9743
110	154	5.34671
110	171	7.2986
110	187	6.19727
110	196	6.82036
111	6	3.71891
111	15	3.77796
111	28	3.13763
111	46	3.91419
111	47	4.69108
111	72	4.739
111	73	4.4859
111	75	4.24163
111	81	4.67204
111	82	3.60093
111	84	5.15691
111	105	5.38091
111	107	4.2804
111	118	5.05535
111	120	5.51616
111	128	3.96144
111	136	4.88268
111	137	5.30029
111	138	4.93154
111	169	6.11297
111	183	6.19311
111	184	6.80008
111	190	6.14485
111	193	7.18433
111	198	7.12051
112	24	3.709
112	32	3.06989
112	69	4.41242
112	87	3.59645
112	88	4.92973
112	108	4.59444
112	109	5.65941
112	115	3.8156
112	119	4.30181
112	125	4.32908
112	144	4.86405
112	149	6.03457
112	150	5.29447
112	155	4.78329
112	159	5.57567
112	161	4.98398
112	162	4.95337
112	166	6.56284
112	167	5.06053
112	169	4.98759
112	179	5.30309
112	190	5.903
112	192	5.68736
112	194	6.37196
112	200	6.20477
113	15	2.93075
113	37	3.12243
113	39	3.73453
113	49	3.28657
113	64	3.54871
113	70	2.98544
113	77	3.55796
113	81	4.47736
113	98	4.49017
113	103	5.20924
113	106	4.07726
113	116	5.17563
113	142	6.59207
113	145	5.80246
113	146	4.76322
113	152	7.32127
113	158	5.86095
113	159	5.85839
113	169	5.27032
113	180	5.81291
113	182	6.00639
113	183	6.56264
113	185	6.41815
113	186	6.18026
113	192	5.97009
114	2	3.14936
114	3	2.86267
114	9	4.15211
114	11	3.55158
114	14	3.97284
114	70	3.28027
114	110	4.77172
114	116	4.40707
114	120	4.96834
114	124	4.32107
114	127	5.0644
114	138	4.38372
114	145	4.87948
114	146	5.59238
114	153	5.84156
114	163	5.60205
114	164	5.44904
114	169	5.56515
114	174	5.91471
114	177	6.31934
114	179	5.88065
114	182	5.986
114	185	6.29495
114	186	6.16602
114	193	6.6365
115	39	3.0876
115	43	4.22544
115	62	3.98085
115	65	2.96563
115	78	3.92959
115	101	5.38594
115	110	4.53117
115	112	3.8156
115	119	3.94474
115	123	4.44864
115	135	5.06043
115	148	4.91205
115	150	5.34657
115	151	4.64628
115	153	5.60102
115	156	5.52296
115	165	5.44899
115	167	5.39753
115	168	5.72256
115	172	5.33196
115	175	5.67497
115	181	5.70828
115	191	6.29771
115	194	6.70896
115	196	7.31411
116	1	3.21679
116	7	3.46087
116	25	3.45599
116	35	2.96431
116	104	4.33347
116	108	4.45171
116	110	4.82866
116	113	5.17563
116	114	4.40707
116	125	4.68
116	136	4.80326
116	139	4.51606
116	145	4.24997
116	152	5.76878
116	153	4.99014
116	154	4.98206
116	155	5.13421
116	171	6.09308
116	173	5.95181
116	178	5.6937
116	180	5.88111
116	186	6.24845
116	188	6.39911
116	194	6.72288
116	197	6.59762
117	8	3.93433
117	9	4.25231
117	21	3.4909
117	29	3.56898
117	35	4.93985
117	58	3.05994
117	64	3.87974
117	66	4.00459
117	82	3.88157
117	86	4.679
117	92	4.57305
117	120	5.06854
117	125	5.00683
117	130	5.10159
117	136	5.16332
117	137	5.58093
117	139	4.84289
117	146	5.15825
117	149	5.27461
117	160	6.01961
117	185	6.81318
117	188	6.35534
117	190	6.42549
117	194	7.04971
117	200	6.88253
118	6	3.04492
118	13	1.85998
118	17	3.7796
118	31	3.73753
118	42	4.14209
118	50	4.11381
118	79	3.90879
118	97	4.50354
118	103	4.23635
118	107	3.84236
118	111	5.05535
118	127	4.93823
118	129	5.28042
118	138	5.35411
118	140	5.39519
118	147	5.17902
118	149	5.04823
118	165	6.66991
118	177	6.19316
118	179	5.75447
118	184	6.5249
118	186	6.34891
118	187	6.51322
118	195	7.02004
118	196	6.55617
119	6	3.41676
119	31	2.21998
119	44	3.9399
119	67	4.31391
119	91	3.97117
119	93	4.39828
119	95	4.47319
119	101	4.85071
119	104	4.28098
119	112	4.30181
119	115	3.94474
119	121	4.68226
119	130	5.24706
119	136	5.27556
119	141	5.65371
119	155	5.60651
119	156	4.98773
119	157	4.74752
119	168	6.20878
119	169	5.72698
119	172	5.81817
119	184	6.49792
119	187	6.30491
119	195	7.39188
119	200	6.74767
120	1	3.77806
120	22	3.92418
120	23	4.0848
120	43	5.08997
120	45	3.77391
120	57	4.18534
120	61	4.47747
120	65	3.83017
120	76	3.61237
120	81	4.45886
120	83	4.77061
120	107	4.30317
120	109	4.335
120	111	5.51616
120	114	4.96834
120	117	5.06854
120	146	5.39269
120	151	5.22147
120	156	6.38749
120	157	6.14728
120	162	5.86557
120	174	6.24935
120	175	6.25016
120	180	6.44238
120	191	6.8729
121	8	3.13878
121	31	3.6666
121	41	3.96904
121	58	3.19293
121	65	4.00541
121	77	3.65569
121	90	4.4312
121	119	4.68226
121	124	4.10616
121	143	4.64009
121	149	4.88905
121	151	4.68972
121	156	5.07329
121	158	5.95867
121	161	5.36443
121	163	5.38715
121	166	5.41732
121	169	5.36804
121	174	5.7176
121	184	6.05515
121	186	5.95112
121	190	6.28345
121	191	6.34115
121	192	6.06781
121	195	6.94911
122	22	4.10971
122	24	4.2089
122	26	3.03749
122	50	4.48543
122	76	4.37429
122	80	4.59584
122	95	4.34458
122	98	4.70735
122	103	5.13407
122	107	3.89088
122	123	5.58872
122	127	5.76544
122	130	4.92373
122	131	5.30226
122	132	4.46425
122	140	5.39294
122	145	5.72729
122	146	4.9804
122	157	5.33866
122	169	5.48749
122	170	5.82033
122	173	6.10079
122	174	5.83705
122	187	5.98159
122	191	6.4606
122	198	6.49503
123	10	3.07623
123	17	3.96126
123	28	4.03338
123	41	3.23803
123	59	3.94932
123	94	4.31052
123	96	4.78076
123	100	4.56715
123	102	4.01122
123	110	5.31692
123	115	4.44864
123	122	5.58872
123	124	5.22696
123	125	4.96212
123	126	4.72708
123	128	4.72398
123	142	5.52784
123	147	5.37192
123	153	5.4784
123	154	5.26419
123	172	6.67984
123	180	6.16323
123	182	6.35671
123	188	6.88737
123	195	7.2017
123	196	6.73783
124	2	3.68714
124	5	3.96339
124	28	4.51566
124	34	3.99819
124	52	4.74571
124	55	4.43431
124	69	4.15118
124	75	3.64371
124	79	4.57274
124	88	4.66849
124	91	4.26328
124	92	4.60131
124	106	4.90987
124	109	5.39816
124	114	4.32107
124	121	4.10616
124	123	5.22696
124	133	5.27188
124	139	5.28047
124	162	6.0687
124	167	6.17586
124	182	6.65537
124	186	6.83539
124	191	7.07603
124	198	7.11046
124	199	6.90165
125	16	3.89901
125	24	2.79237
125	51	3.50812
125	97	4.90265
125	102	4.22866
125	109	4.27329
125	112	4.32908
125	116	4.68
125	117	5.00683
125	123	4.96212
125	126	4.20375
125	128	4.94143
125	129	5.67953
125	133	5.00704
125	140	4.36096
125	145	5.15241
125	162	4.9157
125	165	5.63568
125	170	6.17092
125	175	6.18845
125	179	6.15358
125	181	5.80558
125	187	5.47899
125	191	6.81119
125	193	6.90944
125	199	6.59091
126	1	3.42888
126	8	3.87203
126	36	3.25035
126	40	3.74888
126	59	4.03394
126	77	3.89069
126	82	3.7754
126	93	4.62219
126	94	4.88887
126	102	3.99363
126	123	4.72708
126	125	4.20375
126	129	5.44449
126	143	5.2753
126	152	4.92788
126	155	5.39874
126	161	5.59943
126	165	6.66272
126	169	5.60305
126	172	5.6104
126	175	5.95342
126	180	5.94757
126	182	6.33912
126	183	6.89537
126	197	6.86216
126	199	7.61795
127	16	4.05678
127	22	3.29738
127	30	3.39124
127	47	4.01934
127	58	3.82074
127	61	4.29184
127	70	3.71098
127	79	4.46567
127	80	3.78351
127	84	5.03979
127	88	4.60144
127	92	4.49423
127	100	4.94236
127	114	5.0644
127	118	4.93823
127	122	5.76544
127	129	5.8373
127	141	5.83874
127	142	5.70457
127	143	5.66811
127	165	6.12024
127	169	5.99585
127	171	6.75807
127	180	6.53845
127	188	7.0641
127	194	7.38022
128	3	2.89746
128	10	3.05554
128	21	3.4255
128	27	3.26042
128	35	4.76957
128	79	4.05372
128	92	4.40278
128	99	4.61751
128	111	3.96144
128	123	4.72398
128	125	4.94143
128	137	5.41065
128	140	5.50539
128	141	5.44284
128	143	5.2722
128	150	5.62191
128	152	4.92478
128	165	5.72433
128	176	6.19718
128	177	6.35413
128	181	5.98362
128	183	6.30347
128	188	6.28993
128	189	6.61664
128	190	6.25522
128	191	6.57305
129	2	3.92225
129	16	3.59573
129	29	4.24168
129	30	4.20455
129	37	4.19016
129	40	3.53825
129	41	5.09423
129	60	3.97518
129	61	4.63403
129	62	4.99429
129	68	3.65633
129	76	5.22484
129	80	4.61517
129	90	5.40119
129	99	5.40158
129	118	5.28042
129	125	5.67953
129	126	5.44449
129	127	5.8373
129	142	5.94872
129	157	6.18921
129	163	6.51234
129	166	6.54252
129	170	6.67088
129	171	6.35441
129	175	6.25616
129	182	6.89629
130	6	3.53878
130	22	3.95723
130	37	3.78496
130	39	4.39705
130	51	3.3309
130	61	4.22882
130	64	4.21124
130	72	3.72391
130	86	4.94649
130	100	4.87935
130	101	4.76976
130	106	4.73979
130	117	5.10159
130	119	5.24706
130	122	4.92373
130	139	5.08638
130	148	5.38409
130	149	5.5421
130	159	6.52091
130	161	6.08922
130	164	6.24654
130	168	6.3308
130	172	5.9402
130	180	6.47543
130	182	6.66892
130	191	6.84424
130	195	7.51391
130	198	7.73894
131	6	3.91731
131	25	4.42885
131	26	3.86137
131	54	4.36672
131	55	2.6955
131	61	4.60735
131	75	4.44003
131	80	4.5885
131	82	4.48372
131	90	3.69423
131	91	3.80269
131	95	4.97375
131	105	5.57931
131	122	5.30226
131	135	5.34364
131	136	5.77612
131	144	4.66257
131	155	5.31521
131	156	6.01662
131	167	5.52698
131	168	5.67302
131	178	6.66655
131	189	6.54395
131	190	7.22678
131	192	7.01114
131	194	7.69573
131	196	7.42856
131	197	6.53947
132	14	2.57167
132	17	3.81398
132	20	5.27187
132	27	4.90324
132	50	4.14819
132	78	4.07835
132	83	4.34418
132	86	4.48701
132	90	4.53651
132	97	4.53792
132	99	4.53689
132	105	4.44699
132	108	4.58656
132	122	4.46425
132	143	5.14562
132	151	6.84404
132	159	6.06143
132	162	6.69183
132	164	5.35725
132	166	5.68586
132	171	5.48972
132	174	6.89722
132	175	5.82373
132	178	6.82095
132	189	6.49006
132	190	6.38876
132	195	7.05442
132	200	6.69054
133	12	3.84872
133	40	3.81139
133	49	3.68181
133	58	3.49045
133	59	3.99423
133	60	3.30269
133	96	3.12712
133	98	3.77284
133	105	4.93349
133	124	5.27188
133	125	5.00704
133	140	5.571
133	142	5.27624
133	143	5.33781
133	144	5.54201
133	155	5.46125
133	159	5.37387
133	170	5.52213
133	176	6.22051
133	179	5.98106
133	185	6.81339
133	189	6.68225
133	192	6.36532
133	193	6.78656
133	194	6.89489
133	195	6.74891
133	199	6.46428
133	200	6.88274
134	15	3.6403
134	40	4.12115
134	41	3.5927
134	61	4.27129
134	62	4.63156
134	63	2.75646
134	64	4.2537
134	98	3.89857
134	102	4.36589
134	103	4.77268
134	107	4.37869
134	110	5.18188
134	135	5.00758
134	137	4.79696
134	140	5.88075
134	142	5.58599
134	159	5.4996
134	160	5.13619
134	164	5.8592
134	165	6.09969
134	173	6.58861
134	176	6.34624
134	182	6.71139
134	189	6.99201
134	193	6.91229
134	194	7.02062
134	195	6.87464
134	198	6.98285
135	12	3.71203
135	47	4.10697
135	55	3.86025
135	57	3.90127
135	58	3.35376
135	61	4.1934
135	67	4.03196
135	76	3.3283
135	92	4.02725
135	94	4.8147
135	101	5.9664
135	115	5.06043
135	131	5.34364
135	134	5.00758
135	139	4.70641
135	141	5.37176
135	147	5.28015
135	155	5.32456
135	166	5.74137
135	169	6.84268
135	176	6.1261
135	177	7.29477
135	185	6.6767
135	188	6.21885
135	191	6.50197
135	193	6.60022
135	194	6.91323
135	200	7.86337
136	1	3.83962
136	17	3.09626
136	28	4.16923
136	30	3.82785
136	34	4.5471
136	40	4.10718
136	76	4.84814
136	79	4.97495
136	87	4.5702
136	107	5.312
136	111	4.88268
136	116	4.80326
136	117	5.16332
