1	129	2.14913
1	145	2.57942
1	180	2.08776
1	199	1.60538
1	215	3.28578
1	227	2.56687
1	234	3.32329
1	287	5.02435
2	21	3.39081
2	56	2.67728
2	83	1.82846
2	178	3.20342
2	202	2.11365
2	207	2.30402
2	240	2.80389
2	281	4.37226
3	209	1.85004
3	251	2.39879
3	252	3.10829
3	253	2.93397
3	258	2.30071
3	261	2.75679
3	266	3.05902
3	284	4.1965
4	6	0.968467
4	40	1.7573
4	157	0.967488
4	212	1.85216
4	245	3.68716
4	285	4.91446
4	290	4.64172
4	298	3.84316
5	48	0.852991
5	104	0.971721
5	120	0.942548
5	172	1.12802
5	278	4.31779
5	285	4.88477
5	289	4.30565
5	296	5.19719
6	4	0.968467
6	24	1.75416
6	178	2.55746
6	253	2.2979
6	257	3.53797
6	267	3.5079
6	280	4.21696
6	292	3.83385
7	79	2.62234
7	180	2.70937
7	197	2.87241
7	199	2.22699
7	201	2.47572
7	233	2.01954
7	237	3.45623
7	285	4.23464
8	145	1.54122
8	155	2.12906
8	208	1.85223
8	225	2.30694
8	242	3.71371
8	253	3.03079
8	256	3.91335
8	283	4.09152
9	32	2.26402
9	128	2.8364
9	136	2.8364
9	150	2.42659
9	168	3.20581
9	245	2.532
9	253	2.30329
9	288	4.23134
10	58	2.70772
10	97	1.82947
10	142	1.20599
10	173	1.94494
10	229	4.05188
10	242	3.68229
10	256	3.88193
10	277	3.32565
11	103	0.0163947
11	111	1.63686
11	220	2.51209
11	233	2.60526
11	275	3.68029
11	276	3.30384
11	285	4.31594
11	297	4.56189
12	24	0.103779
12	41	0.795547
12	240	2.8131
12	263	2.85806
12	264	3.28758
12	292	4.39259
12	296	3.97269
12	300	4.37217
13	57	1.86857
13	74	2.12346
13	178	1.93422
13	195	2.27752
13	215	2.75746
13	262	2.51276
13	274	5.22658
13	294	3.91298
14	91	1.75578
14	183	3.33971
14	222	2.66162
14	246	3.53137
14	272	2.00585
14	289	2.77417
14	293	3.25152
14	299	3.30474
15	27	2.8788
15	46	1.38015
15	186	1.84587
15	206	2.91662
15	230	3.16345
15	231	3.32334
15	247	3.70206
15	249	3.38972
16	106	2.82679
16	112	1.64562
16	128	2.27243
16	216	1.45757
16	251	4.55446
16	263	2.40873
16	296	3.52336
16	300	3.92285
17	28	2.59855
17	157	2.86897
17	182	2.52996
17	192	2.60458
17	217	2.66775
17	222	2.1477
17	265	3.3357
17	267	3.96554
18	121	2.09225
18	140	1.78411
18	189	3.01547
18	249	4.35037
18	258	2.06043
18	271	2.71207
18	279	2.94879
18	288	3.62426
19	129	1.54088
19	195	1.63295
19	208	1.6927
19	225	3.54757
19	246	2.69265
19	252	2.05509
19	274	4.582
19	298	4.86553
20	24	3.00049
20	80	1.71749
20	227	3.13751
20	258	2.01456
20	260	3.45851
20	271	2.6662
20	277	3.08404
20	288	3.57839
21	2	3.39081
21	121	1.40223
21	134	0.714683
21	205	2.57204
21	253	2.52528
21	269	3.93694
21	280	4.44433
21	298	3.62522
22	111	1.80409
22	146	2.39013
22	173	3.28269
22	185	1.92974
22	209	3.37792
22	212	1.56398
22	219	3.74612
22	282	4.5019
23	91	0.952443
23	211	1.55574
23	256	3.62701
23	259	2.07785
23	263	3.44448
23	269	3.27266
23	280	3.85127
23	290	3.83073
24	6	1.75416
24	12	0.103779
24	20	3.00049
24	140	2.07331
24	148	3.34197
24	163	3.19968
24	283	4.07385
24	300	5.0614
25	97	2.21807
25	163	1.2916
25	166	2.51961
25	173	2.33354
25	179	2.16494
25	256	4.27053
25	273	3.68098
25	286	4.16433
26	53	1.65397
26	124	1.25025
26	146	1.99073
26	194	2.58547
26	208	2.99736
26	209	2.97852
26	219	3.34672
26	293	5.76362
27	15	2.8788
27	123	0.638318
27	272	1.79605
27	281	3.45756
27	294	3.13981
27	297	3.31987
27	298	4.34974
27	299	3.09494
28	17	2.59855
28	40	1.30171
28	74	1.21298
28	89	2.29958
28	110	2.01016
28	118	2.36857
28	250	5.08351
28	295	5.70974
29	37	1.88655
29	147	2.75871
29	176	3.05749
29	254	3.64605
29	289	2.37337
29	294	2.94881
29	297	3.12887
29	299	2.90394
30	43	2.47941
30	149	2.7228
30	201	2.55739
30	204	2.41402
30	228	3.09502
30	243	3.24682
30	254	2.75771
30	278	3.36926
31	57	1.04716
31	147	1.96681
31	150	0.874833
31	195	1.45612
31	248	4.26336
31	265	3.73281
31	273	4.55398
31	293	4.76538
32	9	2.26402
32	124	1.43392
32	128	1.45357
32	244	1.4337
32	251	3.7356
32	261	3.83992
32	280	4.22955
32	290	4.20901
33	103	2.36453
33	118	1.99099
33	126	1.65397
33	166	1.48282
33	193	2.58115
33	206	3.29865
33	249	3.77175
33	291	5.4806
34	54	1.0986
34	94	1.49793
34	229	2.72105
34	234	2.10737
34	260	4.18813
34	275	3.19857
34	281	4.53711
34	283	3.2998
35	129	1.04824
35	153	1.9249
35	165	3.11142
35	186	1.64206
35	241	2.92282
35	265	3.4811
35	273	4.23817
35	299	4.27063
36	198	0.67376
36	241	1.95405
36	248	2.97879
36	273	3.2694
36	274	3.12059
36	288	3.65828
36	290	3.26341
36	291	3.7274
37	29	1.88655
37	157	2.46154
37	164	2.73928
37	192	2.19715
37	219	3.55504
37	225	3.11053
37	250	2.20932
37	285	4.48641
38	127	1.80938
38	145	2.51286
38	225	2.66458
38	275	4.34792
38	293	2.73249
38	294	2.83057
38	297	3.01063
38	299	2.78571
39	225	2.05353
39	248	2.94616
39	273	3.23677
39	274	3.08796
39	276	2.79504
39	280	1.66339
39	288	3.48015
39	295	3.40083
40	4	1.7573
40	28	1.30171
40	122	1.64659
40	274	4.78293
40	276	2.5849
40	278	3.03003
40	285	3.597
40	291	2.99065
40	297	5.31664
41	12	0.795547
41	128	2.61718
41	136	2.61718
41	150	2.20737
41	161	3.06164
41	168	2.98659
41	251	3.79388
41	257	4.24279
41	276	4.68616
42	50	3.17343
42	108	0.970455
42	137	2.1651
42	174	1.92331
42	259	4.23282
42	262	1.93316
42	282	4.0596
42	283	3.4078
42	298	5.18714
43	30	2.47941
43	58	0.680946
43	157	0.594544
43	185	2.22587
43	236	3.83011
43	254	3.53927
43	273	3.83857
43	284	4.34803
43	298	5.44484
44	83	1.95032
44	128	2.64649
44	154	0.0122815
44	181	3.83748
44	217	0.3248
44	261	5.03284
44	289	4.03755
44	293	4.51491
44	294	4.61298
45	89	1.3178
45	134	2.87112
45	136	1.58688
45	147	2.00821
45	188	2.72397
45	190	2.35706
45	211	4.30524
45	235	4.29868
45	291	5.48112
46	15	1.38015
46	83	2.18171
46	204	3.45957
46	210	2.24562
46	214	3.37439
46	220	2.4302
46	231	3.21595
46	256	4.00281
46	281	4.72551
47	117	1.98506
47	152	0.154806
47	226	2.43817
47	234	3.44954
47	243	2.64971
47	251	3.29672
47	261	3.65473
47	266	3.95696
47	295	5.42996
48	5	0.852991
48	116	1.57935
48	151	2.91197
48	163	3.17897
48	181	2.26385
48	200	3.66762
48	222	3.74292
48	281	4.10632
48	282	4.71676
49	212	1.257
49	223	2.42248
49	241	2.8262
49	248	2.97333
49	290	4.01558
49	293	3.27907
49	294	3.37714
49	297	3.5572
49	299	3.33228
50	42	3.17343
50	130	1.94502
50	135	2.13521
50	166	2.35488
50	260	3.82926
50	264	2.6564
50	277	3.51991
50	279	3.33879
50	288	4.01426
51	101	1.82312
51	124	2.02885
51	165	2.49543
51	211	2.52895
51	244	2.02863
51	254	2.09981
51	269	3.83245
51	288	5.39449
51	290	4.80394
52	96	1.72881
52	147	2.24441
52	175	1.45022
52	180	2.2294
52	204	3.53522
52	218	1.92773
52	273	4.11117
52	282	4.64786
52	295	5.18177
53	26	1.65397
53	64	1.6958
53	101	1.75214
53	202	2.96805
53	206	3.26981
53	230	3.51665
53	249	3.74291
53	265	4.04775
53	266	4.41062
54	34	1.0986
54	115	2.52056
54	129	2.6659
54	198	2.91528
54	207	2.55807
54	215	2.54459
54	223	3.01803
54	260	4.27733
54	299	5.41357
55	126	1.42815
55	167	1.74569
55	212	2.14226
55	224	2.86283
55	235	2.65027
55	237	2.7219
55	292	4.56925
55	293	4.73791
55	298	4.13325
56	2	2.67728
56	81	2.61239
56	170	0.539284
56	193	4.21827
56	196	1.84924
56	207	3.96392
56	245	2.60137
56	282	3.9994
56	287	4.51753
57	13	1.86857
57	31	1.04716
57	65	1.68653
57	129	2.54491
57	178	2.29367
57	179	3.84438
57	203	4.16541
57	220	3.7551
57	273	5.73484
58	10	2.70772
58	43	0.680946
58	105	2.43888
58	115	3.50686
58	203	1.02431
58	232	4.84416
58	286	3.44033
58	290	4.35892
58	292	3.99635
59	73	1.7535
59	114	2.6115
59	123	2.17999
59	170	2.43288
59	191	2.61966
59	197	3.63759
59	199	2.99216
59	217	3.36884
59	285	5.35316
60	77	2.44373
60	83	1.15913
60	103	2.66777
60	166	2.59905
60	173	2.41299
60	175	3.26309
60	242	4.15034
60	256	4.34998
60	271	3.95255
61	139	2.08732
61	169	0.285559
61	198	2.57517
61	233	2.51775
61	252	3.69952
61	256	4.35199
61	261	3.34802
61	266	3.65025
61	287	4.49749
62	69	2.17057
62	150	3.2317
62	161	4.08597
62	168	4.01092
62	173	2.91636
62	215	2.25384
62	232	2.30915
62	235	2.35789
62	292	3.64307
63	93	1.27268
63	108	1.21758
63	148	3.16312
63	151	2.09786
63	181	2.20506
63	195	3.85926
63	219	4.3778
63	260	4.22694
63	281	4.57592
64	53	1.6958
64	99	2.30457
64	107	2.29918
64	131	1.84525
64	212	2.89518
64	246	3.23354
64	250	3.37457
64	271	4.28645
64	291	5.04532
65	57	1.68653
65	86	1.63038
65	145	2.16249
65	154	2.67978
65	155	2.75033
65	173	2.59763
65	242	4.33498
65	288	4.82747
65	299	4.34123
66	149	2.07145
66	236	1.02155
66	279	3.50936
66	280	3.45538
66	284	3.59524
66	286	2.51626
66	290	3.43485
66	291	4.32988
66	292	3.07228
67	167	2.70477
67	190	2.88523
67	216	1.59471
67	250	4.1304
67	255	2.06107
67	262	2.71541
67	277	3.76787
67	283	3.07244
67	300	4.05999
68	104	1.64963
68	134	1.37892
68	169	2.513
68	217	3.44777
68	218	1.80118
68	235	2.80648
68	259	3.33514
68	286	4.16943
68	288	5.90413
69	62	2.17057
69	117	1.92168
69	128	2.6269
69	136	2.6269
69	161	3.07136
69	164	2.42275
69	168	2.99631
69	257	4.31742
69	300	4.84992
70	182	2.94724
70	193	2.0414
70	202	2.45713
70	206	2.75889
70	230	3.00572
70	242	2.54584
70	249	3.23199
70	266	4.6285
70	277	3.36909
71	114	1.72938
71	164	2.81579
71	185	3.05126
71	186	2.72415
71	188	3.15091
71	216	2.66583
71	234	2.566
71	269	3.53891
71	296	4.73162
72	95	2.05139
72	125	2.11318
72	141	1.20176
72	239	3.37922
72	258	2.50189
72	277	3.57137
72	279	3.39026
72	288	4.06572
72	292	4.70411
73	59	1.7535
73	79	3.16993
73	114	0.86456
73	159	1.98311
73	211	2.61491
73	251	3.67688
73	282	4.14605
73	283	4.38695
73	284	4.36888
73	295	4.67996
74	13	2.12346
74	28	1.21298
74	149	2.91094
74	197	2.55363
74	217	2.64389
74	227	2.86969
74	244	2.74076
74	266	4.18736
74	284	5.03187
74	295	5.34295
75	165	2.85181
75	216	1.7637
75	225	2.79531
75	241	2.6632
75	248	3.68794
75	259	2.87145
75	274	3.82974
75	287	3.41871
75	292	3.77289
75	299	3.99468
76	205	1.55649
76	229	1.42756
76	263	3.09321
76	264	2.97957
76	271	3.42524
76	275	3.51487
76	279	3.66196
76	287	3.42123
76	288	4.33743
76	293	4.24024
77	60	2.44373
77	79	1.03092
77	146	2.49673
77	165	3.50627
77	175	3.9537
77	204	3.2479
77	214	3.39919
77	221	3.52498
77	228	3.92889
77	243	4.0807
78	180	1.35945
78	204	2.78752
78	239	2.50554
78	245	2.37989
78	255	2.31114
78	282	3.77791
78	284	4.00074
78	287	4.29604
78	291	4.60758
78	294	3.59672
79	7	2.62234
79	73	3.16993
79	77	1.03092
79	201	2.76947
79	212	4.43856
79	213	2.34206
79	221	2.90318
79	228	3.30709
79	239	5.55908
79	243	3.4589
80	20	1.71749
80	99	1.73697
80	125	2.15156
80	163	3.35704
80	179	2.53552
80	200	3.84569
80	222	3.92099
80	237	3.22184
80	272	4.04922
80	296	5.08117
81	56	2.61239
81	151	3.02061
81	163	3.28761
81	165	2.34846
81	171	2.66433
81	177	3.0652
81	199	3.22129
81	200	3.77627
81	203	2.87753
81	285	4.77549
82	89	2.2765
82	127	2.86362
82	175	0.353652
82	184	2.0803
82	214	3.36456
82	267	5.21215
82	282	3.55129
82	284	3.77411
82	287	4.06942
82	295	4.0852
83	2	1.82846
83	44	1.95032
83	46	2.18171
83	60	1.15913
83	142	2.82687
83	207	3.45279
83	265	3.84499
83	281	5.52103
83	289	3.82935
83	295	5.04142
84	225	2.56888
84	241	2.43677
84	248	3.46151
84	249	2.27068
84	255	1.88199
84	273	3.75212
84	274	3.60331
84	279	3.35791
84	288	4.10931
84	291	4.17842
85	109	1.13939
85	183	3.45195
85	195	3.02435
85	237	1.85011
85	245	2.12368
85	271	3.98809
85	278	4.20742
85	284	3.74453
85	287	4.03984
85	295	4.05561
86	65	1.63038
86	92	2.64821
86	101	2.56088
86	118	2.1932
86	173	2.77611
86	187	2.39298
86	200	3.43792
86	242	4.51346
86	256	4.7131
86	265	4.8565
87	185	1.64047
87	205	1.65899
87	208	2.11068
87	225	2.5654
87	238	2.97201
87	268	3.4692
87	272	3.78548
87	283	4.34997
87	285	4.82593
87	291	4.21958
88	123	2.17681
88	163	1.92609
88	170	1.82883
88	175	3.03882
88	189	2.40542
88	202	3.30384
88	230	3.85243
88	249	4.0787
88	251	3.91306
88	296	5.09059
89	28	2.29958
89	45	1.3178
89	82	2.2765
89	192	2.30561
89	249	3.7435
89	268	3.23814
89	270	4.31197
89	272	4.15032
89	275	3.95922
89	278	4.02789
90	97	1.678
90	203	2.91366
90	213	2.93843
90	239	0.353902
90	256	4.07596
90	287	4.22146
90	293	3.7667
90	294	3.86478
90	297	4.04483
90	299	3.81991
91	14	1.75578
91	23	0.952443
91	95	2.43334
91	148	0.0196555
91	229	2.05612
91	275	4.82553
91	277	4.47164
91	279	4.29052
91	288	4.96599
91	298	5.8603
92	86	2.64821
92	100	2.46531
92	107	1.46841
92	122	1.79175
92	211	3.14488
92	212	2.63031
92	235	3.13833
92	238	3.94701
92	270	4.92215
92	290	5.41987
93	63	1.27268
93	99	1.93271
93	183	3.37845
93	223	3.1533
93	224	3.55851
93	237	3.41758
93	240	3.19322
93	247	3.43291
93	254	3.52237
93	281	4.76159
94	34	1.49793
94	108	1.66731
94	199	2.65003
94	215	2.94392
94	229	3.23019
94	248	3.23915
94	256	3.46857
94	260	4.67666
94	272	3.24445
94	281	5.02565
95	72	2.05139
95	91	2.43334
95	176	3.57263
95	178	1.37767
95	195	1.72098
95	241	3.50348
95	247	4.17167
95	248	4.52822
95	252	3.57138
95	274	4.67003
96	52	1.72881
96	148	2.69692
96	161	1.4436
96	226	3.79812
96	257	1.14256
96	288	6.11899
96	289	3.22204
96	293	3.6994
96	294	3.79748
96	297	3.97753
97	10	1.82947
97	25	2.21807
97	90	1.678
97	113	2.40089
97	155	3.78057
97	177	2.18256
97	185	3.283
97	193	3.24775
97	256	5.56487
97	284	5.40516
98	103	1.79831
98	187	3.13867
98	201	2.32877
98	205	3.11163
98	240	2.27222
98	241	2.97548
98	257	3.43124
98	261	3.08666
98	268	4.92185
98	276	5.26647
98	296	4.15986
99	64	2.30457
99	80	1.73697
99	93	1.93271
99	168	2.30597
99	173	4.49755
99	233	2.9265
99	251	3.39876
99	252	4.10826
99	261	3.75676
99	266	4.05899
99	299	5.44605
100	92	2.46531
100	102	2.8512
100	226	2.11668
100	231	3.42669
100	233	2.50298
100	251	2.97524
100	252	3.68474
100	261	3.33324
100	266	3.63547
100	272	4.51753
100	294	5.0076
101	51	1.82312
101	53	1.75214
101	86	2.56088
101	140	1.70008
101	196	1.67968
101	249	4.26634
101	282	3.82984
101	284	4.05267
101	287	4.34797
101	288	6.10497
101	295	4.36375
102	100	2.8512
102	131	1.14265
102	146	2.66959
102	148	3.15613
102	157	2.92419
102	192	2.6598
102	238	4.33291
102	250	2.67197
102	263	5.18797
102	276	3.93696
102	285	4.94906
103	11	0.0163947
103	33	2.36453
103	60	2.66777
103	98	1.79831
103	144	2.65936
103	232	2.55456
103	239	4.59646
103	275	4.53998
103	276	4.16353
103	285	5.17563
103	286	5.93775
104	5	0.971721
104	68	1.64963
104	134	1.72038
104	194	2.0005
104	210	2.63793
104	223	3.43387
104	268	4.38612
104	275	5.1072
104	284	4.75631
104	291	5.13649
104	297	4.69133
105	58	2.43888
105	156	1.48009
105	165	2.33005
105	226	2.85336
105	230	2.8769
105	233	3.23966
105	251	3.71192
105	261	4.06992
105	263	3.8389
105	266	4.37215
105	298	5.29533
106	16	2.82679
106	114	0.41631
106	125	3.07232
106	187	2.632
106	227	1.75845
106	255	4.14396
106	281	5.54532
106	282	3.6978
106	284	3.92063
106	287	4.21594
106	295	4.23171
107	64	2.29918
107	92	1.46841
107	137	2.14931
107	139	1.25084
107	193	3.10396
107	227	3.15161
107	236	3.55662
107	259	4.21704
107	272	4.49508
107	292	5.60735
107	297	5.19638
108	42	0.970455
108	63	1.21758
108	94	1.66731
108	174	3.62816
108	203	4.00168
108	223	3.0982
108	231	3.19693
108	260	4.3575
108	264	4.55865
108	265	5.09592
108	281	4.70649
109	85	1.13939
109	196	2.50782
109	227	2.29018
109	237	2.80627
109	258	2.99358
109	264	3.19954
109	271	3.64522
109	279	3.88194
109	288	4.55741
109	290	4.67059
109	293	4.82228
110	28	2.01016
110	140	1.92989
110	145	3.09382
110	234	2.35287
110	248	4.46032
110	262	3.5734
110	267	3.13299
110	269	3.32578
110	274	4.63322
110	280	4.08067
110	283	3.93043
111	11	1.63686
111	22	1.80409
111	143	2.38099
111	168	2.39449
111	190	3.08987
111	208	3.54519
111	209	3.52634
111	219	3.89454
111	220	3.24049
111	267	4.86223
111	291	6.08991
112	16	1.64562
112	129	1.9562
112	156	1.034
112	159	1.034
112	181	2.52168
112	229	3.83001
112	247	3.04618
112	266	4.27722
112	277	6.24552
112	279	6.06441
112	290	4.79524
113	97	2.40089
113	118	1.93346
113	166	2.70243
113	173	2.51636
113	177	1.62769
113	213	3.17059
113	229	4.06974
113	242	4.25371
113	256	4.45335
113	270	4.24566
113	290	5.12094
114	59	2.6115
114	71	1.72938
114	73	0.86456
114	106	0.41631
114	213	3.22155
114	245	3.60604
114	255	3.33945
114	284	5.22689
114	287	5.52219
114	293	5.32359
114	294	4.62503
115	54	2.52056
115	58	3.50686
115	135	0.25052
115	165	3.051
115	176	3.55412
115	224	4.17883
115	241	2.86239
115	248	3.88713
115	264	4.48407
115	273	4.17774
115	274	4.02893
116	48	1.57935
116	141	2.11304
116	189	3.14989
116	198	3.3389
116	226	2.61755
116	237	4.06422
116	244	3.96393
116	251	3.4761
116	252	4.18561
116	261	3.83411
116	266	4.13634
117	47	1.98506
117	69	1.92168
117	163	3.14286
117	171	2.51958
117	177	2.92045
117	179	2.32134
117	200	3.63151
117	219	3.94472
117	222	3.70681
117	223	4.16414
117	291	6.22123
118	28	2.36857
118	33	1.99099
118	86	2.1932
118	113	1.93346
118	155	3.31314
118	166	3.34651
118	179	3.56482
118	218	2.89742
118	242	4.8978
118	256	5.09744
118	263	4.86562
118	273	5.08085
119	129	2.75006
119	144	2.01394
119	216	3.26676
119	225	3.33207
119	250	4.17419
119	258	2.74106
119	264	2.94703
119	271	3.3927
119	277	3.81054
119	279	3.62943
119	288	4.30489
119	297	5.25346
120	5	0.942548
120	138	3.10632
120	143	2.63012
120	190	3.339
120	208	3.79432
120	209	3.77548
120	219	4.14368
120	238	2.77655
120	268	3.78592
120	286	4.3302
120	292	4.31381
120	296	4.62197
121	18	2.09225
121	21	1.40223
121	220	1.94273
121	229	4.13352
121	238	2.20666
121	250	3.76982
121	263	3.56964
121	267	3.29877
121	271	3.81741
121	288	5.57959
121	296	4.68427
121	300	5.08376
122	40	1.64659
122	92	1.79175
122	130	1.06461
122	160	2.1107
122	174	2.53227
122	255	3.41525
122	270	3.76448
122	281	4.44983
122	293	5.0326
122	296	5.01468
122	298	5.342
122	300	5.41416
123	27	0.638318
123	59	2.17999
123	88	2.17681
123	126	2.75365
123	158	1.70816
123	189	3.19815
123	193	3.68084
123	202	4.09657
123	249	4.87143
123	279	5.27973
123	286	5.3395
123	296	5.63127
124	26	1.25025
124	32	1.43392
124	51	2.02885
124	174	3.08389
124	176	2.7302
124	223	2.93182
124	236	4.733
124	248	3.48268
124	256	3.7121
124	291	4.9889
124	292	6.78373
124	299	4.43356
125	72	2.11318
125	80	2.15156
125	106	3.07232
125	126	2.82444
125	151	3.59176
125	154	4.2297
125	171	3.23548
125	179	3.03724
125	197	2.97204
125	200	4.34741
125	222	4.42272
125	279	5.62599
126	33	1.65397
126	55	1.42815
126	123	2.75365
126	125	2.82444
126	169	2.73227
126	186	3.11169
126	206	4.18244
126	219	3.91601
126	230	4.42927
126	249	4.65554
126	278	4.58054
126	281	5.29743
127	38	1.80938
127	82	2.86362
127	148	2.74718
127	224	1.91041
127	228	3.04641
127	265	2.96731
127	276	3.51335
127	278	3.95848
127	280	4.35247
127	282	5.95372
127	285	4.52546
127	291	3.91911
128	9	2.8364
128	16	2.27243
128	32	1.45357
128	41	2.61718
128	44	2.64649
128	69	2.6269
128	150	3.68804
128	161	4.54231
128	168	4.46726
128	280	4.00015
128	285	5.34488
128	297	5.08641
129	1	2.14913
129	19	1.54088
129	35	1.04824
129	54	2.6659
129	57	2.54491
129	112	1.9562
129	119	2.75006
129	225	4.86848
129	241	4.73637
129	273	6.05172
129	279	5.69103
129	283	5.57511
130	50	1.94502
130	122	1.06461
130	174	2.59429
130	235	3.3446
130	257	4.20931
130	262	3.63566
130	267	3.19525
130	270	3.33055
130	274	4.07359
130	276	4.65269
130	296	4.58075
130	300	4.98024
131	64	1.84525
131	102	1.14265
131	169	2.72701
131	175	3.6665
131	184	1.82772
131	224	3.23443
131	246	3.43136
131	258	3.55682
131	260	3.66385
131	278	5.2825
131	281	5.29218
131	285	5.84948
132	182	2.67115
132	201	3.43587
132	213	3.00846
132	221	3.56958
132	228	3.9735
132	229	3.26084
132	243	4.1253
132	244	2.34743
132	259	3.09746
132	270	3.43676
132	286	4.01529
132	295	4.62759
133	139	2.2584
133	189	2.55725
133	201	3.49981
133	227	2.95549
133	258	2.74106
133	264	2.94703
133	270	4.46062
133	271	3.3927
133	277	3.81054
133	279	3.62943
133	286	5.03914
133	288	4.30489
134	21	0.714683
134	45	2.87112
134	68	1.37892
134	104	1.72038
134	164	2.95172
134	188	3.28684
134	190	2.91993
134	247	3.83095
134	253	4.31376
134	286	5.29368
134	290	6.21228
134	291	6.04399
135	50	2.13521
135	115	0.25052
135	165	4.18768
135	178	1.87326
135	182	2.93385
135	193	2.70507
135	219	3.32062
135	241	3.99907
135	257	4.39951
135	273	5.31443
135	274	5.16562
135	282	5.31248
136	9	2.8364
136	41	2.61718
136	45	1.58688
136	69	2.6269
136	150	3.68804
136	161	4.54231
136	168	4.46726
136	191	2.64568
136	197	2.44587
136	214	2.84506
136	285	5.37918
136	298	5.91743
137	42	2.1651
137	107	2.14931
137	188	2.22049
137	236	3.68748
137	243	2.04896
137	253	4.20226
137	254	3.39663
137	263	3.51832
137	273	3.73355
137	285	4.4365
137	286	5.18218
137	295	4.82921
138	120	3.10632
138	154	3.27311
138	162	0.811399
138	190	3.99454
138	191	2.21526
138	208	4.44986
138	209	4.43101
138	219	4.79921
138	224	3.30254
138	230	3.06859
138	250	3.61102
138	266	4.50791
139	61	2.08732
139	107	1.25084
139	133	2.2584
139	170	2.54235
139	210	3.23908
139	218	1.91546
139	236	2.789
139	270	4.93382
139	280	5.22284
139	285	5.73194
139	290	5.2023
139	298	4.40373
140	18	1.78411
140	24	2.07331
140	101	1.70008
140	110	1.92989
140	204	3.52051
140	220	3.20067
140	234	3.7766
140	238	3.46461
140	274	4.00724
140	288	5.27145
140	297	4.54094
140	300	6.34171
141	72	1.20176
141	116	2.11304
141	158	1.49576
141	232	3.42401
141	255	3.22411
141	265	4.19021
141	267	3.43805
141	270	3.57335
141	283	4.23548
141	284	4.80044
141	290	5.07109
141	296	4.82354
142	10	1.20599
142	83	2.82687
142	165	2.48531
142	181	2.99981
142	211	2.74502
142	215	3.28895
142	223	3.76239
142	231	3.86112
142	247	4.042
142	275	4.41582
142	282	5.16885
142	300	4.78838
143	111	2.38099
143	120	2.63012
143	190	3.51834
143	208	3.97366
143	209	3.95482
143	219	4.32302
143	226	2.55837
143	231	2.35658
143	235	2.88603
143	273	3.70425
143	290	4.48436
143	295	4.79991
144	103	2.65936
144	119	2.01394
144	153	2.87436
144	236	3.32914
144	266	4.79342
144	272	2.44175
144	289	3.21008
144	293	3.68743
144	294	3.78551
144	297	3.96557
144	299	3.74065
144	300	5.11032
145	1	2.57942
145	8	1.54122
145	38	2.51286
145	65	2.16249
145	110	3.09382
145	166	3.49428
145	173	3.30821
145	192	2.58383
145	219	4.66534
145	242	5.04556
145	256	5.2452
145	278	5.32987
146	22	2.39013
146	26	1.99073
146	77	2.49673
146	102	2.66959
146	190	3.6759
146	196	3.21009
146	199	3.7415
146	208	4.13122
146	209	4.11238
146	219	4.48058
146	220	2.98743
146	295	5.68841
147	29	2.75871
147	31	1.96681
147	45	2.00821
147	52	2.24441
147	183	1.7554
147	211	3.07438
147	222	3.65817
147	241	5.05034
147	259	3.59648
147	278	5.09173
147	280	5.3699
147	292	4.9868
148	24	3.34197
148	63	3.16312
148	91	0.0196555
148	96	2.69692
148	102	3.15613
148	127	2.74718
148	178	4.14527
148	232	4.21233
148	258	3.99188
148	264	4.19785
148	271	4.64352
148	277	5.06135
148	288	5.55571
149	30	2.7228
149	66	2.07145
149	74	2.91094
149	164	4.46387
149	196	4.92938
149	239	1.01552
149	257	1.87148
149	267	6.32846
149	272	3.18264
149	289	3.95096
149	293	4.42832
149	294	4.5264
149	299	4.48153
150	9	2.42659
150	31	0.874833
150	41	2.20737
150	62	3.2317
150	128	3.68804
150	136	3.68804
150	161	4.13249
150	168	4.05745
150	175	3.09098
150	272	4.1108
150	290	5.14774
150	294	4.60087
150	298	5.60883
151	48	2.91197
151	63	2.09786
151	81	3.02061
151	125	3.59176
151	177	4.57483
151	179	3.97572
151	210	2.22413
151	222	5.3612
151	241	3.60477
151	249	3.35039
151	262	2.84706
151	267	4.03045
151	291	5.25813
152	47	0.154806
152	194	2.73058
152	200	3.45759
152	207	3.07464
152	226	2.95666
152	233	3.34295
152	234	4.09217
152	251	3.81521
152	252	4.52472
152	261	4.17321
152	266	4.47545
152	273	4.97693
152	287	5.08972
153	35	1.9249
153	144	2.87436
153	195	4.11846
153	211	4.20502
153	215	4.74713
153	224	1.73364
153	265	2.79054
153	274	5.58017
153	275	3.71304
153	276	3.33659
153	278	3.78171
153	285	4.34869
153	291	3.74234
154	44	0.0122815
154	65	2.67978
154	125	4.2297
154	138	3.27311
154	184	3.23823
154	207	4.45137
154	235	5.53544
154	257	1.79254
154	289	3.87202
154	293	4.34937
154	294	4.44745
154	297	4.62751
154	299	4.40259
155	8	2.12906
155	65	2.75033
155	97	3.78057
155	118	3.31314
155	191	1.87869
155	209	2.07225
155	213	2.73901
155	242	5.6334
155	254	2.92982
155	256	5.83304
155	266	4.17134
155	291	5.15335
155	300	4.48824
156	105	1.48009
156	112	1.034
156	229	1.8863
156	239	3.89439
156	262	3.58535
156	263	4.53709
156	264	3.4383
156	271	3.88398
156	277	4.30181
156	278	4.38446
156	279	4.1207
156	288	4.79617
156	290	5.53244
157	4	0.967488
157	17	2.86897
157	37	2.46154
157	43	0.594544
157	102	2.92419
157	172	3.87426
157	215	3.16007
157	224	5.01597
157	259	3.64787
157	268	6.27429
157	282	5.04181
157	295	5.178
157	296	4.85746
158	123	1.70816
158	141	1.49576
158	183	3.05504
158	200	2.65904
158	234	3.03742
158	235	3.36016
158	245	3.65402
158	256	4.14567
158	263	4.08841
158	269	4.01033
158	296	5.20304
158	299	4.86713
158	300	5.60253
159	73	1.98311
159	112	1.034
159	161	1.7298
159	207	3.3279
159	229	1.8863
159	248	4.96807
159	264	3.4383
159	271	3.88398
159	276	5.72007
159	277	4.30181
159	279	4.1207
159	288	4.79617
159	292	5.69716
160	122	2.1107
160	182	3.26095
160	200	3.16078
160	221	3.10291
160	228	2.73228
160	237	3.59591
160	238	3.14924
160	239	3.82219
160	246	3.74845
160	255	4.02742
160	262	4.68176
160	269	4.43414
160	283	5.03879
161	41	3.06164
161	62	4.08597
161	69	3.07136
161	96	1.4436
161	128	4.54231
161	136	4.54231
161	150	4.13249
161	159	1.7298
161	268	3.76504
161	274	3.73674
161	276	4.31584
161	289	3.70956
161	293	4.75777
162	138	0.811399
162	178	2.95793
162	204	3.316
162	217	0.650372
162	272	3.5948
162	275	4.09838
162	280	3.25017
162	285	4.5949
162	289	4.36312
162	293	4.84048
162	297	5.11861
162	299	4.89369
162	300	4.47094
163	24	3.19968
163	25	1.2916
163	48	3.17897
163	80	3.35704
163	81	3.28761
163	88	1.92609
163	117	3.14286
163	177	4.84182
163	207	3.0347
163	222	5.62819
163	271	4.3498
163	278	4.56912
163	287	5.04978
164	37	2.73928
164	69	2.42275
164	71	2.81579
164	134	2.95172
164	149	4.46387
164	214	3.57469
164	215	2.84409
164	223	3.31753
164	240	3.35744
164	247	3.59713
164	248	5.21607
164	260	4.57683
164	281	4.92581
164	287	5.59099
165	35	3.11142
165	51	2.49543
165	75	2.85181
165	77	3.50627
165	81	2.34846
165	105	2.33005
165	115	3.051
165	135	4.18768
165	142	2.48531
165	195	5.01704
165	206	3.58377
165	211	4.13791
165	261	5.3042
165	274	7.96609
166	25	2.51961
166	33	1.48282
166	50	2.35488
166	60	2.59905
166	113	2.70243
166	118	3.34651
166	145	3.49428
166	183	3.44935
166	241	4.16343
166	242	5.66677
166	256	5.86641
166	269	4.18563
166	292	5.03965
166	293	5.50449
167	55	1.74569
167	67	2.70477
167	181	3.7725
167	187	2.19429
167	195	3.71501
167	206	3.24743
167	224	2.71914
167	232	2.71312
167	265	3.77604
167	273	5.26595
167	275	4.69855
167	278	4.76722
167	285	5.33419
167	286	5.7493
168	9	3.20581
168	41	2.98659
168	62	4.01092
168	69	2.99631
168	99	2.30597
168	111	2.39449
168	128	4.46726
168	136	4.46726
168	150	4.05745
168	180	2.8395
168	244	3.69054
168	272	4.61821
168	278	4.50717
168	282	5.8345
169	61	0.285559
169	68	2.513
169	126	2.73227
169	131	2.72701
169	222	3.3088
169	226	3.39412
169	233	3.78041
169	250	4.47543
169	251	4.25267
169	252	4.96218
169	253	4.35716
169	261	4.61068
169	266	4.91291
169	282	6.06969
170	56	0.539284
170	59	2.43288
170	88	1.82883
170	139	2.54235
170	196	2.67528
170	203	3.64472
170	229	4.56864
170	236	3.63754
170	268	4.7788
170	281	5.18876
170	282	4.82544
170	284	5.04827
170	287	5.34357
170	295	5.35935
171	81	2.66433
171	117	2.51958
171	125	3.23548
171	177	4.21855
171	179	3.61944
171	200	4.92961
171	221	2.66778
171	222	5.00491
171	223	3.43201
171	253	3.49193
171	255	3.19266
171	268	4.18406
171	286	4.72835
171	294	4.47824
172	5	1.12802
172	157	3.87426
172	185	2.71368
172	192	3.60988
172	201	3.03901
172	219	3.06258
172	245	3.57063
172	261	3.7969
172	265	4.34099
172	269	3.70793
172	275	5.26349
172	282	5.05445
172	289	3.97857
172	291	5.29279
173	10	1.94494
173	22	3.28269
173	25	2.33354
173	60	2.41299
173	62	2.91636
173	65	2.59763
173	86	2.77611
173	99	4.49755
173	113	2.51636
173	145	3.30821
173	198	5.25709
173	201	6.01065
173	242	5.4807
173	256	5.68034
173	257	7.11312
174	42	1.92331
174	108	3.62816
174	122	2.53227
174	124	3.08389
174	130	2.59429
174	196	4.37518
174	203	2.52437
174	218	2.57214
174	236	3.44569
174	252	4.18861
174	278	5.38997
174	286	4.94039
174	292	5.49642
174	298	5.06042
174	300	6.33683
175	52	1.45022
175	60	3.26309
175	77	3.9537
175	82	0.353652
175	88	3.03882
175	131	3.6665
175	150	3.09098
175	199	2.18708
175	237	3.41633
175	264	5.41168
175	282	5.08792
175	284	5.31075
175	287	5.60605
175	295	5.62183
175	300	6.62871
176	29	3.05749
176	95	3.57263
176	115	3.55412
176	124	2.7302
176	186	3.81857
176	202	3.7346
176	203	2.17068
176	235	3.22375
176	244	2.72997
176	250	5.12359
176	259	3.7524
176	286	4.58669
176	292	5.14272
176	297	6.20286
176	298	4.70672
177	81	3.0652
177	97	2.18256
177	113	1.62769
177	117	2.92045
177	151	4.57483
177	163	4.84182
177	171	4.21855
177	179	4.02031
177	214	2.78206
177	222	5.40578
177	229	4.34214
177	248	4.3511
177	280	3.97145
177	285	5.31618
177	289	4.49681
178	2	3.20342
178	6	2.55746
178	13	1.93422
178	57	2.29367
178	95	1.37767
178	135	1.87326
178	148	4.14527
178	162	2.95793
178	218	4.20891
178	225	4.61724
178	248	5.50987
178	262	5.22538
178	273	5.80048
178	274	5.65167
178	281	6.74138
179	25	2.16494
179	57	3.84438
179	80	2.53552
179	117	2.32134
179	118	3.56482
179	125	3.03724
179	151	3.97572
179	171	3.61944
179	177	4.02031
179	182	4.39116
179	200	4.73137
179	222	4.80667
179	226	4.66445
179	246	4.87866
179	248	5.54821
180	1	2.08776
180	7	2.70937
180	52	2.2294
180	78	1.35945
180	168	2.8395
180	186	3.35102
180	190	3.41087
180	227	3.92774
180	230	4.1136
180	245	4.46907
180	268	5.2299
180	269	4.90378
180	274	5.2016
180	282	5.86709
180	295	6.401
181	44	3.83748
181	48	2.26385
181	63	2.20506
181	112	2.52168
181	142	2.99981
181	167	3.7725
181	206	3.8144
181	214	4.34284
181	217	4.55155
181	223	4.08567
181	231	4.18441
181	234	4.94816
181	240	4.12559
181	247	4.36528
181	281	5.69396
181	292	6.29989
182	17	2.52996
182	70	2.94724
182	132	2.67115
182	135	2.93385
182	160	3.26095
182	179	4.39116
182	184	3.35832
182	194	3.35807
182	204	4.22173
182	213	3.9377
182	221	4.49881
182	228	4.90273
182	243	5.05454
182	246	4.97552
182	263	5.69197
182	264	5.26916
183	14	3.33971
183	85	3.45195
183	93	3.37845
183	147	1.7554
183	158	3.05504
183	166	3.44935
183	205	4.45108
183	211	4.05243
183	228	4.25519
183	235	4.04587
183	244	3.5521
183	253	4.4289
183	254	3.62328
183	259	4.57453
183	279	6.62662
183	292	5.96485
184	82	2.0803
184	131	1.82772
184	154	3.23823
184	182	3.35832
184	194	3.116
184	201	4.12303
184	204	3.97966
184	213	3.69563
184	221	4.25674
184	228	4.66066
184	243	4.81246
184	275	4.41737
184	276	4.70081
184	282	5.1704
184	293	5.14274
184	298	5.45214
185	22	1.92974
185	43	2.22587
185	71	3.05126
185	87	1.64047
185	97	3.283
185	172	2.71368
185	187	3.33053
185	205	3.30349
185	234	4.8289
185	240	4.60114
185	250	4.19334
185	268	5.11371
185	275	5.83479
185	279	6.13725
185	291	5.86408
185	294	5.94691
186	15	1.84587
186	35	1.64206
186	71	2.72415
186	126	3.11169
186	176	3.81857
186	180	3.35102
186	189	3.55619
186	193	4.03887
186	200	3.86721
186	202	4.45461
186	206	4.75637
186	230	5.0032
186	249	5.22947
186	259	4.95208
186	278	5.01869
186	298	6.62776
187	86	2.39298
187	98	3.13867
187	106	2.632
187	167	2.19429
187	185	3.33053
187	210	3.41108
187	224	3.90094
187	225	3.28517
187	253	4.00901
187	258	3.37575
187	265	4.95784
187	266	5.02417
187	268	5.15927
187	286	5.24543
187	291	5.90964
187	298	6.00328
188	45	2.72397
188	71	3.15091
188	134	3.28684
188	137	2.22049
188	198	0.857319
188	236	4.61112
188	239	2.08943
188	241	5.40405
188	246	4.88164
188	257	2.94539
188	272	4.25655
188	274	5.72409
188	289	5.02487
188	293	5.50223
188	297	5.78036
188	299	5.55544
189	18	3.01547
189	88	2.40542
189	116	3.14989
189	123	3.19815
189	133	2.55725
189	186	3.55619
189	190	3.44787
189	193	3.90944
189	199	4.47658
189	202	4.32518
189	206	4.62694
189	230	4.87377
189	232	4.46087
189	245	4.80347
189	249	5.10004
189	296	6.10295
190	45	2.35706
190	67	2.88523
190	111	3.08987
190	120	3.339
190	134	2.91993
190	138	3.99454
190	143	3.51834
190	146	3.6759
190	180	3.41087
190	189	3.44787
190	208	4.68254
190	209	4.66369
190	219	5.0319
190	264	4.80837
190	281	5.79543
190	293	6.37821
191	59	2.61966
191	136	2.64568
191	138	2.21526
191	155	1.87869
191	210	2.64017
191	232	3.124
191	246	3.32695
191	248	5.03369
191	250	3.46798
191	267	5.31223
191	268	4.38835
191	276	4.73297
191	278	5.1781
191	291	5.13873
191	292	5.76278
191	298	6.53702
192	17	2.60458
192	37	2.19715
192	89	2.30561
192	102	2.6598
192	145	2.58383
192	172	3.60988
192	245	3.68811
192	250	5.08954
192	252	2.64323
192	257	4.25896
192	270	4.1173
192	275	6.73098
192	278	6.79965
192	279	4.63605
192	295	5.30812
192	300	4.79146
193	33	2.58115
193	56	4.21827
193	70	2.0414
193	97	3.24775
193	107	3.10396
193	123	3.68084
193	135	2.70507
193	186	4.03887
193	189	3.90944
193	202	4.80786
193	216	4.1362
193	230	5.35645
193	243	3.99383
193	249	5.58272
193	260	4.39912
193	284	6.18788
194	26	2.58547
194	104	2.0005
194	152	2.73058
194	182	3.35807
194	184	3.116
194	201	4.12279
194	204	3.97942
194	213	3.69538
194	221	4.2565
194	228	4.66041
194	243	4.81222
194	257	5.12651
194	259	4.64554
194	264	4.44198
194	270	4.98485
194	279	5.5036
195	13	2.27752
195	19	1.63295
195	31	1.45612
195	63	3.85926
195	85	3.02435
195	95	1.72098
195	153	4.11846
195	165	5.01704
195	167	3.71501
195	225	4.96055
195	231	4.42776
195	248	5.85318
195	253	5.02236
195	273	6.14379
195	274	5.99498
195	277	4.77811
195	283	6.08309
196	56	1.84924
196	101	1.67968
196	109	2.50782
196	146	3.21009
196	149	4.92938
196	170	2.67528
196	174	4.37518
196	197	3.87998
196	199	3.23456
196	226	4.79783
196	227	4.19604
196	230	4.76648
196	237	4.4638
196	255	4.89138
196	269	5.55666
196	284	6.35822
196	295	6.6693
197	7	2.87241
197	59	3.63759
197	74	2.55363
197	125	2.97204
197	136	2.44587
197	196	3.87998
197	222	3.29458
197	237	4.35855
197	238	4.02571
197	242	3.27544
197	245	4.63212
197	258	3.70968
197	260	3.81671
197	286	5.57937
197	287	6.54827
197	290	5.87613
197	295	6.56405
198	36	0.67376
198	54	2.91528
198	61	2.57517
198	116	3.3389
198	173	5.25709
198	188	0.857319
198	239	2.51281
198	240	4.40431
198	251	5.11443
198	257	3.36877
198	263	5.3016
198	268	5.4559
198	272	4.67992
198	289	5.44825
198	294	6.02368
198	297	6.20374
198	299	5.97882
199	1	1.60538
199	7	2.22699
199	59	2.99216
199	81	3.22129
199	94	2.65003
199	146	3.7415
199	175	2.18708
199	189	4.47658
199	196	3.23456
199	204	5.89917
199	219	5.44272
199	233	4.96297
199	242	4.65455
199	282	5.38472
199	284	5.60755
199	287	5.90285
199	295	5.91863
200	48	3.66762
200	80	3.84569
200	81	3.77627
200	86	3.43792
200	117	3.63151
200	125	4.34741
200	152	3.45759
200	158	2.65904
200	160	3.16078
200	171	4.92961
200	179	4.73137
200	186	3.86721
200	203	4.61202
200	221	4.22981
200	222	6.11685
200	231	4.45936
200	280	5.16524
201	7	2.47572
201	30	2.55739
201	79	2.76947
201	98	2.32877
201	132	3.43587
201	133	3.49981
201	172	3.03901
201	173	6.01065
201	184	4.12303
201	194	4.12279
201	204	4.98645
201	206	4.25187
201	213	4.70241
201	227	4.6701
201	228	5.66744
201	243	5.81925
201	249	5.60675
201	267	6.28681
202	2	2.11365
202	53	2.96805
202	70	2.45713
202	88	3.30384
202	123	4.09657
202	176	3.7346
202	186	4.45461
202	189	4.32518
202	193	4.80786
202	207	3.40029
202	230	5.77219
202	232	4.43562
202	235	4.48436
202	249	5.99846
202	251	4.90018
202	260	4.02328
202	265	5.20181
202	300	5.88158
203	57	4.16541
203	58	1.02431
203	81	2.87753
203	90	2.91366
203	108	4.00168
203	170	3.64472
203	174	2.52437
203	176	2.17068
203	200	4.61202
203	211	4.31178
203	213	4.96113
203	226	4.98548
203	254	3.88264
203	265	6.03059
203	286	5.66818
203	290	6.58677
203	292	6.22421
203	298	5.78821
204	30	2.41402
204	46	3.45957
204	52	3.53522
204	77	3.2479
204	78	2.78752
204	140	3.52051
204	162	3.316
204	182	4.22173
204	184	3.97966
204	194	3.97942
204	199	5.89917
204	201	4.98645
204	213	4.55904
204	221	5.12016
204	233	5.23826
204	242	4.92985
204	243	5.67588
204	260	5.47111
205	21	2.57204
205	76	1.55649
205	87	1.65899
205	98	3.11163
205	183	4.45108
205	185	3.30349
205	228	3.62657
205	232	3.86788
205	236	4.37222
205	237	4.49021
205	246	4.07083
205	253	4.82135
205	265	4.9308
205	275	5.85331
205	276	5.47685
205	278	5.92197
205	289	5.458
205	298	6.81562
206	15	2.91662
206	33	3.29865
206	53	3.26981
206	70	2.75889
206	126	4.18244
206	165	3.58377
206	167	3.24743
206	181	3.8144
206	186	4.75637
206	189	4.62694
206	201	4.25187
206	226	4.16196
206	230	6.07395
206	244	4.12334
206	249	6.30022
206	259	4.87337
206	260	4.02854
206	296	6.08296
207	2	2.30402
207	54	2.55807
207	56	3.96392
207	83	3.45279
207	152	3.07464
207	154	4.45137
207	159	3.3279
207	163	3.0347
207	202	3.40029
207	214	4.64547
207	231	4.48703
207	235	4.60585
207	240	4.42822
207	247	4.66791
207	260	5.6476
207	281	5.99659
207	283	5.73174
207	288	6.59906
208	8	1.85223
208	19	1.6927
208	26	2.99736
208	87	2.11068
208	111	3.54519
208	120	3.79432
208	138	4.44986
208	143	3.97366
208	146	4.13122
208	190	4.68254
208	209	5.11902
208	219	5.48722
208	249	4.7311
208	266	5.65683
208	268	5.33381
208	276	5.88461
208	280	4.75296
208	290	6.17486
209	3	1.85004
209	22	3.37792
209	26	2.97852
209	111	3.52634
209	120	3.77548
209	138	4.43101
209	143	3.95482
209	146	4.11238
209	155	2.07225
209	190	4.66369
209	208	5.11902
209	210	3.69947
209	213	4.31914
209	219	5.46837
209	273	5.48937
209	275	5.6958
209	284	5.99883
209	294	5.72261
209	295	6.58503
210	46	2.24562
210	104	2.63793
210	139	3.23908
210	151	2.22413
210	187	3.41108
210	191	2.64017
210	209	3.69947
210	214	3.7053
210	246	4.13286
210	247	4.56753
210	261	5.23838
210	265	4.99283
210	266	5.79856
210	268	5.19426
210	269	5.14941
210	273	5.53646
210	275	5.91533
210	285	6.55098
210	291	5.94463
211	23	1.55574
211	45	4.30524
211	51	2.52895
211	73	2.61491
211	92	3.14488
211	142	2.74502
211	147	3.07438
211	153	4.20502
211	165	4.13791
211	183	4.05243
211	203	4.31178
211	212	4.85683
211	232	4.99503
211	245	5.33764
211	250	5.2272
211	267	5.87841
211	279	6.28558
211	286	6.7278
211	298	6.84783
212	4	1.85216
212	22	1.56398
212	49	1.257
212	55	2.14226
212	64	2.89518
212	79	4.43856
212	92	2.63031
212	211	4.85683
212	234	4.46315
212	248	5.08578
212	253	5.23331
212	256	5.3152
212	259	5.37894
212	267	5.36433
212	270	5.25274
212	286	6.21323
212	292	6.76926
212	297	5.79239
212	298	6.33326
213	79	2.34206
213	90	2.93843
213	113	3.17059
213	114	3.22155
213	132	3.00846
213	155	2.73901
213	182	3.9377
213	184	3.69563
213	194	3.69538
213	201	4.70241
213	203	4.96113
213	204	4.55904
213	209	4.31914
213	221	4.83612
213	228	5.24004
213	243	5.39184
213	287	6.26893
213	291	7.40024
213	294	6.38938
214	46	3.37439
214	77	3.39919
214	82	3.36456
214	136	2.84506
214	164	3.57469
214	177	2.78206
214	181	4.34284
214	207	4.64547
214	210	3.7053
214	215	4.63198
214	222	3.69377
214	223	5.10542
214	231	5.20415
214	240	5.14533
214	247	5.38503
214	254	4.51578
214	280	4.85342
214	282	6.45467
214	283	5.80286
215	1	3.28578
215	13	2.75746
215	54	2.54459
215	62	2.25384
215	94	2.94392
215	142	3.28895
215	153	4.74713
215	157	3.16007
215	164	2.84409
215	214	4.63198
215	224	5.46082
215	231	4.47355
215	240	4.41473
215	246	5.47242
215	247	4.65443
215	260	5.63412
215	281	5.98311
215	285	7.10705
215	296	7.17922
216	16	1.45757
216	67	1.59471
216	71	2.66583
216	75	1.7637
216	119	3.26676
216	193	4.1362
216	231	4.43648
216	233	4.27199
216	238	3.98742
216	242	3.96357
216	244	4.59964
216	262	5.51994
216	266	6.04624
216	267	5.07953
216	270	5.21483
216	271	5.19695
216	283	5.87697
216	296	6.46503
216	298	7.02534
216	300	6.86452
217	17	2.66775
217	44	0.3248
217	59	3.36884
217	68	3.44777
217	74	2.64389
217	162	0.650372
217	181	4.55155
217	236	4.8428
217	239	2.96761
217	248	5.78287
217	251	5.64259
217	252	4.47576
217	257	3.82357
217	272	5.13473
217	289	5.90305
217	291	7.28909
217	293	6.38041
217	294	6.47848
217	297	6.65854
217	299	6.43362
218	52	1.92773
218	68	1.80118
218	118	2.89742
218	139	1.91546
218	174	2.57214
218	178	4.20891
218	235	4.353
218	247	4.17399
218	253	4.73602
218	259	4.88166
218	261	4.84484
218	267	5.15935
218	271	4.55573
218	276	5.6328
218	281	5.49195
218	286	5.71595
218	290	6.63454
218	292	6.27197
218	298	5.83597
218	299	5.83168
219	22	3.74612
219	26	3.34672
219	37	3.55504
219	63	4.3778
219	111	3.89454
219	117	3.94472
219	120	4.14368
219	126	3.91601
219	135	3.32062
219	138	4.79921
219	143	4.32302
219	145	4.66534
219	146	4.48058
219	172	3.06258
219	190	5.0319
219	199	5.44272
219	208	5.48722
219	209	5.46837
219	250	5.65917
219	286	6.77732
220	11	2.51209
220	46	2.4302
220	57	3.7551
220	111	3.24049
220	121	1.94273
220	140	3.20067
220	146	2.98743
220	255	4.18985
220	259	5.28657
220	263	4.67465
220	267	4.40378
220	269	4.59657
220	270	4.53908
220	275	5.92748
220	276	6.21092
220	283	5.20122
220	284	6.23051
220	296	5.78928
220	297	6.16552
220	300	6.18876
221	77	3.52498
221	79	2.90318
221	132	3.56958
221	160	3.10291
221	171	2.66778
221	182	4.49881
221	184	4.25674
221	194	4.2565
