1	31	0.45269
1	124	0.824738
1	141	2.82136
1	175	2.92766
1	188	2.22685
1	200	3.95308
1	284	4.70892
1	300	4.69841
2	7	3.09353
2	196	2.0281
2	202	1.45927
2	241	1.96699
2	259	3.58645
2	267	3.01521
2	281	3.72623
2	297	3.78353
3	27	0.20611
3	188	1.62619
3	211	2.05451
3	233	2.89505
3	287	3.45811
3	290	4.45131
3	292	3.34965
3	294	4.60625
4	49	1.57861
4	124	0.298496
4	202	1.8739
4	259	2.95827
4	265	3.6137
4	280	4.28586
4	281	4.18872
4	294	3.83304
5	114	0.826616
5	147	2.8611
5	249	1.94307
5	259	2.89885
5	267	3.93713
5	268	3.15963
5	291	3.43306
5	294	3.57843
6	90	1.37721
6	205	2.25534
6	216	1.70318
6	235	2.82085
6	238	2.818
6	274	3.38314
6	291	4.18089
6	299	4.07993
7	2	3.09353
7	27	1.06577
7	68	1.29242
7	114	2.86131
7	138	1.60989
7	174	3.68434
7	253	3.65668
7	279	5.35393
8	182	2.56331
8	227	1.82877
8	243	2.43603
8	260	2.2243
8	264	2.81879
8	278	3.96797
8	279	3.03291
8	288	3.75243
9	57	1.26412
9	146	1.85159
9	211	1.7025
9	242	2.52761
9	257	2.56469
9	260	5.52348
9	273	3.18457
9	299	4.00789
10	53	1.69252
10	158	0.812046
10	180	2.52973
10	215	0.905944
10	232	2.76408
10	269	5.07226
10	283	4.03915
10	295	4.81395
11	119	0.126576
11	139	1.95344
11	178	2.24715
11	207	2.57439
11	228	4.13003
11	249	3.61418
11	255	3.0316
11	285	4.93397
12	136	2.35595
12	150	2.12323
12	156	1.34778
12	220	2.65544
12	231	2.4174
12	271	3.53329
12	286	3.82354
12	298	4.37207
13	87	2.19558
13	93	1.45234
13	188	1.91157
13	193	3.42548
13	249	2.72793
13	255	2.14535
13	270	4.78329
13	275	3.98253
14	25	1.32828
14	73	1.53159
14	75	1.79294
14	122	2.88746
14	123	1.2495
14	242	2.65145
14	287	5.75025
14	299	5.43615
15	130	0.623368
15	234	1.84538
15	240	2.29421
15	252	2.42301
15	263	3.30216
15	279	3.83494
15	281	4.37215
15	290	3.9392
16	38	0.31528
16	89	1.43224
16	197	2.23578
16	237	2.26951
16	257	3.11021
16	264	4.5169
16	288	4.00542
16	292	4.73964
17	166	1.12566
17	193	2.08506
17	232	2.24615
17	243	2.5282
17	261	2.99121
17	269	4.70856
17	277	3.42688
17	283	3.52122
18	53	2.8255
18	81	2.6595
18	111	3.01427
18	142	2.42948
18	194	2.25885
18	238	2.28061
18	244	1.90098
18	270	5.31099
19	135	1.14361
19	201	1.55831
19	223	1.94102
19	228	2.7293
19	241	1.95253
19	274	5.21689
19	284	3.75359
19	287	4.31933
20	45	1.05161
20	109	2.67436
20	185	4.10432
20	205	1.25338
20	243	2.54268
20	274	3.40782
20	282	3.71497
20	297	3.86844
21	95	1.14705
21	116	1.71023
21	221	1.70414
21	249	3.45512
21	265	2.46689
21	279	4.83129
21	280	4.69568
21	282	2.61808
22	32	2.25277
22	108	1.69839
22	113	3.00918
22	123	2.17016
22	131	3.95687
22	145	1.77391
22	238	3.96175
22	255	3.9827
23	190	2.37352
23	212	1.73185
23	232	2.4811
23	248	2.61073
23	254	2.87355
23	269	3.76853
23	283	2.76636
23	296	4.02341
24	152	1.27188
24	170	3.51376
24	208	2.64254
24	214	1.47733
24	249	2.89945
24	251	3.28364
24	269	3.73193
24	285	3.81648
25	14	1.32828
25	197	0.211842
25	238	3.7395
25	243	2.93381
25	251	2.81803
25	266	2.85273
25	289	4.1624
25	291	4.5967
26	84	0.386457
26	155	1.29391
26	186	1.41103
26	187	2.11715
26	220	2.85134
26	244	4.97196
26	280	4.68915
26	293	4.88728
27	3	0.20611
27	7	1.06577
27	80	2.7278
27	212	1.70937
27	222	4.07876
27	292	4.48882
27	297	4.06644
27	299	4.3026
28	48	0.654961
28	57	1.83445
28	112	1.48333
28	237	3.15759
28	240	3.39514
28	270	2.99195
28	295	3.81043
28	298	5.31326
29	73	2.02126
29	176	2.21672
29	191	0.969692
29	200	3.3234
29	203	3.51009
29	217	3.29124
29	250	3.69319
29	299	3.6212
30	92	0.620074
30	133	0.196391
30	173	3.46511
30	206	3.35392
30	224	3.16798
30	255	3.57827
30	257	3.37605
30	290	4.91065
31	1	0.45269
31	104	1.45144
31	206	2.63041
31	213	1.70626
31	265	3.27511
31	268	3.92327
31	279	5.33103
31	296	3.85216
32	22	2.25277
32	34	0.897671
32	88	0.000366855
32	158	2.2464
32	281	5.3871
32	283	5.0638
32	287	3.46586
32	292	3.3574
33	55	2.15984
33	76	0.943729
33	175	2.48067
33	206	3.04826
33	208	2.86765
33	268	4.34112
33	279	3.08623
33	294	3.70205
34	32	0.897671
34	64	1.76505
34	136	1.58281
34	226	1.82863
34	278	3.83858
34	284	3.61693
34	295	4.07447
34	298	5.03979
35	86	0.421064
35	107	1.79683
35	218	2.88312
35	230	3.32134
35	248	3.61129
35	253	3.36256
35	261	4.22673
35	268	3.00472
36	143	1.70938
36	166	2.04677
36	244	2.67253
36	248	0.187313
36	286	4.19306
36	287	3.36537
36	292	3.25691
36	295	5.21712
37	182	1.84378
37	247	0.720258
37	268	3.10597
37	279	3.26557
37	280	3.02248
37	289	3.7592
37	291	3.37939
37	294	3.52477
38	16	0.31528
38	144	3.22396
38	225	2.86233
38	230	2.36118
38	233	3.55709
38	240	2.81189
38	263	3.81984
38	274	3.66869
39	79	1.42312
39	131	1.63566
39	205	1.45896
39	211	5.35724
39	229	1.852
39	237	2.51904
39	259	3.87694
39	292	4.49641
40	113	1.80675
40	131	2.75444
40	172	2.14641
40	173	2.45651
40	190	2.75429
40	198	1.58592
40	281	4.46025
40	292	4.89208
41	87	1.02557
41	117	0.903107
41	253	2.33322
41	268	3.87086
41	270	3.61327
41	287	3.45811
41	292	3.34965
41	293	4.09298
42	50	2.75692
42	74	1.93409
42	144	1.58533
42	196	3.0249
42	207	2.18492
42	270	2.99195
42	277	4.35325
42	295	3.81043
43	205	1.18996
43	230	2.04346
43	253	2.97748
43	262	2.77394
43	264	2.86859
43	268	2.61964
43	280	3.8993
43	295	4.25366
44	61	0.351881
44	129	1.11009
44	191	2.04715
44	203	2.61334
44	254	3.82476
44	269	3.96796
44	272	3.94332
44	294	4.77085
45	20	1.05161
45	180	1.51084
45	233	1.49918
45	268	3.4167
45	270	3.15912
45	277	2.92592
45	292	3.77539
45	300	5.28675
46	57	2.25298
46	129	1.95284
46	206	3.90193
46	221	1.88108
46	240	3.81367
46	246	3.91764
46	278	2.19358
46	293	2.7131
47	155	0.00055561
47	169	1.28213
47	191	2.0056
47	263	3.93732
47	269	3.92641
47	275	2.8633
47	295	4.68886
47	296	3.92744
48	28	0.654961
48	175	2.27693
48	183	1.41359
48	203	2.08469
48	254	3.2961
48	266	3.67724
48	294	4.55618
48	298	4.67438
49	4	1.57861
49	127	0.234166
49	157	2.49605
49	183	2.31854
49	212	3.15467
49	242	4.26761
49	250	3.67592
49	276	4.19003
49	277	5.08465
50	42	2.75692
50	75	2.34138
50	85	2.21169
50	86	3.05336
50	103	3.5412
50	147	3.11473
50	156	3.0501
50	159	3.20546
50	204	3.7193
51	174	1.5892
51	215	3.46501
51	218	2.31938
51	229	2.37301
51	250	2.60643
51	264	3.58273
51	271	3.65347
51	276	3.12055
51	285	4.2899
52	63	1.7235
52	171	1.7185
52	192	2.15541
52	195	2.75029
52	222	2.54581
52	225	3.57857
52	257	3.63425
52	267	4.07724
52	300	4.81957
53	10	1.69252
53	18	2.8255
53	118	2.37376
53	163	2.39918
53	166	2.54434
53	236	3.73472
53	263	2.63387
53	271	2.9149
53	292	5.8743
54	66	2.5352
54	125	1.09874
54	142	1.23436
54	160	1.88271
54	189	2.55182
54	238	3.28399
54	276	5.56462
54	296	4.30234
54	299	4.54592
55	33	2.15984
55	66	1.86028
55	83	3.05637
55	117	3.10965
55	141	2.82792
55	161	1.86767
55	203	3.44646
55	250	4.01723
55	254	4.65787
56	135	1.84384
56	171	1.19484
56	187	0.989291
56	193	2.50825
56	238	3.44354
56	254	3.25393
56	259	4.27222
56	260	4.60695
56	292	4.89169
57	9	1.26412
57	28	1.83445
57	46	2.25298
57	65	2.10763
57	169	2.30485
57	220	3.50305
57	253	4.53333
57	257	4.04613
57	289	5.15599
58	164	0.1917
58	187	1.90195
58	200	2.02
58	231	2.98624
58	238	3.3605
58	273	2.53306
58	277	3.95918
58	293	4.67209
58	299	5.3886
59	62	1.24824
59	80	2.60033
59	112	1.56675
59	125	1.19127
59	221	2.3295
59	222	3.95129
59	280	4.48998
59	287	4.95254
59	293	4.68811
60	80	2.45873
60	126	1.56548
60	158	1.79132
60	168	2.24271
60	190	3.22606
60	191	2.70027
60	265	4.27535
60	278	3.82511
60	300	4.91547
61	44	0.351881
61	103	1.67291
61	135	2.10438
61	183	2.93476
61	206	3.50068
61	215	3.66911
61	239	2.67313
61	254	4.81727
61	287	5.2801
62	59	1.24824
62	145	1.76364
62	206	1.29532
62	210	2.34212
62	211	2.09717
62	223	3.14919
62	278	5.18341
62	291	4.70867
62	299	5.2134
63	52	1.7235
63	103	1.95229
63	116	2.11147
63	121	2.32669
63	192	2.31909
63	193	3.45753
63	259	3.61416
63	294	4.48893
63	297	5.00923
64	34	1.76505
64	133	2.25883
64	204	2.46036
64	206	2.92194
64	209	3.05307
64	221	2.77614
64	238	3.82316
64	246	3.40205
64	269	4.52854
65	57	2.10763
65	121	2.30321
65	228	1.73259
65	245	2.95332
65	253	3.5118
65	255	3.98093
65	258	2.63684
65	264	4.04274
65	293	3.73194
66	54	2.5352
66	55	1.86028
66	165	1.81981
66	175	2.18112
66	218	1.7715
66	266	3.58143
66	268	4.04156
66	276	5.56478
66	283	3.64512
67	76	2.19542
67	117	1.50332
67	123	2.71175
67	149	3.07215
67	195	2.33102
67	200	2.6134
67	235	3.38127
67	251	3.98275
67	269	5.20872
68	7	1.29242
68	88	0.987773
68	111	1.80248
68	141	3.47237
68	219	4.61304
68	258	3.12515
68	270	4.0992
68	275	3.29844
68	297	4.29309
69	83	2.39284
69	89	2.38622
69	107	1.88988
69	114	3.00192
69	166	3.80297
69	194	2.02521
69	197	3.18977
69	256	3.48588
69	274	4.81061
70	89	1.91836
70	123	1.27062
70	140	1.46545
70	149	2.34641
70	242	2.67257
70	257	4.15534
70	262	3.76572
70	270	4.60949
70	281	4.79393
71	94	2.38945
71	138	2.53838
71	164	2.44429
71	185	0.952175
71	188	2.66913
71	200	3.69285
71	219	3.99758
71	229	3.83709
71	277	4.47477
72	76	1.40961
72	80	1.35145
72	97	0.992206
72	172	1.5109
72	263	3.52471
72	266	3.43775
72	291	6.69649
72	292	4.25658
72	296	3.82678
73	14	1.53159
73	29	2.02126
73	137	1.84963
73	211	3.11471
73	227	2.52986
73	231	3.1372
73	273	3.87572
73	288	4.15106
73	290	4.79045
74	42	1.93409
74	169	2.32037
74	178	2.36238
74	225	0.985565
74	245	3.25261
74	257	4.078
74	283	4.95229
74	285	3.67988
74	290	3.43473
75	14	1.79294
75	50	2.34138
75	115	2.52398
75	165	2.56618
75	168	3.21989
75	207	2.12881
75	225	3.45724
75	266	4.3278
75	289	4.62706
76	33	0.943729
76	67	2.19542
76	72	1.40961
76	154	1.95338
76	231	2.36848
76	242	3.55347
76	292	5.21998
76	298	4.32315
76	299	5.03375
77	87	2.06401
77	166	1.79402
77	185	2.10884
77	217	2.31785
77	249	3.56341
77	257	3.50924
77	262	3.67862
77	275	3.72162
77	282	4.23708
78	116	1.3659
78	140	0.925731
78	155	0.23881
78	257	3.05662
78	275	3.3984
78	281	4.25421
78	290	4.59122
78	295	4.70571
78	296	4.46254
79	39	1.42312
79	99	1.42672
79	166	2.11049
79	180	2.99662
79	226	3.035
79	269	4.5184
79	277	2.98313
79	291	3.69875
79	300	4.8128
80	27	2.7278
80	59	2.60033
80	60	2.45873
80	72	1.35145
80	112	2.77191
80	144	2.45354
80	189	3.89061
80	218	3.44219
80	272	5.30351
81	18	2.6595
81	157	0.887854
81	181	1.84886
81	199	5.42797
81	224	2.33373
81	252	2.45525
81	275	2.90889
81	292	4.32592
81	299	4.1397
82	83	2.70958
82	225	2.2111
82	254	2.26272
82	258	5.38575
82	259	3.28101
82	273	2.89093
82	274	3.01746
82	276	2.07032
82	288	3.16626
83	55	3.05637
83	69	2.39284
83	82	2.70958
83	141	1.98817
83	152	2.39353
83	199	3.42553
83	240	3.85653
83	258	2.99788
83	275	4.17931
84	26	0.386457
84	140	1.90662
84	145	2.03094
84	156	2.22109
84	181	3.18987
84	238	5.52475
84	256	3.45918
84	267	4.47622
84	276	3.83677
85	50	2.21169
85	91	1.94214
85	103	3.01082
85	120	1.22439
85	180	3.22065
85	221	2.99003
85	224	4.28009
85	228	4.02304
85	248	3.58463
85	280	5.15051
86	35	0.421064
86	50	3.05336
86	146	3.15663
86	148	2.69087
86	197	2.99531
86	213	2.92347
86	250	3.08031
86	251	3.63523
86	256	3.29142
86	269	6.37599
87	13	2.19558
87	41	1.02557
87	77	2.06401
87	150	2.16818
87	176	2.68955
87	188	2.85214
87	226	3.54591
87	261	4.48694
87	278	5.25359
87	281	5.34025
88	32	0.000366855
88	68	0.987773
88	208	3.41619
88	213	2.67266
88	248	3.22014
88	250	2.8295
88	252	3.37768
88	274	4.36534
88	283	4.49323
88	292	6.28974
89	16	1.43224
89	69	2.38622
89	70	1.91836
89	186	3.64772
89	196	3.67321
89	199	2.14746
89	204	2.8577
89	232	3.63845
89	286	4.66426
89	296	5.23886
90	6	1.37721
90	96	1.93384
90	132	2.31125
90	146	3.74458
90	163	2.612
90	210	2.63622
90	220	2.01789
90	261	4.80198
90	263	5.35525
90	300	4.83795
91	85	1.94214
91	134	2.99372
91	170	1.79896
91	182	3.81212
91	234	3.24434
91	254	3.79523
91	274	4.54997
91	288	3.20961
91	294	3.10591
91	300	3.17167
92	30	0.620074
92	209	2.59564
92	212	3.08025
92	220	2.41816
92	228	3.1285
92	241	3.80784
92	269	3.84789
92	278	4.37444
92	286	3.58626
92	296	4.16086
93	13	1.45234
93	108	2.76961
93	119	0.83059
93	147	2.33036
93	174	1.66992
93	251	3.16491
93	278	4.81262
93	285	4.4062
93	287	5.15671
93	295	5.04851
94	71	2.38945
94	159	1.55922
94	160	2.03458
94	260	2.92413
94	265	2.95009
94	266	4.06519
94	282	3.10128
94	289	4.36445
94	291	4.79875
94	297	3.43789
95	21	1.14705
95	161	1.68946
95	179	1.55737
95	184	2.49508
95	229	2.44833
95	278	4.87652
95	283	3.27189
95	284	4.65486
95	293	4.95617
95	296	4.52894
96	90	1.93384
96	197	2.31893
96	208	2.99062
96	222	2.10066
96	245	3.12779
96	264	3.45739
96	277	3.14413
96	278	4.60657
96	290	4.72796
96	298	3.22541
97	72	0.992206
97	119	1.51344
97	169	2.32464
97	197	3.20783
97	267	4.52098
97	275	4.29465
97	280	2.71064
97	286	3.3205
97	289	3.44736
97	296	5.28189
98	136	2.84281
98	173	1.92487
98	216	1.97687
98	222	2.59267
98	246	3.67895
98	254	3.67704
98	270	2.89269
98	287	5.44266
98	289	2.8941
98	295	3.71117
99	79	1.42672
99	176	1.52519
99	187	2.23491
99	225	3.45223
99	236	3.00203
99	260	3.18172
99	265	4.13475
99	273	2.56382
99	284	4.70373
99	299	5.41935
100	156	2.19372
100	176	2.03255
100	182	3.49421
100	202	1.82919
100	209	2.89683
100	222	2.39295
100	235	2.54485
100	238	5.49739
100	265	4.10823
100	300	4.66671
101	126	1.95758
101	149	2.30838
101	184	3.15829
101	192	2.64342
101	195	2.13547
101	199	1.05736
101	200	2.9673
101	215	4.27283
101	244	6.11855
101	283	5.00082
102	139	1.52164
102	148	1.98585
102	149	2.28104
102	189	0.249155
102	231	3.33798
102	258	3.57007
102	259	4.12988
102	273	4.15085
102	287	5.28826
102	288	5.10835
103	50	3.5412
103	61	1.67291
103	63	1.95229
103	85	3.01082
103	111	2.93895
103	137	1.93774
103	225	3.80736
103	242	3.83022
103	246	3.86089
103	297	5.07434
104	31	1.45144
104	147	1.23492
104	178	1.3054
104	196	2.47262
104	259	3.58185
104	280	4.31575
104	281	4.21861
104	282	4.07458
104	293	4.51388
104	294	4.45662
105	124	1.1332
105	125	1.82185
105	169	2.91483
105	203	2.8533
105	221	2.96008
105	222	3.75993
105	232	3.42505
105	240	2.82142
105	289	4.93569
105	300	5.00688
106	118	0.897073
106	138	2.2999
106	194	3.96392
106	242	3.22128
106	249	2.82237
106	276	2.56746
106	282	3.82175
106	285	3.73939
106	291	4.31235
106	297	3.97523
107	35	1.79683
107	69	1.88988
107	131	2.40027
107	137	1.70203
107	190	3.12324
107	229	2.61661
107	291	5.17576
107	293	3.59001
107	294	5.32114
107	297	4.00854
108	22	1.69839
108	93	2.76961
108	146	2.66412
108	156	1.78439
108	227	4.04592
108	243	3.5164
108	245	2.80974
108	253	3.36822
108	258	3.67423
108	295	5.28422
109	20	2.67436
109	215	2.6082
109	228	2.62915
109	249	2.87131
109	253	2.19499
109	259	3.47185
109	272	3.3239
109	280	3.75662
109	294	4.15143
109	298	3.94186
110	131	2.42725
110	135	2.24015
110	204	2.47705
110	209	3.06976
110	217	1.69579
110	243	3.53985
110	250	3.63848
110	262	3.82796
110	276	4.1526
110	288	4.55379
111	18	3.01427
111	68	1.80248
111	103	2.93895
111	115	2.32242
111	162	1.8474
111	183	2.44748
111	191	3.39948
111	206	4.41151
111	224	4.20823
111	277	5.21359
112	28	1.48333
112	59	1.56675
112	80	2.77191
112	160	2.475
112	161	0.756009
112	258	3.73411
112	262	3.86439
112	268	5.14842
112	286	4.32004
112	298	5.50274
113	22	3.00918
113	40	1.80675
113	115	4.64043
113	122	1.11415
113	190	2.87222
113	193	3.03592
113	218	2.38126
113	226	2.78384
113	279	4.81093
113	287	5.13788
114	5	0.826616
114	7	2.86131
114	69	3.00192
114	146	3.94182
114	163	2.80924
114	170	4.51784
114	178	2.04562
114	219	2.92732
114	237	4.30699
114	253	4.38803
115	75	2.52398
115	111	2.32242
115	113	4.64043
115	203	2.00187
115	233	2.95275
115	236	2.46425
115	244	2.07891
115	259	3.98436
115	263	3.87197
115	298	4.78214
116	21	1.71023
116	63	2.11147
116	78	1.3659
116	146	3.31338
116	223	3.40548
116	245	3.44005
116	255	1.88454
116	274	4.7729
116	279	5.45683
116	291	4.17202
117	41	0.903107
117	55	3.10965
117	67	1.50332
117	167	1.81729
117	200	3.30666
117	212	2.87017
117	223	3.39918
117	251	4.676
117	269	4.90685
117	289	5.13006
118	53	2.37376
118	106	0.897073
118	134	3.03625
118	137	1.91652
118	163	2.78444
118	212	3.06739
118	246	3.83967
118	256	3.6349
118	296	5.04572
118	300	5.02714
119	11	0.126576
119	93	0.83059
119	97	1.51344
119	159	1.45301
119	245	4.3199
119	270	4.16153
119	278	4.56159
119	291	5.05187
119	292	4.77781
119	294	4.83792
120	85	1.22439
120	167	2.75026
120	179	2.8018
120	182	3.09437
120	201	3.90459
120	209	2.49699
120	261	3.43011
120	267	3.52453
120	270	4.09897
120	300	4.26687
121	63	2.32669
121	65	2.30321
121	185	2.84131
121	190	3.73335
121	192	3.76062
121	212	3.09168
121	226	3.64496
121	227	2.42929
121	235	3.30091
121	249	4.29589
121	284	4.74998
122	14	2.88746
122	113	1.11415
122	131	2.21945
122	184	3.24464
122	189	2.89988
122	219	2.59629
122	240	3.34039
122	242	4.81019
122	266	4.26138
122	270	4.46393
122	284	4.64233
123	14	1.2495
123	22	2.17016
123	67	2.71175
123	70	1.27062
123	127	2.41304
123	195	3.77104
123	200	2.94766
123	257	4.655
123	266	4.91749
123	273	4.72677
123	291	5.65105
124	1	0.824738
124	4	0.298496
124	105	1.1332
124	176	4.96087
124	181	2.17694
124	273	5.9995
124	275	3.23697
124	281	4.22217
124	290	4.55918
124	291	4.56874
124	293	4.51744
125	54	1.09874
125	59	1.19127
125	105	1.82185
125	202	1.3381
125	206	3.6911
125	238	5.0063
125	244	4.62667
125	260	3.38278
125	283	4.58753
125	288	4.60844
125	299	5.15643
126	60	1.56548
126	101	1.95758
126	201	2.32622
126	232	2.54911
126	233	2.28265
126	235	2.60745
126	246	3.54184
126	255	3.75048
126	288	6.10817
126	293	5.04112
126	296	4.74789
127	49	0.234166
127	123	2.41304
127	192	2.54026
127	210	2.59528
127	217	2.18152
127	229	3.89079
127	246	4.01694
127	264	4.28739
127	270	5.03652
127	276	4.63833
127	286	4.64839
128	176	1.79874
128	184	2.28361
128	185	1.85144
128	197	2.37741
128	209	2.79716
128	241	4.00937
128	262	4.13639
128	266	4.06244
128	272	4.11385
128	282	4.30541
128	293	4.7447
129	44	1.11009
129	46	1.95284
129	163	1.74758
129	220	3.20292
129	226	3.26529
129	261	3.04758
129	262	2.88515
129	269	4.63264
129	277	4.52594
129	279	5.17633
129	284	4.93754
130	15	0.623368
130	172	2.81973
130	186	3.67145
130	192	1.98104
130	215	4.08228
130	267	2.4041
130	270	4.94913
130	285	3.40391
130	286	4.56101
130	288	4.83119
130	290	3.15875
131	22	3.95687
131	39	1.63566
131	40	2.75444
131	107	2.40027
131	110	2.42725
131	122	2.21945
131	143	2.62723
131	182	4.1882
131	227	3.7599
131	231	4.29289
131	294	6.17542
132	90	2.31125
132	149	2.32085
132	157	3.35404
132	213	1.57349
132	215	3.71708
132	217	2.37939
132	232	3.17
132	234	3.01155
132	246	3.56435
132	293	5.06364
132	299	6.02164
133	30	0.196391
133	64	2.25883
133	168	2.7174
133	173	4.20441
133	177	2.27068
133	210	2.90606
133	214	2.96621
133	224	3.90728
133	260	4.00369
133	285	5.30535
133	293	5.82701
134	91	2.99372
134	118	3.03625
134	148	3.36225
134	168	3.41564
134	244	4.01187
134	245	4.08198
134	248	4.63622
134	280	2.01046
134	286	2.62033
134	289	2.74718
134	295	3.56425
135	19	1.14361
135	56	1.84384
135	61	2.10438
135	110	2.24015
135	180	1.84269
135	203	3.32625
135	223	3.48452
135	262	4.46817
135	265	4.92136
135	284	5.49034
135	286	5.60293
136	12	2.35595
136	34	1.58281
136	98	2.84281
136	195	2.88359
136	218	1.77314
136	233	4.85299
136	234	1.88645
136	257	4.87464
136	268	6.14538
136	284	3.54823
136	290	3.73657
137	73	1.84963
137	103	1.93774
137	107	1.70203
137	118	1.91652
137	228	3.9549
137	241	3.17813
137	246	3.43455
137	254	3.77931
137	273	4.40752
137	277	5.65217
137	283	4.66193
138	7	1.60989
138	71	2.53838
138	106	2.2999
138	144	1.41555
138	194	4.39545
138	195	4.25161
138	214	2.03558
138	262	3.5729
138	285	4.37472
138	290	4.93812
138	295	5.05261
139	11	1.95344
139	102	1.52164
139	147	1.92178
139	148	2.16276
139	236	3.19772
139	264	2.68703
139	269	4.59453
139	270	4.72103
139	275	3.59722
139	287	5.46517
139	296	4.66137
140	70	1.46545
140	78	0.925731
140	84	1.90662
140	181	2.45475
140	203	2.61379
140	226	4.49722
140	238	3.7676
140	241	3.99005
140	272	4.44833
140	279	5.01667
140	298	5.39406
141	1	2.82136
141	55	2.82792
141	68	3.47237
141	83	1.98817
141	150	2.66317
141	175	3.14875
141	210	2.31038
141	230	3.17736
141	251	4.65437
141	274	4.48487
141	296	4.93809
142	18	2.42948
142	54	1.23436
142	172	2.7326
142	181	3.00121
142	198	1.58945
142	224	3.48608
142	237	3.50091
142	246	3.5617
142	264	4.11288
142	277	5.77932
142	284	5.0404
143	36	1.70938
143	131	2.62723
143	186	3.59403
143	218	2.85924
143	263	4.75612
143	264	1.83605
143	272	4.72057
143	275	2.74625
143	278	5.27177
143	283	2.55335
143	296	3.8104
144	38	3.22396
144	42	1.58533
144	80	2.45354
144	138	1.41555
144	157	1.9206
144	196	3.18085
144	210	2.76112
144	277	4.5092
144	297	4.93628
144	298	5.53698
144	300	4.96284
145	22	1.77391
145	62	1.76364
145	84	2.03094
145	150	2.63535
145	198	2.03391
145	236	1.68097
145	259	4.7206
145	260	3.38019
145	287	5.45792
145	292	5.34946
145	294	5.40018
145	295	5.35974
146	9	1.85159
146	86	3.15663
146	90	3.74458
146	108	2.66412
146	114	3.94182
146	116	3.31338
146	164	2.59632
146	232	4.60332
146	247	2.45213
146	267	3.3009
146	269	5.89075
146	290	4.05555
147	5	2.8611
147	50	3.11473
147	93	2.33036
147	104	1.23492
147	139	1.92178
147	225	3.66656
147	227	3.60668
147	240	3.82072
147	260	3.60066
147	280	5.22584
147	283	4.80541
147	299	5.37431
148	86	2.69087
148	102	1.98585
148	134	3.36225
148	139	2.16276
148	175	2.70656
148	190	3.22935
148	205	3.84485
148	239	3.32241
148	241	3.56258
148	243	4.05337
148	272	5.0341
148	299	5.61529
149	67	3.07215
149	70	2.34641
149	101	2.30838
149	102	2.28104
149	132	2.32085
149	180	3.83216
149	186	2.35954
149	196	2.38503
149	251	4.23278
149	263	5.36485
149	266	5.41333
149	300	5.64833
150	12	2.12323
150	87	2.16818
150	141	2.66317
150	145	2.63535
150	164	2.23414
150	229	3.62693
150	239	2.46149
150	243	4.5232
150	258	3.16422
150	266	5.45252
150	281	5.83951
150	297	4.67785
151	176	1.58052
151	180	2.3985
151	205	1.6256
151	252	2.79237
151	263	3.93119
151	264	3.61445
151	265	3.6562
151	268	4.30436
151	275	4.52465
151	282	4.08719
151	283	4.33174
151	294	4.72316
152	24	1.27188
152	83	2.39353
152	181	3.29618
152	220	3.60074
152	223	2.388
152	226	3.54707
152	247	3.02885
152	249	4.19799
152	250	3.35438
152	264	4.40784
152	289	4.63327
152	295	5.45034
153	183	3.30777
153	196	2.35338
153	201	1.67974
153	203	3.97887
153	231	2.70879
153	238	3.08305
153	242	2.86469
153	254	5.19028
153	258	2.94088
153	281	4.09937
153	287	4.65907
153	298	4.70951
154	76	1.95338
154	177	0.943323
154	195	2.08898
154	208	3.8773
154	234	3.52081
154	251	3.84553
154	252	3.83879
154	265	4.70261
154	270	3.61905
154	284	5.27159
154	286	3.4936
154	295	4.43752
155	26	1.29391
155	47	0.00055561
155	78	0.23881
155	186	3.35217
155	193	3.27203
155	206	3.59457
155	246	3.61028
155	268	4.88743
155	274	4.36311
155	283	5.48833
155	289	4.72656
155	296	6.74538
156	12	1.34778
156	50	3.0501
156	84	2.22109
156	100	2.19372
156	108	1.78439
156	193	3.52182
156	199	1.74541
156	266	6.29945
156	267	4.30519
156	272	4.72848
156	279	5.29682
156	281	5.06407
157	49	2.49605
157	81	0.887854
157	132	3.35404
157	144	1.9206
157	176	5.35887
157	201	3.75635
157	219	3.05407
157	226	3.31182
157	266	4.71917
157	275	4.12095
157	276	3.70783
157	285	4.87977
158	10	0.812046
158	32	2.2464
158	60	1.79132
158	216	2.7176
158	219	2.91961
158	235	3.83527
158	236	3.26395
158	256	3.19578
158	269	5.10058
158	272	4.63611
158	294	5.46364
158	298	5.58184
159	50	3.20546
159	94	1.55922
159	119	1.45301
159	186	3.75731
159	190	3.51348
159	199	3.48045
159	226	3.42509
159	241	3.41233
159	268	5.29258
159	280	3.70528
159	286	4.31515
159	289	4.442
160	54	1.88271
160	94	2.03458
160	112	2.475
160	213	3.55093
160	223	3.87619
160	230	2.1534
160	239	3.64753
160	243	2.49296
160	272	3.60506
160	279	5.92755
160	281	4.22201
160	297	5.70424
161	55	1.86767
161	95	1.68946
161	112	0.756009
161	185	1.37782
161	237	3.90791
161	272	3.64022
161	282	3.83178
161	283	6.87259
161	291	4.32237
161	292	4.40764
161	294	4.46775
161	295	4.42731
162	111	1.8474
162	190	3.99837
162	204	2.42958
162	231	2.93798
162	233	3.10931
162	242	3.09388
162	246	3.12455
162	249	3.18515
162	261	3.47526
162	268	6.04355
162	273	3.75085
162	299	4.57417
163	53	2.39918
163	90	2.612
163	114	2.80924
163	118	2.78444
163	129	1.74758
163	181	3.05666
163	191	2.83736
163	249	3.92569
163	258	3.91062
163	261	4.88142
163	282	4.92508
163	298	5.67925
164	58	0.1917
164	71	2.44429
164	146	2.59632
164	150	2.23414
164	208	3.10669
164	213	1.74053
164	274	4.35057
164	285	4.28063
164	287	5.06672
164	291	4.85359
164	297	4.51646
164	299	6.18868
165	66	1.81981
165	75	2.56618
165	170	2.7616
165	190	4.25783
165	229	3.75121
165	236	1.50918
165	239	3.91652
165	245	3.94081
165	248	2.10808
165	250	3.97676
165	282	5.81976
165	287	5.28614
165	292	5.17768
166	17	1.12566
166	36	2.04677
166	53	2.54434
166	69	3.80297
166	77	1.79402
166	79	2.11049
166	168	2.70423
166	238	4.37722
166	242	4.15886
166	255	4.39817
166	294	5.88549
166	297	5.92164
166	298	6.00368
167	117	1.81729
167	120	2.75026
167	184	2.54607
167	191	2.61811
167	195	1.52325
167	240	3.40391
167	264	3.77833
167	274	3.43152
167	278	4.92751
167	279	4.94464
167	284	4.70585
167	295	5.16339
167	299	5.26962
168	60	2.24271
168	75	3.21989
168	133	2.7174
168	134	3.41564
168	166	2.70423
168	182	2.40326
168	184	3.25726
168	224	5.68899
168	227	3.4995
168	244	3.32999
168	262	4.39487
168	273	4.84537
168	288	5.1207
169	47	1.28213
169	57	2.30485
169	74	2.32037
169	97	2.32464
169	105	2.91483
169	175	4.1199
169	225	3.89963
169	240	4.72381
169	241	3.35007
169	272	4.82159
169	278	5.37279
169	286	4.58461
169	288	4.85479
170	24	3.51376
170	91	1.79896
170	114	4.51784
170	165	2.7616
170	177	1.64915
170	184	2.74438
170	211	2.85041
170	213	2.76633
170	219	6.02516
170	225	3.65266
170	274	4.45902
170	282	4.76617
170	295	5.3617
171	52	1.7185
171	56	1.19484
171	184	2.57565
171	193	3.30512
171	213	2.70351
171	224	3.28702
171	242	4.14121
171	248	3.37864
171	257	5.62397
171	275	3.86217
171	284	4.84134
171	287	5.40707
171	300	4.83083
172	40	2.14641
172	72	1.5109
172	130	2.81973
172	142	2.7326
172	210	3.17288
172	234	4.04173
172	236	1.50918
172	248	2.10808
172	258	4.64006
172	287	5.28614
172	288	5.49617
172	292	5.17768
172	295	6.25005
173	30	3.46511
173	40	2.45651
173	98	1.92487
173	133	4.20441
173	182	3.89027
173	187	2.67944
173	192	2.4736
173	223	3.33569
173	241	3.3472
173	256	3.37838
173	278	5.36991
173	288	4.85192
173	293	5.44957
174	7	3.68434
174	51	1.5892
174	93	1.66992
174	175	3.398
174	182	3.99626
174	220	3.44463
174	251	3.7532
174	252	2.36789
174	261	4.332
174	272	3.70008
174	281	4.31704
174	287	5.745
174	288	4.88292
175	1	2.92766
175	33	2.48067
175	48	2.27693
175	66	2.18112
175	141	3.14875
175	148	2.70656
175	169	4.1199
175	174	3.398
175	207	2.10384
175	225	5.06755
175	235	5.12638
175	264	5.39153
175	266	5.9381
176	29	2.21672
176	87	2.68955
176	99	1.52519
176	100	2.03255
176	124	4.96087
176	128	1.79874
176	151	1.58052
176	157	5.35887
176	246	4.25768
176	259	5.27406
176	260	3.93365
176	290	5.7987
176	300	5.44515
177	133	2.27068
177	154	0.943323
177	170	1.64915
177	180	2.02106
177	219	2.79925
177	253	3.38684
177	266	4.46435
177	267	4.09246
177	277	4.4337
177	280	5.17144
177	289	5.90816
177	296	4.85337
177	297	4.86078
178	11	2.24715
178	74	2.36238
178	104	1.3054
178	114	2.04562
178	200	3.54399
178	219	3.55294
178	220	3.45852
178	222	2.90889
178	251	4.91334
178	271	4.33637
178	287	5.75888
178	288	4.8968
178	290	5.53619
179	95	1.55737
179	120	2.8018
179	202	2.69404
179	208	3.60853
179	224	3.4485
179	231	3.61828
179	261	4.15556
179	265	4.43384
179	266	4.62187
179	272	4.67328
179	273	2.46563
179	274	3.48306
179	299	5.32116
180	10	2.52973
180	45	1.51084
180	79	2.99662
180	85	3.22065
180	135	1.84269
180	149	3.83216
180	151	2.3985
180	177	2.02106
180	242	5.04499
180	260	4.75163
180	270	4.69679
180	295	5.51526
180	299	6.52528
181	81	1.84886
181	84	3.18987
181	124	2.17694
181	140	2.45475
181	142	3.00121
181	152	3.29618
181	163	3.05666
181	197	3.99514
181	247	3.7546
181	261	4.35666
181	262	4.19423
181	264	5.1336
181	291	6.41373
182	8	2.56331
182	37	1.84378
182	91	3.81212
182	100	3.49421
182	120	3.09437
182	131	4.1882
182	168	2.40326
182	173	3.89027
182	174	3.99626
182	202	4.60853
182	211	4.86357
182	217	4.53438
182	224	3.59315
183	48	1.41359
183	49	2.31854
183	61	2.93476
183	111	2.44748
183	153	3.30777
183	191	2.69689
183	245	2.90566
183	254	6.40763
183	259	4.74101
183	265	4.35362
183	272	4.59306
183	276	3.53032
183	293	5.22391
184	95	2.49508
184	101	3.15829
184	122	3.24464
184	128	2.28361
184	167	2.54607
184	168	3.25726
184	170	2.74438
184	171	2.57565
184	194	3.75127
184	199	4.20759
184	257	4.4914
184	278	6.16218
184	297	5.95601
185	20	4.10432
185	71	0.952175
185	77	2.10884
185	121	2.84131
185	128	1.85144
185	161	1.37782
185	230	3.75571
185	250	3.52738
185	254	4.30848
185	277	5.29053
185	283	5.19111
185	292	5.94624
185	298	5.37181
185	299	5.76001
186	26	1.41103
186	89	3.64772
186	130	3.67145
186	143	3.59403
186	149	2.35954
186	155	3.35217
186	159	3.75731
186	188	4.16217
186	190	4.94432
186	196	2.63427
186	216	3.74417
186	237	5.10474
186	247	4.33771
186	266	5.66257
187	26	2.11715
187	56	0.989291
187	58	1.90195
187	99	2.23491
187	173	2.67944
187	189	3.88904
187	244	3.54444
187	258	4.47904
187	260	4.69354
187	268	4.81719
187	269	5.21834
187	276	4.23921
187	288	5.33515
187	298	6.24767
188	1	2.22685
188	3	1.62619
188	13	1.91157
188	71	2.66913
188	87	2.85214
188	186	4.16217
188	211	5.1116
188	216	2.71819
188	223	3.80568
188	227	3.70071
188	240	4.31631
188	249	6.01821
188	296	5.62632
188	297	5.63373
189	54	2.55182
189	80	3.89061
189	102	0.249155
189	122	2.89988
189	187	3.88904
189	205	3.75828
189	228	5.33357
189	247	4.05134
189	252	4.92506
189	255	5.36853
189	259	3.32176
189	279	3.58071
189	288	4.30023
189	300	4.26229
190	23	2.37352
190	40	2.75429
190	60	3.22606
190	107	3.12324
190	113	2.87222
190	121	3.73335
190	148	3.22935
190	159	3.51348
190	162	3.99837
190	165	4.25783
190	186	4.94432
190	209	4.62002
190	235	5.64916
190	240	4.54927
190	258	5.24795
191	29	0.969692
191	44	2.04715
191	47	2.0056
191	60	2.70027
191	111	3.39948
191	163	2.83736
191	167	2.61811
191	183	2.69689
191	199	4.14167
191	223	4.06204
191	262	4.85243
191	270	5.6962
191	273	6.41359
191	274	7.43102
191	291	6.22721
192	52	2.15541
192	63	2.31909
192	101	2.64342
192	121	3.76062
192	127	2.54026
192	130	1.98104
192	173	2.4736
192	221	3.36835
192	231	4.04112
192	234	4.91857
192	263	5.13166
192	269	5.12075
192	280	5.52883
192	289	5.34396
192	290	6.76869
193	13	3.42548
193	17	2.08506
193	56	2.50825
193	63	3.45753
193	113	3.03592
193	155	3.27203
193	156	3.52182
193	171	3.30512
193	205	4.90647
193	207	2.44944
193	227	4.64656
193	235	5.47198
193	239	4.52287
193	244	4.47705
193	292	7.00197
194	18	2.25885
194	69	2.02521
194	106	3.96392
194	138	4.39545
194	184	3.75127
194	237	3.33028
194	242	5.31683
194	245	2.85284
194	252	3.43698
194	255	3.88045
194	271	4.013
194	277	4.45818
194	280	4.97296
194	285	4.64943
194	289	4.78809
195	52	2.75029
195	67	2.33102
195	101	2.13547
195	123	3.77104
195	136	2.88359
195	138	4.25161
195	154	2.08898
195	167	1.52325
195	257	6.65575
195	269	4.61281
195	278	5.13936
195	280	5.02089
195	289	4.83602
195	296	4.92578
195	299	5.16935
196	2	2.0281
196	42	3.0249
196	89	3.67321
196	104	2.47262
196	144	3.18085
196	149	2.38503
196	153	2.35338
196	186	2.63427
196	197	3.04717
196	201	3.94677
196	262	5.33819
196	266	5.68806
196	280	6.46354
196	286	5.79384
196	288	6.06402
197	16	2.23578
197	25	0.211842
197	69	3.18977
197	86	2.99531
197	96	2.31893
197	97	3.20783
197	128	2.37741
197	181	3.99514
197	196	3.04717
197	202	3.29403
197	244	6.58261
197	266	6.07546
197	268	6.11351
197	285	5.81398
197	287	6.60007
197	289	5.95264
198	40	1.58592
198	142	1.58945
198	145	2.03391
198	223	3.41946
198	233	4.01882
198	239	3.19079
198	245	4.60691
198	255	3.0514
198	265	4.66305
198	267	4.47919
198	268	5.31121
198	277	4.62326
198	278	5.45368
198	283	4.91477
198	291	5.33888
198	294	5.73002
199	81	5.42797
199	83	3.42553
199	89	2.14746
199	101	1.05736
199	156	1.74541
199	159	3.48045
199	184	4.20759
199	191	4.14167
199	204	3.99429
199	205	3.7678
199	224	4.81306
199	244	4.66945
199	246	5.1694
199	259	6.18578
199	266	4.16231
199	267	5.61454
200	1	3.95308
200	29	3.3234
200	58	2.02
200	67	2.6134
200	71	3.69285
200	101	2.9673
200	117	3.30666
200	123	2.94766
200	178	3.54399
200	215	4.70429
200	228	4.72524
200	235	3.61718
200	251	5.78609
200	265	5.18056
200	285	5.52919
200	290	6.09258
201	19	1.55831
201	120	3.90459
201	126	2.32622
201	153	1.67974
201	157	3.75635
201	196	3.94677
201	207	3.10679
201	216	2.78666
201	224	4.1324
201	254	4.48683
201	273	3.56841
201	277	5.27512
201	284	5.68672
201	286	5.1202
201	287	6.25246
201	299	6.42395
202	2	1.45927
202	4	1.8739
202	100	1.82919
202	125	1.3381
202	179	2.69404
202	182	4.60853
202	197	3.29403
202	209	4.01116
202	221	3.73423
202	227	3.874
202	238	6.82169
202	257	4.59998
202	266	5.93492
202	285	5.57118
202	291	6.14414
202	292	6.22941
203	29	3.51009
203	44	2.61334
203	48	2.08469
203	55	3.44646
203	105	2.8533
203	115	2.00187
203	135	3.32625
203	140	2.61379
203	153	3.97887
203	211	3.88248
203	217	3.55329
203	254	7.07873
203	273	5.36455
203	282	5.79824
203	296	5.9443
203	297	5.95171
204	50	3.7193
204	64	2.46036
204	89	2.8577
204	110	2.47705
204	162	2.42958
204	199	3.99429
204	206	4.51355
204	211	3.67348
204	215	1.17937
204	251	4.30117
204	253	5.30238
204	268	4.94454
204	269	5.34568
204	271	4.87045
204	282	5.58924
204	298	6.34341
205	6	2.25534
205	20	1.25338
205	39	1.45896
205	43	1.18996
205	148	3.84485
205	151	1.6256
205	189	3.75828
205	193	4.90647
205	199	3.7678
205	260	7.00518
205	261	4.65347
205	263	5.20675
205	282	5.36275
205	290	5.84379
205	298	6.11692
205	299	5.75239
206	30	3.35392
206	31	2.63041
206	33	3.04826
206	46	3.90193
206	61	3.50068
206	62	1.29532
206	64	2.92194
206	111	4.41151
206	125	3.6911
206	155	3.59457
206	204	4.51355
206	231	4.24201
206	240	5.58469
206	255	4.54355
206	283	6.56938
206	298	6.19668
207	11	2.57439
207	42	2.18492
207	75	2.12881
207	175	2.10384
207	193	2.44944
207	201	3.10679
207	210	2.90075
207	253	5.02964
207	260	4.54815
207	263	5.22639
207	267	4.76754
207	269	5.07294
207	270	5.34198
207	278	5.74204
207	281	5.52642
207	285	5.30003
208	24	2.64254
208	33	2.86765
208	88	3.41619
208	96	2.99062
208	154	3.8773
208	164	3.10669
208	179	3.60853
208	230	3.04496
208	243	3.38453
208	245	4.68909
208	251	5.27996
208	252	3.16443
208	272	4.49662
208	276	5.31374
208	281	5.11358
208	293	7.00733
209	64	3.05307
209	92	2.59564
209	100	2.89683
209	110	3.06976
209	120	2.49699
209	128	2.79716
209	190	4.62002
209	202	4.01116
209	213	4.18211
209	221	4.26264
209	226	4.89747
209	238	5.30966
209	255	5.33061
209	256	4.23022
209	261	4.67976
209	267	5.5671
210	62	2.34212
210	90	2.63622
210	127	2.59528
210	133	2.90606
210	141	2.31038
210	144	2.76112
210	172	3.17288
210	207	2.90075
210	211	3.42693
210	239	3.43945
210	257	4.28913
210	281	5.48672
210	288	6.91976
210	291	5.83329
210	298	6.09686
210	300	6.88182
211	3	2.05451
211	9	1.7025
211	39	5.35724
211	62	2.09717
211	73	3.11471
211	170	2.85041
211	182	4.86357
211	188	5.1116
211	203	3.88248
211	204	3.67348
211	210	3.42693
211	255	5.34539
211	256	4.27669
211	271	5.18979
211	272	5.71702
211	274	5.60142
211	285	5.82622
212	23	1.73185
212	27	1.70937
212	49	3.15467
212	92	3.08025
212	117	2.87017
212	118	3.06739
212	121	3.09168
212	215	4.71349
212	234	4.00795
212	256	4.71483
212	260	4.23672
212	261	5.16437
212	262	5.00194
212	272	5.42918
212	278	5.98038
212	281	5.76477
212	298	6.37491
213	31	1.70626
213	86	2.92347
213	88	2.67266
213	132	1.57349
213	160	3.55093
213	164	1.74053
213	170	2.76633
213	171	2.70351
213	209	4.18211
213	229	3.75595
213	273	4.61695
213	274	5.63438
213	280	6.06567
213	284	5.96249
213	291	6.3151
213	294	6.46047
213	299	7.47249
214	24	1.47733
214	133	2.96621
214	138	2.03558
214	219	3.49477
214	223	3.72825
214	228	4.51653
214	230	3.41053
214	243	3.7501
214	251	4.11476
214	252	3.53
214	261	4.69355
214	265	4.97184
214	272	4.86219
214	279	5.77961
214	281	5.47915
214	282	5.40283
214	290	5.88387
215	10	0.905944
215	51	3.46501
215	61	3.66911
215	101	4.27283
215	109	2.6082
215	130	4.08228
215	132	3.71708
215	200	4.70429
215	204	1.17937
215	212	4.71349
215	221	4.99777
215	235	3.92917
215	249	5.91769
215	253	5.15117
215	260	4.66968
215	269	5.19448
215	282	6.91708
216	6	1.70318
216	98	1.97687
216	158	2.7176
216	186	3.74417
216	188	2.71819
216	201	2.78666
216	222	5.55113
216	228	4.17596
216	240	4.61262
216	241	3.39919
216	243	3.88998
216	260	6.45302
216	273	4.62858
216	278	5.42191
216	279	5.43905
216	287	5.76599
216	289	5.11856
217	29	3.29124
217	77	2.31785
217	110	1.69579
217	127	2.18152
217	132	2.37939
217	182	4.53438
217	203	3.55329
217	221	3.66008
217	226	3.92908
217	229	5.38985
217	233	4.50417
217	248	4.25468
217	250	5.62327
217	271	4.8606
217	276	6.13739
217	285	5.49703
217	287	6.28311
218	35	2.88312
218	51	2.31938
218	66	1.7715
218	80	3.44219
218	113	2.38126
218	136	1.77314
218	143	2.85924
218	219	3.8634
218	228	4.88515
218	234	4.13285
218	248	4.44674
218	267	5.22832
218	279	6.14823
218	284	5.79462
218	290	5.98297
218	292	6.34731
218	293	6.21075
218	300	5.89893
219	68	4.61304
219	71	3.99758
219	114	2.92732
219	122	2.59629
219	157	3.05407
219	158	2.91961
219	170	6.02516
219	177	2.79925
219	178	3.55294
219	214	3.49477
219	218	3.8634
219	236	4.35256
219	239	4.01304
219	240	4.75233
219	251	5.79504
219	267	5.30143
219	277	5.64267
219	298	6.67045
220	12	2.65544
220	26	2.85134
220	57	3.50305
220	90	2.01789
220	92	2.41816
220	129	3.20292
220	152	3.60074
220	174	3.44463
220	178	3.45852
220	232	2.74237
220	251	4.93963
220	255	5.37635
220	276	4.9734
220	279	5.58191
220	284	6.36568
220	288	6.30143
220	293	6.667
220	300	6.26349
221	21	1.70414
221	46	1.88108
221	59	2.3295
221	64	2.77614
221	85	2.99003
221	105	2.96008
221	192	3.36835
221	202	3.73423
221	209	4.26264
221	215	4.99777
221	217	3.66008
221	248	4.58031
221	263	4.76062
221	267	5.29018
221	268	6.1222
221	282	7.11415
221	290	6.38606
221	297	7.45075
222	27	4.07876
222	52	2.54581
222	59	3.95129
222	96	2.10066
222	98	2.59267
222	100	2.39295
222	105	3.75993
222	178	2.90889
222	216	5.55113
222	237	4.27656
222	240	5.56891
222	245	3.79912
222	255	4.82673
222	265	5.24708
222	271	4.95928
222	274	5.37092
222	279	6.05485
222	287	6.38179
223	19	1.94102
223	62	3.14919
223	116	3.40548
223	117	3.39918
223	135	3.48452
223	152	2.388
223	160	3.87619
223	173	3.33569
223	188	3.80568
223	191	4.06204
223	198	3.41946
223	214	3.72825
223	224	4.73343
223	264	5.36022
223	280	5.6033
223	286	6.21317
223	287	6.85348
223	295	7.15709
223	298	6.90393
224	30	3.16798
224	81	2.33373
224	85	4.28009
224	111	4.20823
224	133	3.90728
224	142	3.48608
224	168	5.68899
224	171	3.28702
224	179	3.4485
224	182	3.59315
224	199	4.81306
224	201	4.1324
224	223	4.73343
224	229	4.33946
224	233	5.33279
224	235	4.41364
224	249	5.40862
224	254	5.34611
224	291	6.89861
225	38	2.86233
225	52	3.57857
225	74	0.985565
225	75	3.45724
225	82	2.2111
225	99	3.45223
225	103	3.80736
225	147	3.66656
225	169	3.89963
225	170	3.65266
225	175	5.06755
225	234	3.64712
225	238	5.83853
225	261	6.00155
225	284	5.30889
225	285	5.7424
225	290	5.49724
225	295	7.30635
225	300	6.83831
226	34	1.82863
226	79	3.035
226	87	3.54591
226	113	2.78384
226	121	3.64496
226	129	3.26529
226	140	4.49722
226	152	3.54707
226	157	3.31182
226	159	3.42509
226	209	4.89747
226	217	3.92908
226	235	4.17966
226	256	5.94959
226	262	6.2367
226	271	5.45524
226	284	6.31202
226	290	6.65506
226	296	6.32009
227	8	1.82877
227	73	2.52986
227	108	4.04592
227	121	2.42929
227	131	3.7599
227	147	3.60668
227	168	3.4995
227	188	3.70071
227	193	4.64656
227	202	3.874
227	237	4.64328
227	247	3.83394
227	255	5.19344
227	271	5.326
227	280	6.28596
227	282	6.04479
227	284	5.24901
227	285	5.68252
227	295	6.64032
228	11	4.13003
228	19	2.7293
228	65	1.73259
228	85	4.02304
228	92	3.1285
228	109	2.62915
228	137	3.9549
228	189	5.33357
228	200	4.72524
228	214	4.51653
228	216	4.17596
228	218	4.88515
228	239	4.06707
228	244	4.98897
228	271	3.87431
228	274	6.63088
228	278	5.34539
228	282	5.94682
228	283	6.75876
228	293	5.8649
229	39	1.852
229	51	2.37301
229	71	3.83709
229	95	2.44833
229	107	2.61661
229	127	3.89079
229	150	3.62693
229	165	3.75121
229	213	3.75595
229	217	5.38985
229	224	4.33946
229	234	4.143
229	235	3.76142
229	246	4.6958
229	250	7.33254
229	274	5.44863
229	276	7.84666
229	290	6.23682
229	293	6.19508
229	296	5.90185
230	35	3.32134
230	38	2.36118
230	43	2.04346
230	141	3.17736
230	160	2.1534
230	185	3.75571
230	208	3.04496
230	214	3.41053
230	231	4.96312
230	234	4.59688
230	247	4.04114
230	249	5.21029
230	252	4.98343
230	253	4.8892
230	266	5.96671
230	272	6.31562
230	275	5.3685
230	281	6.93258
230	289	6.26597
230	293	6.64897
231	12	2.4174
231	58	2.98624
231	73	3.1372
231	76	2.36848
231	102	3.33798
