1	59	2.9451
1	77	1.81625
1	78	2.56573
1	92	1.79194
1	136	2.35678
1	214	3.16379
1	218	3.83542
2	5	1.74045
2	50	1.74335
2	176	2.1418
2	185	1.73931
2	200	2.46517
2	282	3.10102
2	297	5.59929
3	71	2.15411
3	91	2.64973
3	140	2.76393
3	164	2.26918
3	169	3.12726
3	182	2.85631
3	285	2.7175
4	12	1.67796
4	148	2.00284
4	216	1.61975
4	221	1.62444
4	246	3.54385
4	278	3.70607
4	297	4.33598
5	2	1.74045
5	9	1.90124
5	17	2.04148
5	171	2.51026
5	224	3.07452
5	260	3.5975
5	265	3.72034
6	60	0.980009
6	154	2.47913
6	211	3.03404
6	222	0.843215
6	254	2.49633
6	283	4.15498
6	288	4.48965
7	126	3.64565
7	139	0.137042
7	165	1.90296
7	184	0.728107
7	249	2.80341
7	294	4.43713
7	300	4.85852
8	36	1.99917
8	65	1.54913
8	104	2.15134
8	167	2.58293
8	196	3.16146
8	213	3.51931
8	294	3.58515
9	5	1.90124
9	59	2.01518
9	71	2.20768
9	126	2.62873
9	140	2.8175
9	148	3.29508
9	186	3.63554
10	11	3.54278
10	112	1.42735
10	163	2.03179
10	214	2.01569
10	218	2.68732
10	244	3.03089
10	258	3.80295
11	10	3.54278
11	17	1.82945
11	88	1.20602
11	130	1.99638
11	192	2.02905
11	231	2.90136
11	278	4.99835
12	4	1.67796
12	171	1.66653
12	231	2.26965
12	257	3.11336
12	273	4.23667
12	287	2.39719
12	288	3.15612
13	137	2.80249
13	254	2.75089
13	267	2.39051
13	269	2.49581
13	271	2.63694
13	272	2.72054
13	277	2.72054
14	152	2.24378
14	215	3.32071
14	290	2.01397
14	292	2.42312
14	295	2.68292
14	296	2.81657
14	298	3.02906
15	93	1.70158
15	212	0.234012
15	257	3.88058
15	267	2.95595
15	271	3.20237
15	272	3.28597
15	277	3.28597
16	162	2.70054
16	172	1.76468
16	181	0.17674
16	202	2.82741
16	249	2.45503
16	291	4.05772
16	300	4.51013
17	5	2.04148
17	11	1.82945
17	115	3.12411
17	140	2.41409
17	170	2.50581
17	171	2.5703
17	257	4.01712
18	116	0.0556666
18	131	1.25463
18	150	0.73826
18	195	4.2973
18	255	2.89618
18	291	4.62152
18	294	4.65255
19	172	0.98228
19	249	1.67263
19	273	2.15693
19	291	3.27532
19	294	3.30635
19	299	3.39378
19	300	3.72773
20	42	1.81814
20	164	3.02895
20	173	3.0118
20	232	4.02751
20	238	4.10673
20	240	0.000191372
20	274	2.60979
21	173	1.09731
21	186	0.781225
21	246	2.59519
21	251	2.71523
21	266	3.24563
21	274	3.62691
21	294	4.47217
22	44	0.132085
22	181	2.40495
22	208	3.12647
22	250	1.69383
22	268	2.71078
22	289	4.05277
22	299	4.37472
23	49	2.03975
23	150	0.972722
23	208	1.80303
23	237	2.21041
23	263	3.09098
23	267	3.51298
23	294	4.88701
24	136	1.32961
24	188	2.42225
24	214	2.13662
24	244	3.15182
24	258	3.92389
24	273	1.73694
24	292	3.83103
25	146	1.56656
25	153	2.32356
25	181	0.710003
25	201	2.19801
25	249	3.44349
25	257	3.29084
25	291	5.04618
26	216	1.56921
26	225	1.84487
26	250	2.24589
26	261	2.36903
26	273	3.52555
26	278	3.65553
26	283	3.31496
27	33	0.333389
27	197	0.0268105
27	223	1.56724
27	286	3.56618
27	289	4.35792
27	296	3.99083
27	299	4.67987
28	134	0.830696
28	146	2.41999
28	199	3.12876
28	200	1.94468
28	247	3.0821
28	253	3.03254
28	274	4.07416
29	95	1.98734
29	152	2.61985
29	167	2.2807
29	196	2.85923
29	213	3.21707
29	266	1.83189
29	292	3.746
30	99	0.181407
30	219	0.6059
30	259	2.56704
30	261	2.38093
30	273	3.53746
30	297	4.29734
30	298	4.94661
31	74	3.73877
31	78	1.80918
31	292	2.32463
31	293	2.40802
31	295	2.58443
31	296	2.71808
31	298	2.93057
32	86	2.27494
32	94	2.25102
32	160	2.53949
32	162	2.92992
32	199	2.96881
32	231	2.57442
32	251	2.99368
33	27	0.333389
33	190	1.5757
33	196	0.832498
33	250	2.269
33	274	4.79822
33	286	3.83621
33	299	4.94989
34	52	2.75186
34	67	1.6241
34	177	1.1597
34	211	3.27182
34	229	3.67562
34	250	1.64647
34	257	4.39258
35	113	3.16093
35	179	2.35772
35	226	0.50736
35	236	0.959763
35	286	3.19721
35	289	3.98895
35	299	4.31089
36	8	1.99917
36	97	1.69124
36	101	3.54374
36	118	2.17098
36	133	1.73708
36	188	2.93164
36	258	4.43328
37	239	2.54226
37	242	3.00578
37	287	1.93025
37	290	2.13717
37	295	2.80612
37	296	2.93976
37	298	3.15225
38	94	1.10467
38	178	0.462688
38	224	1.89106
38	229	2.05666
38	263	4.43736
38	273	3.89694
38	297	4.65682
39	156	2.22533
39	163	2.40802
39	167	2.27198
39	174	1.94124
39	196	2.85051
39	213	3.20835
39	263	3.60345
40	111	1.83176
40	131	2.04132
40	173	2.55245
40	185	2.29292
40	205	2.89126
40	238	3.64738
40	264	3.26112
41	77	1.27655
41	121	2.32803
41	125	3.23327
41	145	1.84289
41	188	2.90972
41	218	3.29573
41	244	3.63929
42	20	1.81814
42	111	2.07105
42	131	2.28061
42	180	2.65215
42	205	3.13055
42	238	3.88668
42	268	4.65713
42	282	2.12645
43	53	0.930356
43	188	2.63832
43	204	2.6687
43	218	3.02433
43	244	3.36789
43	257	4.32065
43	258	4.13996
43	263	1.55681
44	22	0.132085
44	65	4.28996
44	196	2.63735
44	230	1.61101
44	233	1.06191
44	268	3.34275
44	289	4.68474
44	299	5.00669
45	208	0.138444
45	219	2.59663
45	225	1.75793
45	247	3.21916
45	248	2.85537
45	252	3.33809
45	266	3.82994
45	294	4.88701
46	106	0.542787
46	184	1.37839
46	201	2.20822
46	207	2.7953
46	232	3.99415
46	255	3.33105
46	263	3.29138
46	294	5.08741
47	56	1.46376
47	75	1.74854
47	88	3.39262
47	135	2.08984
47	205	3.03468
47	232	3.71157
47	238	3.7908
47	274	3.47452
48	183	0.146344
48	190	1.03839
48	212	3.47049
48	269	3.33838
48	281	2.85236
48	286	3.2989
48	289	4.09063
48	299	4.41258
49	23	2.03975
49	68	1.92009
49	86	2.46881
49	153	2.43046
49	160	2.73336
49	162	3.12379
49	199	3.16268
49	282	4.74845
50	2	1.74335
50	199	1.65684
50	204	1.8417
50	221	3.13165
50	224	3.07742
50	257	3.95999
50	261	3.92677
50	270	3.28981
51	203	0.971392
51	230	3.21088
51	244	2.59609
51	292	2.89963
51	293	2.98302
51	295	3.15944
51	296	3.29308
51	298	3.50557
52	34	2.75186
52	143	0.147178
52	184	0.803601
52	255	2.75626
52	263	2.71659
52	264	4.03341
52	291	4.4816
52	300	4.93401
53	43	0.930356
53	62	1.93058
53	121	1.14417
53	135	2.41027
53	205	3.35511
53	232	4.032
53	238	4.11123
53	267	4.70738
54	183	0.936324
54	187	0.240546
54	236	2.21251
54	250	2.88275
54	269	2.27699
54	281	4.00342
54	292	4.53196
54	299	5.56364
55	96	0.0204163
55	186	1.38222
55	228	4.04614
55	235	2.70033
55	246	3.19618
55	253	3.18628
55	266	3.84662
55	274	4.2279
56	47	1.46376
56	107	2.32598
56	135	2.14728
56	173	2.7533
56	180	2.61371
56	205	3.09212
56	232	3.76901
56	248	4.45661
57	66	2.83887
57	148	3.94774
57	215	0.52929
57	267	2.85965
57	269	2.96495
57	271	3.10607
57	272	3.18968
57	277	3.18968
58	201	1.39435
58	212	2.56692
58	223	1.23393
58	259	1.49611
58	261	2.74461
58	291	4.24252
58	294	4.27354
58	300	4.69493
59	1	2.9451
59	9	2.01518
59	91	2.63416
59	108	2.59861
59	148	3.22595
59	164	2.25362
59	169	3.11169
59	278	3.85018
60	6	0.980009
60	71	3.13787
60	240	1.15093
60	276	2.99525
60	280	3.32778
60	283	3.52527
60	288	3.85995
60	298	3.68312
61	88	4.70738
61	132	1.56732
61	241	0.0855786
61	246	3.10778
61	252	3.26637
61	265	2.07702
61	266	3.75822
61	274	4.1395
62	53	1.93058
62	180	2.7601
62	198	0.39644
62	205	3.2385
62	232	3.91539
62	238	3.99462
62	290	2.72146
62	298	3.68952
63	91	0.998498
63	189	1.67934
63	227	3.0203
63	234	2.7569
63	235	2.86143
63	259	3.58887
63	278	4.68926
63	293	3.04626
64	242	1.09304
64	267	2.7469
64	269	2.8522
64	271	2.99333
64	272	3.07693
64	277	3.07693
64	289	2.28541
64	300	4.51307
65	8	1.54913
65	44	4.28996
65	95	2.26184
65	129	2.44316
65	152	2.89435
65	156	2.50855
65	196	3.13373
65	213	3.49158
66	57	2.83887
66	68	2.64284
66	86	3.19156
66	94	3.16763
66	153	3.1532
66	182	3.68396
66	219	0.696004
66	268	3.23853
67	34	1.6241
67	96	1.29635
67	113	1.42295
67	142	2.03086
67	246	2.94588
67	253	3.83941
67	278	4.41754
67	297	5.04744
68	49	1.92009
68	66	2.64284
68	100	2.34816
68	160	2.75697
68	182	2.98483
68	191	1.27286
68	199	3.18629
68	300	5.53052
69	102	0.89267
69	151	0.807291
69	159	1.3267
69	207	1.78477
69	235	1.72146
69	291	6.18005
69	296	3.28087
69	300	6.63246
70	118	1.93808
70	133	1.50417
70	188	2.69874
70	205	1.60012
70	214	2.41311
70	218	3.08475
70	258	4.20038
70	286	5.18457
71	3	2.15411
71	9	2.20768
71	60	3.13787
71	83	3.63576
71	140	2.94086
71	148	3.41844
71	161	2.67198
71	164	2.44611
72	94	2.04223
72	194	1.5679
72	208	1.52407
72	221	4.73476
72	237	1.93145
72	249	2.97434
72	263	2.81202
72	300	5.02944
73	108	0.00332998
73	137	3.07979
73	226	1.20132
73	230	1.60918
73	268	3.34092
73	269	3.72519
73	289	4.68291
73	299	5.00486
74	31	3.73877
74	215	0.52929
74	222	3.02663
74	267	2.85965
74	269	2.96495
74	271	3.10607
74	272	3.18968
74	277	3.18968
75	47	1.74854
75	131	2.52695
75	132	3.04131
75	205	3.37689
75	218	1.36942
75	229	2.37547
75	232	4.05379
75	238	4.13302
76	150	0.774436
76	172	2.36466
76	255	2.93236
76	279	0.163908
76	284	2.88407
76	291	4.6577
76	295	3.74857
76	300	5.11011
77	1	1.81625
77	41	1.27655
77	112	2.22332
77	145	2.03045
77	204	3.12766
77	244	3.82685
77	258	4.59891
77	278	3.28914
77	290	4.82256
78	1	2.56573
78	31	1.80918
78	106	3.74248
78	216	2.11976
78	227	2.53712
78	235	2.37825
78	257	2.95279
78	273	4.0761
78	297	4.83598
79	159	1.07236
79	190	1.6271
79	230	1.60561
79	251	2.99603
79	268	3.33734
79	281	3.44107
79	286	3.8876
79	291	4.04074
79	299	5.00129
80	122	0.648388
80	206	1.51667
80	219	2.61821
80	251	3.32113
80	252	3.35967
80	266	3.85152
80	274	4.2328
80	280	4.61688
80	285	2.85638
81	143	0.0635882
81	172	1.70266
81	190	2.9056
81	249	2.39301
81	255	2.27036
81	271	5.20681
81	291	3.9957
81	294	4.02672
81	300	4.44811
82	139	3.85831
82	227	4.2335
82	287	2.03887
82	290	2.24578
82	292	2.65493
82	293	2.73832
82	295	2.91473
82	296	3.04838
82	298	3.26087
83	71	3.63576
83	128	0.776212
83	270	2.70646
83	275	2.93191
83	276	2.8836
83	280	3.21612
83	283	3.41362
83	288	3.7483
83	295	3.69917
84	217	3.06107
84	232	2.67629
84	238	2.34818
84	290	2.58557
84	292	2.99472
84	293	3.0781
84	295	3.25452
84	296	3.38817
84	298	3.60066
85	127	0.0598055
85	174	0.190288
85	214	3.59062
85	228	4.48986
85	250	2.29449
85	268	3.31144
85	281	3.41517
85	289	4.65343
85	299	4.97538
86	32	2.27494
86	49	2.46881
86	66	3.19156
86	162	3.69613
86	173	1.92535
86	182	3.53355
86	199	3.73501
86	256	1.73289
86	286	4.45228
87	177	2.1376
87	194	1.7713
87	223	1.77185
87	237	2.13486
87	248	1.5666
87	249	3.17774
87	294	4.81146
87	299	4.38279
87	300	5.23285
88	11	1.20602
88	47	3.39262
88	61	4.70738
88	195	1.23614
88	225	2.83631
88	229	2.67672
88	257	3.39368
88	260	3.03409
88	273	4.517
89	154	0.0955612
89	174	3.31033
89	215	1.31668
89	242	1.99318
89	253	4.78167
89	267	3.64704
89	271	3.89346
89	272	3.97707
89	277	3.97706
90	194	1.60298
90	201	1.76395
90	232	2.74142
90	249	3.00942
90	263	2.8471
90	264	1.97547
90	277	3.37281
90	291	4.61211
90	300	5.06452
91	3	2.64973
91	59	2.63416
91	63	0.998498
91	108	3.28673
91	126	3.24771
91	148	3.91406
91	161	3.1676
91	166	1.69687
91	259	5.38921
92	1	1.79194
92	112	2.199
92	155	1.94021
92	188	3.07296
92	218	3.45897
92	230	2.4865
92	244	3.80254
92	258	4.5746
92	272	3.66337
93	15	1.70158
93	144	0.2884
93	223	3.35719
93	236	1.64058
93	244	3.03652
93	281	3.4315
93	286	3.87803
93	289	4.66976
93	299	4.99171
94	32	2.25102
94	38	1.10467
94	66	3.16763
94	72	2.04223
94	153	2.97887
94	160	3.28177
94	182	3.50963
94	199	3.71109
94	295	4.95648
95	29	1.98734
95	65	2.26184
95	156	3.24899
95	167	3.29564
95	182	2.97866
95	196	3.87417
95	213	4.23202
95	225	2.52418
95	236	2.6052
96	55	0.0204163
96	67	1.29635
96	189	2.3082
96	191	2.6504
96	229	3.34787
96	230	3.56086
96	262	3.97906
96	269	4.52616
96	278	5.31812
97	36	1.69124
97	136	2.3974
97	145	2.42321
97	176	0.00784465
97	177	2.53445
97	204	3.52042
97	218	3.87605
97	258	4.99167
97	298	5.56725
98	215	1.03943
98	267	3.36979
98	269	3.47508
98	271	3.61621
98	272	3.69981
98	276	1.80918
98	277	3.69981
98	288	2.67514
98	291	3.61605
99	30	0.181407
99	124	2.73931
99	214	2.34792
99	221	2.44033
99	236	2.99515
99	259	3.42156
99	262	3.1829
99	278	4.52195
99	297	5.15186
100	68	2.34816
100	153	2.85852
100	160	3.16143
100	162	3.55186
100	182	3.38929
100	187	2.29365
100	188	1.28096
100	199	3.59074
100	273	4.51465
101	36	3.54374
101	204	0.715377
101	217	1.36265
101	247	3.14704
101	251	3.22742
101	252	3.26597
101	261	3.8527
101	266	3.75782
101	274	4.1391
102	69	0.89267
102	138	0.179576
102	187	0.922435
102	208	2.04636
102	269	2.98255
102	290	4.19984
102	291	5.09932
102	294	5.13034
102	300	5.55173
103	189	2.89752
103	210	0.866713
103	220	2.46588
103	242	2.13052
103	248	2.73829
103	267	3.78438
103	269	3.88967
103	272	4.1144
103	277	4.1144
104	8	2.15134
104	130	2.51471
104	134	1.22455
104	156	3.11076
104	163	3.29345
104	196	3.73594
104	213	4.09379
104	230	2.10959
104	295	4.77839
105	109	1.30874
105	132	2.0258
105	147	1.66193
105	210	3.8399
105	222	2.49907
105	251	3.6863
105	252	3.72485
105	253	3.55635
105	274	4.59797
106	46	0.542787
106	78	3.74248
106	139	1.22583
106	150	1.98983
106	151	0.500339
106	193	4.34936
106	194	2.86396
106	291	5.87309
106	294	5.90412
107	56	2.32598
107	231	4.31552
107	255	1.45439
107	284	2.0822
107	290	2.76805
107	293	3.26058
107	295	3.437
107	296	3.57064
107	298	3.78314
108	59	2.59861
108	73	0.00332998
108	91	3.28673
108	126	3.21216
108	161	3.13205
108	164	2.90618
108	169	3.76426
108	212	3.96602
108	266	4.17476
109	105	1.30874
109	132	2.10205
109	201	3.10635
109	212	3.26163
109	251	3.76255
109	252	3.8011
109	253	3.63261
109	266	4.29295
109	270	1.7501
110	210	0.550006
110	245	3.17853
110	267	3.46767
110	269	3.57297
110	271	3.71409
110	272	3.7977
110	274	3.41893
110	277	3.7977
110	280	1.574
111	40	1.83176
111	42	2.07105
111	131	2.75359
111	161	0.82026
111	171	3.28763
111	205	3.60353
111	232	4.28042
111	238	4.35965
111	296	3.99786
112	10	1.42735
112	77	2.22332
112	92	2.199
112	204	3.88687
112	214	3.57086
112	218	4.24249
112	244	4.58606
112	253	2.40955
112	270	2.58552
112	280	4.49885
113	35	3.16093
113	67	1.42295
113	170	2.68013
113	179	2.26817
113	211	3.07067
113	257	4.19143
113	258	2.04255
113	259	4.34433
113	261	4.15822
113	283	4.29149
114	143	2.37874
114	166	0.839754
114	236	3.00468
114	241	2.09285
114	256	2.69065
114	265	4.13251
114	270	3.68393
114	275	3.90939
114	280	4.1936
114	288	4.72577
115	17	3.12411
115	139	1.05928
115	144	0.903451
115	226	1.80323
115	233	1.66198
115	266	5.30666
115	268	3.94282
115	281	4.04655
115	286	4.49308
115	289	5.28482
116	18	0.0556666
116	119	0.788867
116	157	1.68767
116	188	3.43264
116	220	1.87321
116	239	2.54837
116	282	4.36192
116	291	5.46214
116	294	5.49316
116	300	5.91455
117	132	1.75175
117	142	1.92132
117	225	2.49734
117	257	3.05471
117	259	3.20761
117	262	2.96894
117	273	4.17802
117	278	4.308
117	286	3.11648
117	292	4.63256
118	36	2.17098
118	70	1.93808
118	133	2.77521
118	136	2.87714
118	145	2.90295
118	204	4.00016
118	258	5.47142
118	284	2.36233
118	298	3.70866
118	300	3.43182
119	116	0.788867
119	152	1.43889
119	208	2.66047
119	223	2.70484
119	237	3.06785
119	239	2.79966
119	263	3.94841
119	282	2.65184
119	297	5.40116
119	300	6.16583
120	170	2.38756
120	206	2.23875
120	262	4.85211
120	284	2.49839
120	285	0.945458
120	287	2.97733
120	293	3.67678
120	295	3.85319
120	296	3.98684
120	298	4.19933
121	41	2.32803
121	53	1.14417
121	254	1.96654
121	270	2.91803
121	275	3.14348
121	276	3.09517
121	280	3.42769
121	283	3.62519
121	288	3.95987
121	290	6.01928
122	80	0.648388
122	141	0.0494412
122	254	2.44463
122	275	3.62157
122	276	3.57326
122	277	3.57874
122	280	3.90579
122	283	4.10329
122	286	5.25448
122	288	4.43796
123	231	3.68266
123	237	1.61664
123	240	1.49498
123	256	2.16888
123	267	4.18324
123	275	3.38762
123	276	3.33931
123	280	3.67183
123	283	3.86933
123	288	4.20401
124	99	2.73931
124	261	3.84574
124	262	2.91083
124	284	2.23482
124	287	2.71375
124	290	2.92066
124	292	3.32981
124	293	3.4132
124	295	3.58962
124	298	3.93575
125	41	3.23327
125	219	3.55186
125	243	2.68617
125	284	2.21573
125	287	2.69466
125	290	2.90157
125	292	3.31072
125	293	3.39411
125	296	3.70417
125	298	3.91666
126	7	3.64565
126	9	2.62873
126	91	3.24771
126	108	3.21216
126	140	3.36191
126	161	3.09303
126	164	2.86716
126	169	3.72524
126	171	4.66172
126	226	1.1781
127	85	0.0598055
127	129	0.362535
127	141	1.46881
127	159	2.91028
127	230	2.3354
127	268	4.06713
127	281	4.17086
127	289	5.40913
127	297	5.10603
127	299	5.73108
128	83	0.776212
128	268	4.43982
128	272	4.26423
128	284	2.23482
128	287	2.71375
128	290	2.92066
128	292	3.32981
128	293	3.4132
128	295	3.58962
128	298	3.93575
129	65	2.44316
129	127	0.362535
129	174	1.15848
129	197	1.17848
129	245	2.4585
129	268	4.27963
129	281	4.38336
129	286	4.82989
129	292	4.6324
129	299	5.94357
130	11	1.99638
130	104	2.51471
130	152	3.28545
130	156	2.89965
130	163	3.08234
130	167	2.9463
130	196	3.52483
130	213	3.88267
130	221	2.92128
130	265	4.59256
131	18	1.25463
131	40	2.04132
131	42	2.28061
131	75	2.52695
131	111	2.75359
131	173	3.47427
131	197	2.28664
131	232	4.48998
131	238	4.56921
131	300	5.9554
132	61	1.56732
132	75	3.04131
132	105	2.0258
132	109	2.10205
132	117	1.75175
132	190	4.70214
132	217	2.61484
132	247	4.39922
132	248	4.03543
132	274	5.39128
133	36	1.73708
133	70	1.50417
133	118	2.77521
133	158	1.23343
133	171	4.52142
133	204	3.56626
133	214	3.25025
133	244	4.26545
133	258	5.03751
133	271	3.7465
134	28	0.830696
134	104	1.22455
134	193	2.5435
134	200	2.5905
134	219	3.1054
134	235	5.7046
134	248	3.36414
134	252	3.84686
134	253	3.67837
134	274	4.71998
135	47	2.08984
135	53	2.41027
135	56	2.14728
135	173	3.37937
135	180	3.23979
135	184	1.05783
135	232	4.39508
135	238	4.47431
135	252	2.61798
135	291	5.78745
136	1	2.35678
136	24	1.32961
136	97	2.3974
136	118	2.87714
136	168	1.15983
136	204	3.66819
136	244	4.36738
136	251	4.04567
136	258	5.13944
136	297	4.31775
137	13	2.80249
137	73	3.07979
137	253	3.60394
137	284	2.12018
137	287	2.59911
137	292	3.21518
137	293	3.29856
137	295	3.47498
137	296	3.60862
137	298	3.82112
138	102	0.179576
138	146	1.24043
138	249	3.11736
138	263	2.95504
138	285	1.2129
138	291	4.72005
138	292	4.69446
138	294	4.75108
138	296	3.60365
138	300	5.17246
139	7	0.137042
139	82	3.85831
139	106	1.22583
139	115	1.05928
139	201	2.89127
139	237	3.09386
139	239	2.82567
139	280	4.57755
139	294	5.77046
139	300	6.19184
140	3	2.76393
140	9	2.8175
140	17	2.41409
140	71	2.94086
140	126	3.36191
140	161	3.2818
140	164	3.05593
140	169	3.91401
140	198	3.14806
140	278	3.93966
141	122	0.0494412
141	127	1.46881
141	166	1.20859
141	243	2.51523
141	251	5.25245
141	275	4.27822
141	276	4.22991
141	282	2.77522
141	283	4.75994
141	288	5.09461
142	67	2.03086
142	117	1.92132
142	178	2.4884
142	185	2.82256
142	211	3.67858
142	225	4.24197
142	236	1.2661
142	259	4.95224
142	280	3.26126
142	292	4.98232
143	52	0.147178
143	81	0.0635882
143	114	2.37874
143	208	2.99932
143	215	3.58344
143	220	2.46335
143	255	4.32693
143	264	3.5288
143	291	6.05227
143	294	6.0833
144	93	0.2884
144	115	0.903451
144	190	3.23461
144	195	3.12006
144	202	1.67766
144	250	3.92791
144	275	4.53735
144	282	1.83713
144	286	5.49512
144	299	6.6088
145	41	1.84289
145	77	2.03045
145	97	2.42321
145	118	2.90295
145	214	3.37799
145	244	4.39319
145	258	5.16525
145	264	0.621149
145	274	5.33418
145	297	3.56112
146	25	1.56656
146	28	2.41999
146	138	1.24043
146	172	4.61404
146	175	1.2043
146	220	3.31815
146	223	3.89849
146	239	3.99331
146	240	3.41411
146	271	3.90803
146	291	6.90708
147	105	1.66193
147	153	4.85515
147	240	1.78087
147	243	1.91051
147	245	4.50418
147	256	2.45477
147	270	3.44805
147	275	3.6735
147	276	3.62519
147	283	4.15522
147	288	4.48989
148	4	2.00284
148	9	3.29508
148	57	3.94774
148	59	3.22595
148	71	3.41844
148	91	3.91406
148	161	3.75938
148	164	3.53351
148	169	4.39159
148	220	2.26938
148	285	2.73366
149	210	1.05981
149	212	1.25554
149	227	1.077
149	242	2.32362
149	245	4.68942
149	267	3.97748
149	269	4.08277
149	271	4.2239
149	272	4.3075
149	277	4.3075
149	297	5.21414
150	18	0.73826
150	23	0.972722
150	76	0.774436
150	106	1.98983
150	184	2.82543
150	235	3.93269
150	255	4.77809
150	256	2.34743
150	266	4.66879
150	291	6.50343
150	300	6.95584
151	69	0.807291
151	106	0.500339
151	223	2.00536
151	234	3.3144
151	249	3.41125
151	255	3.2886
151	260	3.22395
151	289	4.41653
151	291	5.01394
151	294	5.04497
151	300	5.46635
152	14	2.24378
152	29	2.61985
152	65	2.89435
152	119	1.43889
152	130	3.28545
152	156	3.8815
152	163	4.06419
152	167	3.92815
152	213	4.86452
152	254	3.89669
152	285	3.36711
153	25	2.32356
153	49	2.43046
153	66	3.1532
153	94	2.97887
153	100	2.85852
153	147	4.85515
153	160	3.26734
153	162	3.65777
153	166	3.75117
153	182	3.4952
153	199	3.69666
154	6	2.47913
154	89	0.0955612
154	193	0.756036
154	210	1.79004
154	242	3.05385
154	245	4.13923
154	261	4.36795
154	269	4.813
154	271	4.95413
154	272	5.03773
154	277	5.03773
155	92	1.94021
155	191	4.08941
155	260	4.92684
155	284	2.19471
155	287	2.67364
155	290	2.88056
155	292	3.28971
155	293	3.37309
155	295	3.54951
155	296	3.68315
155	298	3.89565
156	39	2.22533
156	65	2.50855
156	95	3.24899
156	104	3.11076
156	130	2.89965
156	152	3.8815
156	167	3.54235
156	196	4.12088
156	250	3.45765
156	281	2.62088
156	293	4.86319
157	116	1.68767
157	212	1.40694
157	242	2.47502
157	267	4.12888
157	269	4.23417
157	271	4.3753
157	272	4.4589
157	277	4.4589
157	278	2.81626
157	281	1.93493
157	291	4.51081
158	133	1.23343
158	241	1.95301
158	243	2.00655
158	254	2.5926
158	256	2.55081
158	259	4.17742
158	267	5.53114
158	270	3.54409
158	280	4.05376
158	283	4.25126
158	288	4.58593
159	69	1.3267
159	79	1.07236
159	127	2.91028
159	194	2.52422
159	201	2.68519
159	220	1.94443
159	237	2.88778
159	239	2.61959
159	294	5.56438
159	297	6.966
159	300	5.98576
160	32	2.53949
160	49	2.73336
160	68	2.75697
160	94	3.28177
160	100	3.16143
160	153	3.26734
160	182	3.7981
160	199	3.99956
160	202	1.21184
160	252	3.4288
160	293	6.2647
161	71	2.67198
161	91	3.1676
161	108	3.13205
161	111	0.82026
161	126	3.09303
161	140	3.2818
161	148	3.75938
161	164	2.78705
161	169	3.64513
161	218	3.639
161	275	6.49342
162	16	2.70054
162	32	2.92992
162	49	3.12379
162	86	3.69613
162	100	3.55186
162	153	3.65777
162	182	4.18854
162	199	4.38999
162	201	3.79214
162	229	2.52362
162	238	1.91896
163	10	2.03179
163	39	2.40802
163	104	3.29345
163	130	3.08234
163	152	4.06419
163	167	3.72504
163	196	4.30357
163	213	4.66141
163	246	1.06067
163	248	2.09113
163	292	5.76456
164	3	2.26918
164	20	3.02895
164	59	2.25362
164	71	2.44611
164	108	2.90618
164	126	2.86716
164	140	3.05593
164	148	3.53351
164	161	2.78705
164	169	3.41926
164	204	7.92064
165	7	1.90296
165	200	2.68485
165	206	2.09821
165	246	3.78262
165	247	3.82228
165	251	3.90266
165	266	4.43306
165	268	2.85227
165	274	4.81434
165	275	3.0218
165	283	3.17348
166	91	1.69687
166	114	0.839754
166	141	1.20859
166	153	3.75117
166	209	1.79853
166	270	4.62
166	275	4.84545
166	276	4.79714
166	281	2.12167
166	283	5.32716
166	288	5.66184
166	294	4.90595
167	8	2.58293
167	29	2.2807
167	39	2.27198
167	95	3.29564
167	130	2.9463
167	152	3.92815
167	156	3.54235
167	163	3.72504
167	213	4.52537
167	257	4.2161
167	286	3.55567
167	300	4.72527
168	136	1.15983
168	186	3.23591
168	210	4.04896
168	248	3.97958
168	284	2.63976
168	287	3.11869
168	290	3.32561
168	292	3.73476
168	293	3.81815
168	295	3.99456
168	296	4.12821
168	298	4.3407
169	3	3.12726
169	59	3.11169
169	108	3.76426
169	126	3.72524
169	140	3.91401
169	148	4.39159
169	161	3.64513
169	164	3.41926
169	195	1.89962
169	240	1.94532
169	295	4.46373
169	299	4.15795
170	17	2.50581
170	113	2.68013
170	120	2.38756
170	173	3.07246
170	175	1.83579
170	192	2.70541
170	198	2.4148
170	231	3.57772
170	251	5.19422
170	259	4.57432
170	262	4.33566
170	297	6.30462
171	5	2.51026
171	12	1.66653
171	17	2.5703
171	111	3.28763
171	126	4.66172
171	133	4.52142
171	185	2.50913
171	224	3.60334
171	227	4.07024
171	231	3.6422
171	260	4.12632
171	262	4.40014
172	16	1.76468
172	19	0.98228
172	76	2.36466
172	81	1.70266
172	146	4.61404
172	180	0.780323
172	208	5.0407
172	216	2.72276
172	220	4.50473
172	289	3.74539
172	294	8.12468
172	296	5.22871
173	20	3.0118
173	21	1.09731
173	40	2.55245
173	56	2.7533
173	86	1.92535
173	131	3.47427
173	135	3.37937
173	170	3.07246
173	180	3.84581
173	232	5.00111
173	238	5.08034
173	272	6.3737
174	39	1.94124
174	85	0.190288
174	89	3.31033
174	129	1.15848
174	200	2.14407
174	233	2.58223
174	236	3.17589
174	250	3.84613
174	273	5.08432
174	286	5.41334
174	289	6.20507
174	299	6.52702
175	146	1.2043
175	170	1.83579
175	197	1.01887
175	223	3.66603
175	226	1.98042
175	233	1.83917
175	268	4.12001
175	281	4.22374
175	284	5.76446
175	286	4.67027
175	289	5.46201
175	299	5.78396
176	2	2.1418
176	97	0.00784465
176	191	2.94401
176	195	2.20089
176	231	3.51473
176	235	3.7839
176	254	3.84844
176	260	3.99884
176	262	4.27267
176	279	2.66429
176	297	6.24163
176	299	5.94318
177	34	1.1597
177	87	2.1376
177	97	2.53445
177	203	0.869377
177	241	2.44999
177	254	3.08959
177	270	4.04108
177	275	4.26653
177	280	4.55074
177	283	4.74824
177	288	5.08292
177	290	6.64366
178	38	0.462688
178	142	2.4884
178	191	2.20737
178	225	3.06442
178	241	1.69606
178	259	3.77469
178	260	3.2622
178	261	3.58858
178	273	4.74511
178	294	5.60772
178	296	5.18507
178	297	5.50499
179	35	2.35772
179	113	2.26817
179	192	2.29345
179	198	2.00285
179	229	3.29251
179	259	4.16237
179	262	3.9237
179	265	2.44649
179	275	3.33659
179	278	5.26276
179	294	4.36671
179	297	5.89266
180	42	2.65215
180	56	2.61371
180	62	2.7601
180	135	3.23979
180	172	0.780323
180	173	3.84581
180	205	4.18462
180	221	2.66126
180	232	4.86152
180	238	4.94075
180	279	2.78479
180	294	6.25276
181	16	0.17674
181	22	2.40495
181	25	0.710003
181	190	1.44471
181	220	2.46159
181	237	3.40494
181	239	3.13675
181	257	5.46622
181	263	4.28551
181	283	4.77528
181	291	6.05052
181	294	6.08154
181	300	6.50293
182	3	2.85631
182	66	3.68396
182	68	2.98483
182	86	3.53355
182	94	3.50963
182	95	2.97866
182	100	3.38929
182	153	3.4952
182	160	3.7981
182	162	4.18854
182	184	3.51117
182	199	4.22742
182	242	4.70132
183	48	0.146344
183	54	0.936324
183	187	1.36171
183	189	2.78256
183	230	3.28912
183	234	2.62049
183	236	3.33367
183	262	3.41667
183	281	5.12458
183	286	5.57111
183	289	6.36285
183	290	5.25907
183	299	6.6848
184	7	0.728107
184	46	1.37839
184	52	0.803601
184	135	1.05783
184	150	2.82543
184	182	3.51117
184	194	3.69956
184	255	4.98336
184	263	4.94369
184	279	2.71781
184	291	6.7087
184	294	6.73972
184	298	6.7843
185	2	1.73931
185	40	2.29292
185	142	2.82256
185	171	2.50913
185	213	0.634727
185	225	3.39858
185	257	3.95595
185	260	3.59636
185	262	3.87019
185	273	5.07927
185	288	5.08529
185	297	5.83915
185	299	6.04552
186	9	3.63554
186	21	0.781225
186	55	1.38222
186	168	3.23591
186	206	2.40164
186	217	2.34133
186	246	4.08606
186	247	4.12571
186	248	3.76192
186	253	4.07615
186	266	4.73649
186	274	5.11777
186	299	7.18578
187	54	0.240546
187	100	2.29365
187	102	0.922435
187	183	1.36171
187	189	4.63083
187	190	2.61483
187	250	3.30813
187	266	6.23091
187	268	4.32508
187	281	4.42881
187	286	4.87534
187	289	5.66707
187	299	5.98902
188	24	2.42225
188	36	2.93164
188	41	2.90972
188	43	2.63832
188	70	2.69874
188	92	3.07296
188	100	1.28096
188	116	3.43264
188	214	4.44481
188	231	4.79182
188	244	5.46001
188	258	6.23208
188	287	4.55593
189	63	1.67934
189	96	2.3082
189	103	2.89752
189	183	2.78256
189	187	4.63083
189	224	3.29354
189	225	3.61873
189	227	3.76044
189	229	3.45914
189	231	3.3324
189	255	3.74426
189	273	5.29942
189	297	6.0593
190	33	1.5757
190	48	1.03839
190	79	1.6271
190	81	2.9056
190	132	4.70214
190	144	3.23461
190	181	1.44471
190	187	2.61483
190	197	3.17284
190	233	3.99314
190	287	5.00654
190	289	7.61598
190	299	7.93792
191	68	1.27286
191	96	2.6504
191	155	4.08941
191	176	2.94401
191	178	2.20737
191	192	2.80229
191	221	3.68997
191	224	3.63574
191	225	3.96093
191	255	2.65431
191	257	4.5183
191	288	6.03849
191	297	6.4015
192	11	2.02905
192	170	2.70541
192	179	2.29345
192	191	2.80229
192	211	3.09595
192	230	2.85743
192	237	1.67115
192	261	4.1835
192	262	4.13095
192	278	5.47
192	284	4.66174
192	293	4.86758
192	297	6.09991
193	106	4.34936
193	134	2.5435
193	154	0.756036
193	210	2.02948
193	212	2.22521
193	215	2.61679
193	242	3.29329
193	249	2.52342
193	267	4.94715
193	269	5.05244
193	271	5.19357
193	272	5.27717
193	277	5.27717
193	300	6.30232
194	72	1.5679
194	87	1.7713
194	90	1.60298
194	106	2.86396
194	159	2.52422
194	184	3.69956
194	237	4.73199
194	239	4.4638
194	263	5.61255
194	270	2.95123
194	271	4.00965
194	276	3.90218
194	280	4.86456
194	300	7.82997
195	18	4.2973
195	88	1.23614
195	144	3.12006
195	169	1.89962
195	176	2.20089
195	227	3.35953
195	235	3.20065
195	254	6.39257
195	259	3.92809
195	260	3.4156
195	261	3.74198
195	273	4.8985
195	278	5.02848
195	297	5.65839
196	8	3.16146
196	29	2.85923
196	33	0.832498
196	39	2.85051
196	44	2.63735
196	65	3.13373
196	95	3.87417
196	104	3.73594
196	130	3.52483
196	156	4.12088
196	163	4.30357
196	213	5.10391
196	238	4.46695
196	299	7.76103
197	27	0.0268105
197	129	1.17848
197	131	2.28664
197	175	1.01887
197	190	3.17284
197	224	4.39937
197	228	4.98067
197	236	3.19589
197	268	4.88308
197	281	4.98681
197	282	4.04639
197	286	5.43334
197	289	6.22508
197	299	6.54703
198	62	0.39644
198	140	3.14806
198	170	2.4148
198	179	2.00285
198	221	3.09777
198	224	3.04354
198	227	3.51044
198	229	3.20915
198	235	3.35157
198	273	5.04942
198	278	5.1794
198	281	5.64497
198	287	6.521
198	297	5.8093
199	28	3.12876
199	32	2.96881
199	49	3.16268
199	50	1.65684
199	68	3.18629
199	86	3.73501
199	94	3.71109
199	100	3.59074
199	153	3.69666
199	160	3.99956
199	162	4.38999
199	182	4.22742
199	271	4.61679
199	291	6.3162
200	2	2.46517
200	28	1.94468
200	134	2.5905
200	165	2.68485
200	174	2.14407
200	211	1.83369
200	235	4.77556
200	247	4.84191
200	248	4.47812
200	251	4.9223
200	252	4.96084
200	253	4.79235
200	254	4.47379
200	266	5.45269
201	25	2.19801
201	46	2.20822
201	58	1.39435
201	90	1.76395
201	109	3.10635
201	139	2.89127
201	159	2.68519
201	162	3.79214
201	213	3.91395
201	220	3.9496
201	226	4.89732
201	255	5.81319
201	263	5.77352
201	300	7.99094
202	16	2.82741
202	144	1.67766
202	160	1.21184
202	226	2.57744
202	233	2.43619
202	236	3.02984
202	250	3.70009
202	265	3.60875
202	268	4.71703
202	274	6.321
202	276	3.51369
202	281	4.82076
202	286	5.26729
202	289	6.05903
202	299	6.38098
203	51	0.971392
203	177	0.869377
203	217	3.56193
203	240	2.6253
203	241	2.7014
203	243	2.75494
203	256	3.29919
203	270	4.29248
203	275	4.51793
203	276	4.46962
203	280	4.80214
203	283	4.99964
203	288	5.33432
203	292	7.00035
203	296	5.90954
204	43	2.6687
204	50	1.8417
204	77	3.12766
204	97	3.52042
204	101	0.715377
204	112	3.88687
204	118	4.00016
204	133	3.56626
204	136	3.66819
204	164	7.92064
204	214	4.4752
204	233	2.74763
204	244	5.4904
204	258	6.26246
204	277	4.1858
205	40	2.89126
205	42	3.13055
205	47	3.03468
205	53	3.35511
205	56	3.09212
205	62	3.2385
205	70	1.60012
205	75	3.37689
205	111	3.60353
205	180	4.18462
205	232	5.33992
205	238	5.41915
205	278	4.78847
205	289	4.78545
205	296	6.26877
206	80	1.51667
206	120	2.23875
206	165	2.09821
206	186	2.40164
206	219	3.63274
206	246	4.21561
206	247	4.25526
206	248	3.89147
206	251	4.33565
206	253	4.2057
206	266	4.86604
206	272	4.92327
206	274	5.24732
206	287	4.39025
206	296	5.87585
207	46	2.7953
207	69	1.78477
207	216	3.8413
207	238	3.28675
207	279	1.75861
207	280	5.71701
207	284	3.60888
207	285	2.05595
207	287	4.08781
207	290	4.29473
207	292	4.70388
207	293	4.78726
207	295	4.96368
207	296	5.09732
207	298	5.30982
208	22	3.12647
208	23	1.80303
208	45	0.138444
208	72	1.52407
208	102	2.04636
208	119	2.66047
208	143	2.99932
208	172	5.0407
208	216	3.44664
208	223	4.32516
208	263	5.56873
208	283	5.4968
208	288	5.22592
208	291	7.33374
208	294	7.36477
209	166	1.79853
209	222	2.03811
209	224	1.98827
209	243	3.10517
209	254	3.69122
209	256	3.64943
209	257	5.17813
209	270	4.64271
209	275	4.86816
209	276	4.81985
209	277	2.84197
209	280	5.15238
209	283	5.34988
209	288	5.68455
209	293	4.82366
209	297	4.3846
210	103	0.866713
210	105	3.8399
210	110	0.550006
210	149	1.05981
210	154	1.79004
210	168	4.04896
210	193	2.02948
210	212	3.25922
210	232	5.03286
210	242	4.3273
210	267	5.98116
210	269	6.08645
210	271	6.22758
210	272	6.31118
210	277	6.31118
210	289	6.28192
211	6	3.03404
211	34	3.27182
211	113	3.07067
211	142	3.67858
211	192	3.09595
211	200	1.83369
211	216	3.97894
211	224	3.9294
211	229	4.09501
211	231	3.96826
211	235	4.23744
211	239	1.98849
211	261	4.77876
211	290	5.83035
211	297	6.69517
211	300	6.52156
212	15	0.234012
212	48	3.47049
212	58	2.56692
212	108	3.96602
212	109	3.26163
212	149	1.25554
212	157	1.40694
212	193	2.22521
212	210	3.25922
212	237	5.93071
212	242	4.52302
212	267	6.17689
212	269	6.28218
212	271	6.42331
212	272	6.50691
212	277	6.50691
213	8	3.51931
213	29	3.21707
213	39	3.20835
213	65	3.49158
213	95	4.23202
213	104	4.09379
213	130	3.88267
213	152	4.86452
213	163	4.66141
213	167	4.52537
213	185	0.634727
213	196	5.10391
213	201	3.91395
213	268	4.32427
213	293	4.98196
213	299	5.33485
214	1	3.16379
214	10	2.01569
214	24	2.13662
214	70	2.41311
214	85	3.59062
214	99	2.34792
214	112	3.57086
214	133	3.25025
214	145	3.37799
214	188	4.44481
214	204	4.4752
214	218	4.83083
214	244	5.17439
214	258	5.94645
214	278	5.52556
214	300	7.75018
215	14	3.32071
215	57	0.52929
215	74	0.52929
215	89	1.31668
215	98	1.03943
215	143	3.58344
215	193	2.61679
215	242	4.9146
215	244	4.09053
215	252	3.87957
215	263	4.3061
215	267	6.56846
215	269	6.67375
215	271	6.81488
215	272	6.89848
215	277	6.89848
216	4	1.61975
216	26	1.56921
216	78	2.11976
216	172	2.72276
216	207	3.8413
216	208	3.44664
216	211	3.97894
216	221	4.27136
216	225	4.54233
216	229	4.38274
216	259	5.2526
216	261	5.06649
216	262	5.01393
216	279	4.72723
216	282	4.46486
216	297	6.98289
217	84	3.06107
217	101	1.36265
217	132	2.61484
217	186	2.34133
217	203	3.56193
217	219	3.57242
217	220	5.07586
217	246	4.1553
217	247	4.19495
217	248	3.83116
217	251	4.27534
217	252	4.31389
217	253	4.14539
217	266	4.80573
217	274	5.18701
217	286	7.50561
218	1	3.83542
218	10	2.68732
218	41	3.29573
218	43	3.02433
218	70	3.08475
218	75	1.36942
218	92	3.45897
218	97	3.87605
218	112	4.24249
218	161	3.639
218	214	4.83083
218	228	4.4432
218	244	5.84603
218	249	3.78203
218	258	6.61809
218	261	5.96224
219	30	0.6059
219	45	2.59663
219	66	0.696004
219	80	2.61821
219	125	3.55186
219	134	3.1054
219	206	3.63274
219	217	3.57242
219	245	5.87587
219	246	5.31715
219	248	4.99302
219	251	5.43719
219	252	5.47574
219	259	4.8561
219	266	5.96759
219	274	6.34886
219	287	5.47337
220	103	2.46588
220	116	1.87321
220	143	2.46335
220	146	3.31815
220	148	2.26938
220	159	1.94443
220	172	4.50473
220	181	2.46159
220	201	3.9496
220	217	5.07586
220	223	3.78919
220	239	3.884
220	260	4.74756
220	272	6.47088
220	291	6.79777
220	294	6.8288
220	300	7.25018
221	4	1.62444
221	50	3.13165
221	72	4.73476
221	99	2.44033
221	130	2.92128
221	180	2.66126
221	191	3.68997
221	198	3.09777
221	216	4.27136
221	227	4.68873
221	231	4.26068
221	235	4.52986
221	260	4.7448
221	273	6.22771
221	278	6.35768
221	279	4.06434
221	283	6.65387
222	6	0.843215
222	74	3.02663
222	105	2.49907
222	209	2.03811
222	239	2.63569
222	241	3.26849
222	243	3.32204
222	254	3.90809
222	256	3.86629
222	269	5.26026
222	270	4.85958
222	274	7.6391
222	275	5.08503
222	276	5.03672
222	280	5.36924
222	283	5.56674
222	288	5.90142
223	27	1.56724
223	58	1.23393
223	87	1.77185
223	93	3.35719
223	119	2.70484
223	146	3.89849
223	151	2.00536
223	175	3.66603
223	208	4.32516
223	220	3.78919
223	239	4.46435
223	242	4.52969
223	249	5.77542
223	255	5.65277
223	263	5.6131
223	290	7.90803
223	300	7.83052
224	5	3.07452
224	38	1.89106
224	50	3.07742
224	171	3.60334
224	189	3.29354
224	191	3.63574
224	197	4.39937
224	198	3.04354
224	209	1.98827
224	211	3.9294
224	228	4.95039
224	242	3.99857
224	260	4.69057
224	261	5.01695
224	262	4.9644
224	278	6.30345
224	297	6.93336
224	299	7.55736
225	26	1.84487
225	45	1.75793
225	88	2.83631
225	95	2.52418
225	117	2.49734
225	142	4.24197
225	178	3.06442
225	185	3.39858
225	189	3.61873
225	191	3.96093
225	216	4.54233
225	234	4.98661
225	257	5.37536
225	259	5.52826
225	262	5.28959
225	269	6.40791
225	284	7.24692
225	297	7.25856
226	35	0.50736
226	73	1.20132
226	115	1.80323
226	126	1.1781
226	175	1.98042
226	201	4.89732
226	202	2.57744
226	230	4.1129
226	233	3.56379
226	250	4.82769
226	251	5.25419
226	268	5.84464
226	276	4.49202
226	281	5.94836
226	286	6.3949
226	289	7.18663
226	298	7.10582
226	299	7.50858
227	63	3.0203
227	78	2.53712
227	82	4.2335
227	149	1.077
227	171	4.07024
227	189	3.76044
227	195	3.35953
227	198	3.51044
227	221	4.68873
227	231	4.67336
227	235	4.94253
227	258	2.87826
227	261	5.48385
227	272	4.63039
227	273	6.64038
227	275	4.97552
227	278	6.77035
227	283	5.1272
228	55	4.04614
228	85	4.48986
228	197	4.98067
228	218	4.4432
228	224	4.95039
228	264	1.52017
228	265	1.52018
228	279	2.5081
228	282	2.25501
228	284	4.35837
228	285	2.80544
228	287	4.8373
228	290	5.04422
228	292	5.45337
228	293	5.53675
228	295	5.71317
228	296	5.84682
228	298	6.05931
229	34	3.67562
229	38	2.05666
229	75	2.37547
229	88	2.67672
229	96	3.34787
229	162	2.52362
229	179	3.29251
229	189	3.45914
229	198	3.20915
229	211	4.09501
229	216	4.38274
229	235	4.64124
229	256	4.67799
229	261	5.18256
229	273	6.33908
229	279	4.77734
229	297	7.09897
229	300	8.56699
230	44	1.61101
230	51	3.21088
230	73	1.60918
230	79	1.60561
230	92	2.4865
230	96	3.56086
230	104	2.10959
230	127	2.3354
230	183	3.28912
230	192	2.85743
230	226	4.1129
230	233	3.97165
230	268	6.25249
230	281	6.35622
230	286	6.80275
230	289	7.59449
230	295	8.68838
230	299	7.91644
231	11	2.90136
231	12	2.26965
231	32	2.57442
231	107	4.31552
231	123	3.68266
231	170	3.57772
231	171	3.6422
231	176	3.51473
231	188	4.79182
231	189	3.3324
231	211	3.96826
231	221	4.26068
231	227	4.67336
231	259	5.24192
231	260	4.72943
231	262	5.00326
231	278	6.34231
231	287	7.54318
232	20	4.02751
232	46	3.99415
232	47	3.71157
232	53	4.032
232	56	3.76901
232	62	3.91539
232	75	4.05379
232	84	2.67629
232	90	2.74142
232	111	4.28042
232	131	4.48998
232	135	4.39508
232	173	5.00111
232	180	4.86152
232	205	5.33992
232	210	5.03286
232	234	4.96064
232	238	6.09604
232	259	5.44324
233	44	1.06191
233	115	1.66198
233	174	2.58223
233	175	1.83917
233	190	3.99314
233	202	2.43619
233	204	2.74763
233	226	3.56379
233	230	3.97165
233	241	3.25031
233	250	4.68644
233	268	5.70338
233	275	6.13185
233	278	5.25902
233	281	5.80711
233	286	6.25364
233	289	7.04538
233	299	7.36733
233	300	7.48365
234	63	2.7569
234	151	3.3144
234	183	2.62049
234	225	4.98661
234	232	4.96064
234	264	1.86756
234	265	1.86758
234	279	2.85549
234	282	2.6024
234	284	4.70576
234	285	3.15283
234	287	5.18469
234	289	6.20971
234	290	5.39161
234	292	5.80076
234	293	5.88415
234	295	6.06056
234	296	6.19421
234	298	6.4067
235	55	2.70033
235	63	2.86143
235	69	1.72146
235	78	2.37825
235	134	5.7046
235	150	3.93269
235	176	3.7839
235	195	3.20065
235	198	3.35157
235	200	4.77556
235	211	4.23744
235	221	4.52986
235	227	4.94253
235	229	4.64124
235	258	6.01437
235	260	4.9986
235	261	5.32498
235	273	6.48151
235	297	7.24139
236	35	0.959763
236	54	2.21251
236	93	1.64058
236	95	2.6052
236	99	2.99515
236	114	3.00468
236	142	1.2661
236	174	3.17589
236	183	3.33367
236	197	3.19589
236	202	3.02984
236	250	5.28009
236	268	6.29704
236	281	6.40077
236	284	7.32793
236	286	6.8473
236	289	7.63903
236	296	7.65309
236	299	7.96098
237	23	2.21041
237	72	1.93145
237	87	2.13486
237	119	3.06785
237	123	1.61664
237	139	3.09386
237	159	2.88778
237	181	3.40494
237	192	1.67115
237	194	4.73199
237	212	5.93071
237	239	4.82735
237	263	5.97611
237	279	3.91744
237	288	6.23609
237	289	5.47943
237	291	7.74112
237	294	7.77214
237	300	8.19353
238	20	4.10673
238	40	3.64738
238	42	3.88668
238	47	3.7908
238	53	4.11123
238	62	3.99462
238	75	4.13302
238	84	2.34818
238	111	4.35965
238	131	4.56921
238	135	4.47431
238	162	1.91896
238	173	5.08034
238	180	4.94075
238	196	4.46695
238	205	5.41915
238	207	3.28675
238	232	6.09604
238	280	6.58775
238	298	8.23917
239	37	2.54226
239	116	2.54837
239	119	2.79966
239	139	2.82567
239	146	3.99331
239	159	2.61959
239	181	3.13675
239	194	4.4638
239	211	1.98849
239	220	3.884
239	222	2.63569
239	223	4.46435
239	237	4.82735
239	249	5.87024
239	250	4.96491
239	255	5.74759
239	274	7.70445
239	294	7.50395
239	295	7.02911
239	300	7.92534
240	20	0.000191372
240	60	1.15093
240	123	1.49498
240	146	3.41411
240	147	1.78087
240	169	1.94532
240	203	2.6253
240	241	4.20591
240	243	4.25945
240	254	4.84551
240	256	4.80371
240	258	5.59471
240	262	6.51015
240	270	5.797
240	275	6.02245
240	276	5.97414
240	280	6.30666
240	283	6.50416
240	288	6.83884
240	292	9.39024
241	61	0.0855786
241	114	2.09285
241	158	1.95301
241	177	2.44999
241	178	1.69606
241	203	2.7014
241	222	3.26849
241	233	3.25031
241	240	4.20591
241	243	4.33555
241	254	4.92161
241	256	4.87981
241	270	5.87309
241	276	6.05024
241	280	6.38276
241	283	6.58026
241	288	6.91493
241	293	6.67017
241	295	7.32883
