1	48	3.13274
1	121	1.81125
1	168	1.41739
1	217	1.69167
1	229	2.56438
1	254	4.33072
1	279	3.58379
2	73	2.02314
2	170	1.57505
2	173	1.35802
2	240	2.98621
2	243	2.17889
2	255	2.91066
2	298	5.50037
3	42	2.75156
3	96	2.11487
3	110	3.01681
3	189	1.86419
3	230	1.62159
3	267	3.19268
3	281	3.95919
4	126	1.31878
4	195	2.75563
4	224	1.50568
4	231	2.74666
4	234	2.43999
4	249	3.0655
4	297	4.69806
5	9	0.135796
5	188	2.37757
5	242	2.37349
5	258	3.16655
5	269	1.72686
5	274	3.71743
5	291	5.02403
6	85	1.80463
6	168	1.90546
6	189	1.58893
6	203	1.69204
6	227	3.1813
6	242	4.26595
6	279	4.07186
7	50	3.34824
7	144	2.53477
7	220	3.36037
7	271	1.98253
7	276	2.55082
7	280	2.06525
7	285	2.67015
8	196	0.000384416
8	219	1.4
8	278	3.61731
8	287	4.25347
8	289	3.09888
8	294	2.66428
8	299	3.55685
9	5	0.135796
9	210	2.79239
9	221	2.75681
9	240	3.71372
9	292	3.21875
9	293	2.87973
9	296	3.02477
10	18	2.0255
10	63	2.05036
10	109	1.23727
10	168	1.93522
10	217	2.17377
10	252	5.88889
10	253	3.09832
11	112	0.489873
11	173	1.87745
11	261	1.28807
11	267	3.49738
11	273	3.89455
11	291	4.2235
11	295	3.26007
12	80	2.63998
12	114	0.750287
12	181	1.67606
12	236	0.471155
12	276	4.17656
12	298	4.5044
12	300	4.28864
13	130	1.69832
13	174	1.96625
13	175	1.9663
13	190	2.42574
13	201	2.90164
13	223	2.12226
13	300	5.45061
14	80	1.72748
14	121	0.649973
14	125	3.42522
14	172	1.3843
14	258	4.10175
14	286	2.98234
14	300	4.26062
15	127	0.819006
15	151	0.736271
15	155	1.90282
15	265	2.98045
15	283	3.55809
15	290	4.20975
15	296	4.31538
16	139	1.13203
16	186	1.78366
16	204	2.60833
16	236	3.73622
16	259	2.65809
16	278	2.8154
16	284	3.78742
17	167	1.97734
17	238	0.901019
17	241	1.9808
17	261	1.45155
17	291	4.38698
17	295	3.42355
17	298	4.4051
18	10	2.0255
18	27	2.15081
18	151	1.40305
18	255	2.51445
18	267	2.58174
18	272	3.02066
18	293	4.83711
19	56	2.59498
19	94	3.64371
19	181	2.34653
19	208	3.22457
19	236	0.989559
19	254	0.661957
19	298	5.02281
20	38	1.16164
20	96	1.89678
20	134	1.97788
20	175	2.41692
20	257	2.46824
20	281	3.7411
20	287	4.85172
21	159	0.875189
21	222	2.7547
21	224	3.16099
21	228	3.2246
21	230	2.87268
21	256	2.64776
21	264	2.96999
22	212	1.06878
22	217	1.06079
22	229	1.9335
22	246	2.24276
22	268	4.04177
22	279	2.95292
22	282	5.21409
23	71	2.49394
23	121	3.65052
23	147	0.971897
23	187	3.13254
23	194	2.47801
23	253	2.45943
23	279	3.32661
24	50	1.83411
24	153	0.757757
24	170	2.7031
24	232	2.61855
24	274	3.92136
24	277	1.84822
24	299	4.82961
25	104	2.12005
25	134	2.93951
25	226	4.19935
25	232	0.253254
25	243	2.32034
25	282	2.65209
25	295	4.04015
26	27	4.23158
26	171	0.900603
26	225	1.74402
26	258	2.39327
26	289	3.09397
26	294	2.65937
26	299	3.55194
27	18	2.15081
27	26	4.23158
27	190	2.87314
27	223	0.221806
27	274	1.75967
27	287	2.81047
27	298	4.46673
28	32	1.20505
28	124	1.46227
28	141	0.883091
28	216	1.77514
28	234	3.85693
28	237	4.19836
28	287	5.12328
29	95	2.23578
29	97	1.79336
29	115	2.81419
29	181	1.82978
29	214	2.44986
29	251	4.18529
29	258	3.1744
30	68	1.83272
30	97	1.87579
30	125	2.67084
30	158	2.15323
30	256	3.24496
30	262	2.86522
30	275	3.84667
31	131	0.881872
31	192	2.68808
31	247	2.27657
31	255	1.32238
31	263	1.75669
31	295	5.69444
31	297	3.9043
32	28	1.20505
32	195	2.79357
32	231	2.78461
32	234	2.47793
32	244	1.94707
32	286	3.42775
32	295	3.89251
33	180	0.109502
33	197	1.22554
33	286	2.12599
33	289	4.12762
33	290	3.91067
33	298	3.62004
33	300	3.40428
34	114	0.762565
34	196	0.00966407
34	256	2.43682
34	257	2.89846
34	278	3.93391
34	289	4.05729
34	299	4.51527
35	194	2.40619
35	195	1.58155
35	237	1.59783
35	248	3.67784
35	264	2.80169
35	268	2.85889
35	285	3.60956
36	150	2.0404
36	162	2.68731
36	167	2.48169
36	178	2.04771
36	180	1.86444
36	266	3.17024
36	271	4.22645
37	172	1.63663
37	191	2.68425
37	206	1.9314
37	243	1.40723
37	260	1.49545
37	269	4.64322
37	298	4.72871
38	20	1.16164
38	102	1.55247
38	103	1.83824
38	201	1.87912
38	216	3.51587
38	245	3.97861
38	266	4.58234
39	205	2.32696
39	222	0.000499864
39	224	3.47263
39	228	3.49023
39	289	3.09859
39	294	2.664
39	299	3.55657
40	248	2.35503
40	249	2.36058
40	252	0.969375
40	270	2.84691
40	276	3.69548
40	280	3.20991
40	291	3.10233
41	49	0.406779
41	182	1.48674
41	227	2.10544
41	257	2.73616
41	275	3.09585
41	281	4.00901
41	292	4.6741
42	3	2.75156
42	244	1.49356
42	254	3.59778
42	259	2.16009
42	263	2.90905
42	278	2.31741
42	284	3.28942
43	99	3.13288
43	137	1.98925
43	151	1.83326
43	170	2.60834
43	225	1.23603
43	269	3.08568
43	288	4.6487
44	46	1.68055
44	124	1.94971
44	166	2.38867
44	204	3.10396
44	205	3.2422
44	234	2.98889
44	242	3.15941
45	224	2.33615
45	228	2.39976
45	230	2.04784
45	233	2.22521
45	238	2.47416
45	243	4.02853
45	263	2.99386
46	44	1.68055
46	73	1.53945
46	166	3.36312
46	205	4.21665
46	226	1.24206
46	292	2.97505
46	297	3.51257
47	74	0.506638
47	179	1.73798
47	195	2.50222
47	231	2.49325
47	237	2.52801
47	265	2.91632
47	299	5.83545
48	1	3.13274
48	76	0.320895
48	106	0.803963
48	137	2.10595
48	139	2.70854
48	186	3.36017
48	269	3.44406
48	291	6.74124
49	41	0.406779
49	62	1.57672
49	71	2.03835
49	211	2.52863
49	218	2.05362
49	267	3.80715
49	281	4.57366
49	298	5.65954
50	7	3.34824
50	24	1.83411
50	155	2.5774
50	160	2.58024
50	210	2.35986
50	224	3.15565
50	228	3.21926
50	263	3.54613
51	76	1.42876
51	160	1.78068
51	220	1.65015
51	221	1.3382
51	255	2.87148
51	268	2.94067
51	289	5.16754
51	297	5.45339
52	71	1.57403
52	98	2.64048
52	116	1.19865
52	167	2.29592
52	200	3.11593
52	214	3.27706
52	283	3.32488
52	297	5.22884
53	122	0.240818
53	129	1.02518
53	172	1.31134
53	248	2.92983
53	270	2.59274
53	288	3.99904
53	292	5.5372
53	298	4.97358
54	72	0.150494
54	142	1.68782
54	187	2.27124
54	209	2.87603
54	215	2.50621
54	232	2.60576
54	288	4.73068
54	299	5.77528
55	57	3.05037
55	102	0.864978
55	192	1.4158
55	221	2.43059
55	229	2.8563
55	246	3.16556
55	279	3.87572
55	292	4.94873
56	19	2.59498
56	61	0.583429
56	88	1.11544
56	194	2.31263
56	267	2.50784
56	276	3.11318
56	286	5.81751
56	294	4.58023
57	55	3.05037
57	68	1.1803
57	130	1.79513
57	144	1.20597
57	235	0.944697
57	286	3.94813
57	297	5.29898
57	300	5.22641
58	68	0.858354
58	174	1.78628
58	209	2.41167
58	265	2.7074
58	268	2.35744
58	272	3.29484
58	288	3.86963
58	297	5.34143
59	63	1.47632
59	194	2.75864
59	209	2.26333
59	226	3.07326
59	233	1.63957
59	239	2.21883
59	282	3.99573
59	297	5.1931
60	150	2.67089
60	160	2.64098
60	162	3.31781
60	178	2.67821
60	205	0.397015
60	210	1.715
60	290	4.22463
60	300	4.98351
61	56	0.583429
61	94	2.26528
61	188	1.57726
61	212	2.4767
61	260	1.92031
61	286	3.65952
61	297	4.97026
61	298	5.15357
62	49	1.57672
62	153	0.209613
62	225	2.77418
62	256	3.24708
62	257	3.70871
62	261	2.26694
62	292	4.58755
62	293	4.24852
63	10	2.05036
63	59	1.47632
63	91	0.00535747
63	135	2.73953
63	231	2.49406
63	249	4.6439
63	283	3.47408
63	299	5.8054
64	117	2.10787
64	129	0.49021
64	138	2.3662
64	151	3.31896
64	241	3.51707
64	253	3.14764
64	278	3.35261
64	284	4.32463
65	79	2.23952
65	144	1.86646
65	207	3.56532
65	250	3.61042
65	251	2.07038
65	264	2.97642
65	271	3.09667
65	280	3.17939
66	125	2.71835
66	158	2.0831
66	172	2.30304
66	218	1.05796
66	262	2.83506
66	263	2.63641
66	271	4.20288
66	297	4.78402
67	78	1.99901
67	85	1.47966
67	137	1.08818
67	145	0.676484
67	176	3.74644
67	277	4.07703
67	286	4.13854
67	300	5.41682
68	30	1.83272
68	57	1.1803
68	58	0.858354
68	103	1.85364
68	178	2.91475
68	199	2.2276
68	287	5.3781
68	297	6.37238
69	74	1.35343
69	168	3.0417
69	183	0.66827
69	189	2.72517
69	229	4.18868
69	235	2.50367
69	270	3.92796
69	292	4.21203
70	92	0.303804
70	115	1.03608
70	176	1.5392
70	195	2.04101
70	208	2.32666
70	248	3.11998
70	291	6.34217
70	299	5.8883
71	23	2.49394
71	49	2.03835
71	52	1.57403
71	245	1.06704
71	248	1.78914
71	278	5.2058
71	292	4.3965
71	293	4.05748
72	54	0.150494
72	81	2.06557
72	127	2.40449
72	166	2.99521
72	205	3.84873
72	248	3.64317
72	269	3.55303
72	285	3.9765
73	2	2.02314
73	46	1.53945
73	148	3.18377
73	210	2.18078
73	224	2.97657
73	228	3.04018
73	238	3.11458
73	268	4.56174
74	47	0.506638
74	69	1.35343
74	129	1.2706
74	192	1.91713
74	246	3.66689
74	269	3.849
74	279	4.37705
74	299	5.69015
75	142	3.13171
75	147	2.50049
75	171	0.96092
75	199	2.32811
75	239	3.33017
75	253	2.99095
75	278	3.19591
75	284	4.16793
76	48	0.320895
76	51	1.42876
76	85	0.970394
76	222	3.4382
76	287	5.46451
76	291	4.18657
76	292	3.57175
76	293	3.23273
77	119	1.00212
77	148	0.862046
77	174	2.47964
77	175	2.4797
77	190	2.93914
77	201	3.41504
77	290	4.24993
77	299	5.19789
78	67	1.99901
78	211	2.26391
78	217	2.06562
78	250	2.07255
78	253	2.67221
78	259	2.71986
78	284	3.84919
78	292	4.98449
79	65	2.23952
79	135	2.28325
79	164	2.70262
79	210	2.25288
79	228	3.11228
79	230	2.76036
79	238	3.18668
79	273	4.11035
80	12	2.63998
80	14	1.72748
80	123	1.26288
80	142	1.77745
80	242	2.87151
80	282	2.57261
80	290	4.60763
80	297	5.16562
81	72	2.06557
81	124	2.70266
81	127	2.55091
81	176	2.79029
81	196	2.2619
81	205	3.99514
81	217	2.20836
81	259	4.03808
82	116	3.03798
82	155	1.27736
82	204	2.10122
82	225	2.24532
82	256	2.28643
82	271	3.88568
82	275	2.88815
82	296	4.90485
83	167	1.54327
83	219	1.45368
83	268	3.54733
83	275	2.61284
83	279	2.33997
83	280	3.6931
83	287	3.35752
83	296	4.07291
84	109	1.34428
84	112	2.18285
84	157	3.95005
84	176	3.84751
84	211	1.97689
84	241	2.30815
84	266	3.00783
84	281	4.02193
85	6	1.80463
85	67	1.47966
85	76	0.970394
85	115	0.797198
85	247	3.86429
85	263	3.3444
85	288	3.9945
85	297	5.49201
85	300	5.25111
86	87	2.49786
86	88	1.78144
86	122	1.05231
86	134	2.52093
86	154	2.91609
86	157	2.86514
86	226	3.78077
86	275	3.52129
86	299	6.07459
87	86	2.49786
87	101	3.14855
87	128	0.876538
87	136	1.25584
87	156	3.42885
87	164	2.54424
87	226	4.42638
87	270	4.8402
87	279	3.99712
88	56	1.11544
88	86	1.78144
88	134	2.45012
88	154	2.84528
88	156	2.71243
88	181	2.64235
88	226	3.70997
88	235	4.39862
88	284	5.3341
89	91	0.0111511
89	158	2.04077
89	212	3.46301
89	213	2.10007
89	277	2.07074
89	289	3.82188
89	294	3.38728
89	298	5.92294
89	299	4.27986
90	97	2.13526
90	113	2.66818
90	120	1.23464
90	141	3.02192
90	162	2.01625
90	214	2.79176
90	258	3.5163
90	291	4.78291
90	293	4.83831
91	63	0.00535747
91	89	0.0111511
91	101	1.40017
91	200	3.22772
91	240	2.70994
91	271	4.58687
91	274	4.32975
91	283	4.23353
91	299	6.56484
92	70	0.303804
92	97	0.957024
92	149	1.95132
92	241	2.57469
92	242	2.93685
92	254	3.0069
92	290	4.67296
92	291	5.58739
92	294	4.998
93	155	2.97846
93	224	3.55671
93	230	3.26839
93	236	2.26133
93	238	3.69471
93	249	2.23626
93	272	2.28587
93	285	2.88867
93	294	3.83421
94	19	3.64371
94	61	2.26528
94	153	3.80461
94	156	3.79969
94	173	0.0164515
94	252	1.04999
94	289	4.15328
94	294	3.71868
94	299	4.61125
95	29	2.23578
95	174	2.0593
95	179	0.823972
95	227	2.5188
95	257	3.14951
95	266	3.40827
95	269	3.74719
95	281	4.42237
95	293	4.64004
96	3	2.11487
96	20	1.89678
96	227	4.42801
96	248	2.18045
96	257	5.05872
96	270	2.67233
96	276	1.99227
96	291	2.92775
96	300	3.74237
97	29	1.79336
97	30	1.87579
97	90	2.13526
97	92	0.957024
97	98	4.11107
97	188	2.67531
97	202	2.75651
97	258	5.47218
97	270	5.24671
98	52	2.64048
98	97	4.11107
98	102	3.38717
98	178	3.35246
98	213	0.986413
98	260	2.41435
98	261	2.5913
98	280	3.3028
98	287	4.19578
99	43	3.13288
99	107	2.43637
99	183	2.08822
99	233	2.68641
99	251	3.12592
99	272	1.8818
99	290	3.73767
99	292	4.03727
99	296	3.8433
100	249	2.05604
100	251	1.79635
100	252	2.3683
100	258	2.4634
100	268	2.7596
100	276	3.39094
100	283	3.16347
100	285	3.51027
100	299	5.50495
101	87	3.14855
101	91	1.40017
101	104	2.35216
101	154	3.56678
101	226	4.43147
101	250	2.20835
101	262	2.07501
101	265	2.67959
101	294	5.12657
102	38	1.55247
102	55	0.864978
102	98	3.38717
102	152	3.68283
102	160	2.57141
102	200	3.86262
102	246	2.18044
102	259	3.89597
102	290	5.0122
103	38	1.83824
103	68	1.85364
103	108	0.921976
103	188	2.41541
103	189	2.3209
103	195	2.39864
103	262	4.38776
103	278	4.52512
103	297	6.33672
104	25	2.12005
104	101	2.35216
104	145	1.84613
104	154	2.76531
104	156	2.63246
104	202	3.38033
104	226	3.63
104	227	2.92756
104	282	5.3441
105	106	2.36297
105	187	0.894342
105	193	1.80536
105	243	1.91726
105	244	3.73049
105	286	3.74469
105	287	3.58248
105	288	3.35378
105	294	5.60129
106	48	0.803963
106	105	2.36297
106	151	1.30058
106	169	2.99505
106	172	3.17511
106	244	4.96556
106	245	1.7442
106	290	4.77406
106	296	4.87968
107	99	2.43637
107	125	3.13021
107	211	3.15266
107	249	1.98853
107	259	4.78409
107	264	2.63488
107	268	2.69209
107	271	2.75514
107	285	3.44276
108	103	0.921976
108	162	1.85378
108	239	2.46645
108	242	3.03297
108	247	3.813
108	262	3.49176
108	265	2.80669
108	266	2.86067
108	295	5.75292
109	10	1.23727
109	84	1.34428
109	253	2.23436
109	264	2.30807
109	276	3.26455
109	277	2.78319
109	286	4.34147
109	289	4.53433
109	299	4.99231
110	3	3.01681
110	204	1.25636
110	207	2.45672
110	241	2.99673
110	248	3.04968
110	269	2.9747
110	270	2.71259
110	272	3.50157
110	286	5.02991
111	231	1.4333
111	244	2.07983
111	250	2.09906
111	253	2.69871
111	259	2.74637
111	281	3.61881
111	284	3.8757
111	285	4.23554
111	288	4.20753
112	11	0.489873
112	84	2.18285
112	202	0.82351
112	243	3.925
112	257	3.28605
112	261	2.74469
112	276	4.10313
112	293	4.72628
112	295	4.71669
113	90	2.66818
113	137	1.98573
113	139	1.32291
113	157	1.32237
113	171	3.3663
113	184	3.77477
113	231	3.6806
113	274	3.82309
113	286	5.03609
114	12	0.750287
114	34	0.762565
114	169	2.24058
114	184	2.32216
114	206	2.32223
114	209	2.75426
114	244	3.31056
114	286	4.79123
114	288	4.20781
114	294	8.10262
115	29	2.81419
115	70	1.03608
115	85	0.797198
115	200	2.57404
115	209	3.23089
115	221	2.04545
115	240	3.63047
115	255	3.57874
115	295	5.76923
115	297	6.16065
116	52	1.19865
116	82	3.03798
116	204	0.406484
116	216	2.11844
116	245	1.47771
116	256	3.33334
116	290	4.50757
116	292	4.80717
116	296	4.61319
116	297	6.11372
117	64	2.10787
117	130	0.733046
117	156	2.63753
117	159	1.45393
117	224	3.0844
117	240	4.17804
117	241	3.81885
117	262	3.95749
117	263	3.75884
117	297	5.90645
118	138	2.29091
118	186	2.33966
118	196	2.49685
118	242	2.03056
118	248	1.45891
118	252	3.20057
118	286	5.47496
118	290	3.76667
118	291	4.6811
118	296	3.8723
119	77	1.00212
119	128	1.60039
119	169	2.50973
119	249	2.30791
119	264	2.95426
119	267	4.27865
119	276	3.64281
119	280	3.15724
119	285	3.76214
119	295	6.42568
120	90	1.23464
120	134	2.5085
120	148	2.03099
120	208	2.90535
120	282	1.71387
120	283	4.1255
120	288	5.0213
120	291	4.66332
120	293	3.70947
120	295	3.69989
121	1	1.81125
121	14	0.649973
121	23	3.65052
121	142	3.12748
121	215	2.76718
121	232	4.04541
121	242	2.9188
121	273	4.32687
121	280	4.05861
121	282	4.25069
122	53	0.240818
122	86	1.05231
122	141	0.329693
122	148	3.08223
122	209	3.09743
122	272	2.94426
122	290	4.80013
122	294	5.52454
122	295	4.75113
122	300	5.8076
123	80	1.26288
123	184	2.40268
123	221	3.03525
123	251	3.04732
123	252	3.39177
123	255	3.91662
123	282	1.86851
123	291	4.81795
123	295	3.85453
123	296	4.00915
124	28	1.46227
124	44	1.94971
124	81	2.70266
124	127	3.04158
124	160	2.15541
124	166	3.63229
124	205	4.48581
124	249	4.2032
124	266	2.98353
124	270	5.01416
125	14	3.42522
125	30	2.67084
125	66	2.71835
125	107	3.13021
125	161	1.50524
125	198	0.220656
125	207	3.86542
125	282	3.31839
125	293	5.31399
125	296	5.45903
126	4	1.31878
126	132	2.12869
126	165	2.57503
126	179	3.56
126	234	4.0086
126	236	3.94554
126	237	4.35003
126	247	1.63189
126	273	3.8432
126	278	4.26973
127	15	0.819006
127	72	2.40449
127	81	2.55091
127	124	3.04158
127	166	3.48054
127	205	4.33406
127	208	2.37674
127	215	2.66932
127	284	4.19046
127	300	5.74931
128	87	0.876538
128	119	1.60039
128	203	1.98103
128	212	2.47672
128	229	3.34144
128	246	3.6507
128	279	4.36086
128	284	4.04824
128	286	4.9339
128	288	4.35048
129	53	1.02518
129	64	0.49021
129	74	1.2706
129	149	0.68746
129	259	4.44905
129	260	3.73332
129	275	4.04611
129	278	4.60636
129	284	5.57838
129	286	5.73714
130	13	1.69832
130	57	1.79513
130	117	0.733046
130	160	2.95971
130	216	2.64478
130	233	2.12853
130	262	3.7331
130	263	3.53445
130	296	6.70832
130	297	5.68206
131	31	0.881872
131	150	2.13543
131	152	3.21695
131	162	2.78235
131	196	1.96851
131	200	3.39674
131	255	3.19708
131	258	4.2824
131	285	4.39121
131	297	5.37136
132	126	2.12869
132	142	3.3314
132	148	3.34488
132	161	1.21462
132	184	3.03134
132	185	3.05332
132	261	3.04178
132	264	4.26143
132	272	3.20691
132	295	5.01378
133	196	0.247102
133	205	0.485466
133	274	2.77037
133	277	2.58434
133	284	3.51311
133	289	4.33548
133	291	4.25734
133	294	3.90089
133	298	4.78989
133	299	4.79346
134	20	1.97788
134	25	2.93951
134	86	2.52093
134	88	2.45012
134	120	2.5085
134	156	3.45192
134	164	3.50537
134	226	4.44945
134	237	3.22945
134	254	4.59722
135	63	2.73953
135	79	2.28325
135	142	0.385033
135	199	2.41521
135	239	3.41727
135	273	1.58443
135	279	4.9423
135	288	3.42788
135	298	5.31284
135	300	5.09708
136	87	1.25584
136	138	1.11654
136	149	2.65664
136	207	2.13562
136	241	2.97199
136	257	3.4129
136	260	3.30938
136	267	3.91925
136	281	4.68576
136	286	5.3132
136	298	5.70431
137	43	1.98925
137	48	2.10595
137	67	1.08818
137	113	1.98573
137	188	1.93664
137	202	2.01784
137	230	1.59953
137	286	5.84324
137	290	4.81921
137	298	7.33729
137	299	5.76717
138	64	2.3662
138	118	2.29091
138	136	1.11654
138	211	2.56164
138	214	2.63809
138	216	2.5261
138	236	4.92762
138	266	3.59257
138	267	3.84016
138	281	4.60667
138	290	6.02468
139	16	1.13203
139	48	2.70854
139	113	1.32291
139	157	1.4667
139	162	2.07311
139	166	2.10979
139	274	3.96741
139	282	4.58419
139	287	5.01821
139	289	5.63874
139	300	6.4587
140	165	2.4618
140	172	1.77135
140	175	2.38527
140	179	3.44676
140	231	4.20204
140	234	3.89537
140	237	4.2368
140	239	2.27751
140	272	3.88425
140	273	3.75738
140	284	4.15681
141	28	0.883091
141	90	3.02192
141	122	0.329693
141	150	4.21188
141	167	4.65317
141	193	1.0839
141	258	6.35884
141	271	3.11843
141	285	3.9343
141	287	4.26731
141	289	4.62096
142	54	1.68782
142	75	3.13171
142	80	1.77745
142	121	3.12748
142	132	3.3314
142	135	0.385033
142	207	3.7578
142	235	2.45641
142	243	3.63241
142	293	6.24497
142	298	6.95389
143	223	1.00406
143	239	1.68695
143	244	2.97124
143	249	3.2441
143	264	2.41851
143	280	3.33654
143	287	3.59272
143	288	3.36402
143	289	4.58317
143	298	5.24898
143	300	5.03322
144	7	2.53477
144	57	1.20597
144	65	1.86646
144	166	1.62469
144	185	1.78087
144	187	3.3011
144	232	3.63562
144	243	4.32402
144	288	5.76054
144	293	4.93635
144	296	5.51537
145	67	0.676484
145	104	1.84613
145	180	1.45427
145	203	1.80364
145	232	2.91573
145	260	3.69234
145	270	4.4763
145	274	4.21855
145	287	5.26934
145	290	4.78746
145	295	5.33792
146	155	1.42049
146	215	2.14818
146	240	1.99734
146	252	2.29098
146	259	3.35306
146	272	3.39677
146	276	3.47807
146	277	3.64313
146	289	5.39427
146	292	4.44221
146	294	4.95967
147	23	0.971897
147	75	2.50049
147	150	1.81755
147	173	1.16711
147	202	2.81271
147	222	1.20782
147	243	4.44473
147	277	4.12583
147	286	5.69977
147	294	5.44238
147	299	6.33495
148	73	3.18377
148	77	0.862046
148	120	2.03099
148	122	3.08223
148	132	3.34488
148	153	3.56
148	168	2.55064
148	170	2.17631
148	272	6.22313
148	273	4.53576
148	284	4.93518
149	92	1.95132
149	129	0.68746
149	136	2.65664
149	162	3.2035
149	173	3.33568
149	250	2.74524
149	253	3.34489
149	259	3.39254
149	278	3.54986
149	284	4.52187
149	295	7.10263
150	36	2.0404
150	60	2.67089
150	131	2.13543
150	141	4.21188
150	147	1.81755
150	181	3.36164
150	198	1.92906
150	200	3.8206
150	265	3.35534
150	291	5.27076
150	295	5.87695
151	15	0.736271
151	18	1.40305
151	43	1.83326
151	64	3.31896
151	106	1.30058
151	152	2.33153
151	199	3.29611
151	242	4.58731
151	269	3.94068
151	294	7.45325
151	295	6.27442
152	102	3.68283
152	131	3.21695
152	151	2.33153
152	160	3.6109
152	165	1.28931
152	167	4.0821
152	178	3.64812
152	234	2.13713
152	245	2.79245
152	292	4.45005
152	300	5.23602
153	24	0.757757
153	62	0.209613
153	94	3.80461
153	148	3.56
153	237	3.11609
153	246	3.16738
153	262	3.42341
153	269	2.89515
153	277	3.96571
153	291	6.19233
153	296	5.38352
154	86	2.91609
154	88	2.84528
154	101	3.56678
154	104	2.76531
154	156	3.84708
154	219	2.25555
154	226	4.84461
154	228	2.58137
154	252	3.05702
154	275	3.64038
154	278	4.47286
154	285	4.776
155	15	1.90282
155	50	2.5774
155	82	1.27736
155	93	2.97846
155	146	1.42049
155	167	4.12328
155	210	4.59559
155	230	5.10307
155	238	5.52939
155	241	4.12674
155	247	2.66354
155	284	5.27426
156	87	3.42885
156	88	2.71243
156	94	3.79969
156	104	2.63246
156	117	2.63753
156	134	3.45192
156	154	3.84708
156	186	2.94461
156	226	4.71176
156	229	2.84483
156	244	4.59924
156	277	3.96079
157	84	3.95005
157	86	2.86514
157	113	1.32237
157	139	1.4667
157	172	3.58185
157	179	3.04515
157	201	3.07738
157	220	3.5008
157	251	4.3284
157	273	2.94552
157	287	5.01768
157	300	6.45817
158	30	2.15323
158	66	2.0831
158	89	2.04077
158	210	3.20804
158	215	1.94278
158	225	2.88539
158	235	3.98223
158	250	3.27528
158	251	3.49946
158	276	5.09404
158	285	5.21338
158	294	6.1935
159	21	0.875189
159	117	1.45393
159	199	2.25815
159	203	1.94965
159	209	3.47318
159	239	3.42867
159	245	3.24879
159	265	3.76892
159	283	3.53995
159	295	5.48393
159	297	6.40294
159	300	5.69236
160	50	2.58024
160	51	1.78068
160	60	2.64098
160	102	2.57141
160	124	2.15541
160	130	2.95971
160	152	3.6109
160	181	3.33173
160	214	3.95181
160	258	4.67635
160	272	4.8806
160	298	6.42993
161	125	1.50524
161	132	1.21462
161	174	2.97907
161	204	1.84765
161	223	2.99067
161	231	2.28818
161	256	3.2902
161	259	4.44391
161	278	4.78729
161	282	3.91372
161	292	6.24834
161	296	6.05436
162	36	2.68731
162	60	3.31781
162	90	2.01625
162	108	1.85378
162	131	2.78235
162	139	2.07311
162	149	3.2035
162	176	3.41032
162	214	4.62864
162	258	5.35317
162	283	4.38083
162	286	5.86005
163	184	2.83501
163	191	3.16065
163	200	3.36807
163	237	3.12976
163	243	4.84346
163	262	3.43707
163	270	1.37327
163	272	2.16225
163	290	4.01812
163	291	4.93255
163	292	4.31772
163	293	3.9787
164	79	2.70262
164	87	2.54424
164	134	3.50537
164	194	1.90285
164	197	3.83078
164	232	2.8919
164	236	2.86853
164	238	3.48863
164	257	4.7076
164	260	3.66852
164	274	4.19472
164	287	5.24552
165	126	2.57503
165	140	2.4618
165	152	1.28931
165	188	3.05265
165	195	4.01188
165	229	2.78581
165	231	4.00291
165	232	2.69877
165	234	3.69624
165	237	4.03767
165	255	4.27136
165	300	6.69409
166	44	2.38867
166	46	3.36312
166	72	2.99521
166	124	3.63229
166	127	3.48054
166	139	2.10979
166	144	1.62469
166	205	4.92478
166	226	4.05096
166	257	4.00273
166	274	4.26833
166	281	4.72459
167	17	1.97734
167	36	2.48169
167	52	2.29592
167	83	1.54327
167	141	4.65317
167	152	4.0821
167	155	4.12328
167	178	3.0079
167	200	4.26189
167	219	4.18192
167	220	3.81133
167	277	5.13865
168	1	1.41739
168	6	1.90546
168	10	1.93522
168	69	3.0417
168	148	2.55064
168	180	2.29093
168	187	2.63325
168	212	4.18118
168	217	4.17319
168	279	6.06532
168	285	5.46881
168	292	5.91144
169	106	2.99505
169	114	2.24058
169	119	2.50973
169	182	0.00485158
169	222	1.32345
169	250	3.31515
169	258	3.66396
169	277	4.24147
169	280	4.72787
169	283	4.11927
169	289	5.99261
169	294	5.55801
169	298	6.23436
170	2	1.57505
170	24	2.7031
170	43	2.60834
170	148	2.17631
170	172	4.86429
170	181	2.07247
170	210	3.05456
170	230	2.34452
170	232	3.94651
170	261	3.82301
170	283	4.17066
170	289	5.78114
170	300	7.74062
171	26	0.900603
171	75	0.96092
171	113	3.3663
171	195	2.63745
171	197	2.1961
171	212	3.55365
171	244	4.40992
171	250	4.42915
171	267	3.94021
171	277	3.50334
171	278	5.23376
171	284	6.20578
171	293	5.53644
172	14	1.3843
172	37	1.63663
172	53	1.31134
172	66	2.30304
172	106	3.17511
172	140	1.77135
172	157	3.58185
172	170	4.86429
172	207	3.45011
172	244	4.54263
172	273	5.0612
172	288	6.90466
172	299	6.88557
173	2	1.35802
173	11	1.87745
173	94	0.0164515
173	147	1.16711
173	149	3.33568
173	184	1.36432
173	199	2.22521
173	238	2.87926
173	283	5.70604
173	291	5.8508
173	293	5.9062
173	294	7.14478
173	299	8.03735
174	13	1.96625
174	58	1.78628
174	77	2.47964
174	95	2.0593
174	161	2.97907
174	175	3.46648
174	177	3.27948
174	184	3.36417
174	188	3.91542
174	190	3.92592
174	201	4.40182
174	289	6.75891
174	291	6.48622
175	13	1.9663
175	20	2.41692
175	77	2.4797
175	140	2.38527
175	174	3.46648
175	177	3.27954
175	188	3.91547
175	190	3.92597
175	201	4.40187
175	209	4.60024
175	238	3.52426
175	273	5.35214
175	283	5.158
176	67	3.74644
176	70	1.5392
176	81	2.79029
176	84	3.84751
176	162	3.41032
176	177	3.14733
176	202	1.96618
176	206	3.154
176	242	4.17224
176	247	3.34831
176	261	3.88736
176	295	5.85936
176	296	6.01399
177	174	3.27948
177	175	3.27954
177	176	3.14733
177	188	3.72848
177	190	3.73898
177	192	3.05547
177	201	4.21488
177	209	3.56008
177	220	2.15061
177	233	2.5387
177	261	3.77018
178	36	2.04771
178	60	2.67821
178	68	2.91475
178	98	3.35246
178	152	3.64812
178	167	3.0079
178	194	4.44829
178	197	3.83785
178	214	3.98903
178	219	3.53282
178	225	3.78015
178	258	4.71357
178	267	4.92642
179	47	1.73798
179	95	0.823972
179	126	3.56
179	140	3.44676
179	157	3.04515
179	214	1.92005
179	231	4.98788
179	234	4.68121
179	237	5.02264
179	238	2.27936
179	280	4.27696
179	293	5.3063
179	294	5.78245
180	33	0.109502
180	36	1.86444
180	145	1.45427
180	168	2.29093
180	192	3.01954
180	213	2.35468
180	223	2.16545
180	281	4.38899
180	287	4.75411
180	292	5.44835
180	298	6.41037
180	299	6.4234
180	300	6.19461
181	12	1.67606
181	19	2.34653
181	29	1.82978
181	88	2.64235
181	150	3.36164
181	160	3.33173
181	170	2.07247
181	200	4.62294
181	211	2.88365
181	214	4.78407
181	258	5.5086
181	286	5.71701
181	298	6.10813
182	41	1.48674
182	169	0.00485158
182	214	2.522
182	218	2.77948
182	240	2.36913
182	248	5.10554
182	252	2.66277
182	275	4.30325
182	278	5.13573
182	280	4.87891
182	283	3.89272
182	289	5.76606
182	294	5.33146
182	299	6.22403
183	69	0.66827
183	99	2.08822
183	184	0.0049801
183	211	2.80451
183	240	2.36873
183	243	4.38284
183	252	2.66236
183	282	4.71458
183	283	3.89232
183	289	5.76565
183	291	5.49645
183	294	5.33106
183	297	6.06262
183	299	6.22363
184	113	3.77477
184	114	2.32216
184	123	2.40268
184	132	3.03134
184	163	2.83501
184	173	1.36432
184	174	3.36417
184	183	0.0049801
184	277	4.32304
184	281	4.85879
184	289	6.07419
184	293	5.94491
184	294	5.63959
184	299	6.53216
185	132	3.05332
185	144	1.78087
185	219	2.09267
185	230	2.74755
185	233	2.99456
185	242	3.79773
185	256	2.65012
185	268	4.18632
185	271	4.24936
185	275	3.25183
185	276	4.81766
185	285	4.93699
185	287	5.83052
185	290	5.96722
186	16	1.78366
186	48	3.36017
186	118	2.33966
186	156	2.94461
186	213	2.1478
186	235	1.70601
186	260	2.97022
186	264	4.12572
186	273	2.47507
186	276	5.0822
186	286	4.70944
186	294	6.54925
186	298	6.20349
186	300	5.98772
187	23	3.13254
187	54	2.27124
187	105	0.894342
187	144	3.3011
187	168	2.63325
187	192	3.36187
187	195	2.91844
187	199	2.13644
187	254	3.17646
187	261	4.07659
187	284	5.01779
187	287	5.88105
187	289	6.03471
187	298	7.53731
188	5	2.37757
188	61	1.57726
188	97	2.67531
188	103	2.41541
188	137	1.93664
188	165	3.05265
188	174	3.91542
188	175	3.91547
188	177	3.72848
188	190	4.37492
188	201	4.85081
188	297	6.75091
189	3	1.86419
189	6	1.58893
189	69	2.72517
189	103	2.3209
189	203	3.36896
189	212	3.86465
189	217	3.85666
189	226	4.38589
189	227	2.89182
189	246	5.03863
189	256	3.87602
189	263	3.94194
189	279	5.74878
189	300	6.90484
190	13	2.42574
190	27	2.87314
190	77	2.93914
190	174	3.92592
190	175	3.92597
190	177	3.73898
190	188	4.37492
190	201	4.86132
190	212	2.91751
190	236	3.80358
190	259	3.7844
190	271	3.61506
190	274	3.35793
190	299	5.8486
191	37	2.68425
191	163	3.16065
191	196	1.61641
191	198	2.87344
191	219	3.28071
191	222	1.03564
191	226	4.5108
191	243	5.10153
191	245	4.58619
191	252	2.60151
191	283	3.83146
191	289	5.7048
191	294	5.2702
191	299	6.16277
192	31	2.68808
192	55	1.4158
192	74	1.91713
192	177	3.05547
192	180	3.01954
192	187	3.36187
192	203	3.39198
192	217	3.87968
192	219	3.67697
192	229	4.75239
192	246	5.06165
192	260	4.74901
192	279	5.77181
192	280	5.63746
193	105	1.80536
193	141	1.0839
193	197	1.28344
193	209	3.85164
193	212	3.81981
193	215	3.48182
193	244	3.49725
193	250	3.51648
193	253	4.11613
193	259	4.16378
193	278	4.3211
193	284	5.29312
193	293	5.80259
193	295	6.35338
194	23	2.47801
194	35	2.40619
194	56	2.31263
194	59	2.75864
194	164	1.90285
194	178	4.44829
194	213	2.82708
194	216	3.5635
194	223	2.63785
194	248	6.2453
194	250	4.60594
194	277	5.01491
194	287	5.22651
194	288	4.99781
194	300	6.66701
195	4	2.75563
195	32	2.79357
195	35	1.58155
195	47	2.50222
195	70	2.04101
195	103	2.39864
195	165	4.01188
195	171	2.63745
195	187	2.91844
195	231	5.75212
195	234	5.44545
195	237	5.78688
195	243	5.05436
195	290	6.22371
195	292	6.19662
196	8	0.000384416
196	34	0.00966407
196	81	2.2619
196	118	2.49685
196	131	1.96851
196	133	0.247102
196	191	1.61641
196	236	5.13356
196	240	4.80393
196	277	6.44971
196	280	5.20094
196	285	5.76091
196	289	8.20086
196	290	6.23062
196	294	7.76626
197	33	1.22554
197	164	3.83078
197	171	2.1961
197	178	3.83785
197	193	1.28344
197	202	3.63653
197	220	3.07715
197	244	3.60725
197	250	3.62648
197	253	4.22613
197	259	4.27378
197	278	4.43109
197	284	5.40311
197	286	6.52359
197	294	6.91372
198	125	0.220656
198	150	1.92906
198	191	2.87344
198	248	2.35639
198	254	4.21032
198	270	2.0193
198	279	4.57136
198	281	4.63915
198	287	5.5889
198	288	5.22787
198	290	4.66416
198	291	5.57858
198	292	4.96376
198	293	4.62474
198	295	4.61515
199	68	2.2276
199	75	2.32811
199	135	2.41521
199	151	3.29611
199	159	2.25815
199	173	2.22521
199	187	2.13644
199	247	5.08295
199	255	4.12876
199	263	4.56306
199	265	4.07665
199	273	4.24232
199	296	6.0204
199	297	6.71067
199	299	6.38967
200	52	3.11593
200	91	3.22772
200	102	3.86262
200	115	2.57404
200	131	3.39674
200	150	3.8206
200	163	3.36807
200	167	4.26189
200	181	4.62294
200	207	3.9908
200	229	3.3289
200	234	4.13829
200	238	3.45102
200	254	4.96302
200	258	5.96756
201	13	2.90164
201	38	1.87912
201	77	3.41504
201	157	3.07738
201	174	4.40182
201	175	4.40187
201	177	4.21488
201	188	4.85081
201	190	4.86132
201	212	3.35574
201	218	2.20975
201	226	3.57878
201	259	4.22263
201	288	4.84113
201	295	5.88932
202	97	2.75651
202	104	3.38033
202	112	0.82351
202	137	2.01784
202	147	2.81271
202	176	1.96618
202	197	3.63653
202	245	2.82486
202	262	3.74593
202	279	5.16742
202	284	5.52169
202	290	5.85472
202	293	5.8153
202	295	5.80572
202	296	5.96035
203	6	1.69204
203	128	1.98103
203	145	1.80364
203	159	1.94965
203	189	3.36896
203	192	3.39198
203	212	3.96775
203	217	3.95977
203	228	3.47488
203	229	4.83247
203	244	4.74423
203	279	5.85189
203	281	5.05277
203	285	5.6695
203	289	6.35616
204	16	2.60833
204	44	3.10396
204	82	2.10122
204	110	1.25636
204	116	0.406484
204	161	1.84765
204	226	5.13802
204	242	3.9597
204	265	4.92693
204	267	5.30152
204	269	3.31307
204	280	5.86842
204	291	6.61025
204	292	5.99543
204	293	5.6564
205	39	2.32696
205	44	3.2422
205	46	4.21665
205	60	0.397015
205	72	3.84873
205	81	3.99514
205	124	4.48581
205	127	4.33406
205	133	0.485466
205	166	4.92478
205	274	3.75271
205	282	4.45782
205	289	5.51237
205	296	5.87411
205	299	6.24338
206	37	1.9314
206	114	2.32223
206	176	3.154
206	218	2.38892
206	235	3.78258
206	239	2.83876
206	240	2.67732
206	252	2.97096
206	271	4.23245
206	272	4.44551
206	277	4.32311
206	283	4.20091
206	289	6.07425
206	299	6.53223
206	300	6.27691
207	65	3.56532
207	110	2.45672
207	125	3.86542
207	136	2.13562
207	142	3.7578
207	172	3.45011
207	200	3.9908
207	208	2.9592
207	216	3.54519
207	241	3.91198
207	246	3.80377
207	257	4.3529
207	266	4.61165
207	267	4.85925
207	281	5.62575
207	294	7.11136
208	19	3.22457
208	70	2.32666
208	120	2.90535
208	127	2.37674
208	207	2.9592
208	211	3.4643
208	216	3.42877
208	227	3.60576
208	241	3.79556
208	246	3.67759
208	259	5.39312
208	266	4.49524
208	267	4.74283
208	281	5.50933
208	283	5.11583
208	298	6.98616
209	54	2.87603
209	58	2.41167
209	59	2.26333
209	114	2.75426
209	115	3.23089
209	122	3.09743
209	159	3.47318
209	175	4.60024
209	177	3.56008
209	193	3.85164
209	218	4.19964
209	220	4.12246
209	233	4.37217
209	258	5.07816
209	276	6.18053
209	297	7.9257
210	9	2.79239
210	50	2.35986
210	60	1.715
210	73	2.18078
210	79	2.25288
210	155	4.59559
210	158	3.20804
210	170	3.05456
210	213	3.26734
210	224	5.17384
210	228	5.23745
210	230	4.88552
210	238	5.31184
210	261	4.87222
210	281	5.52695
210	299	7.56136
211	49	2.52863
211	78	2.26391
211	84	1.97689
211	107	3.15266
211	138	2.56164
211	181	2.88365
211	183	2.80451
211	208	3.4643
211	253	4.35395
211	257	4.858
211	262	3.79963
211	266	5.11676
211	267	5.36435
211	281	6.13086
211	288	5.87764
211	294	6.85118
212	22	1.06878
212	61	2.4767
212	89	3.46301
212	128	2.47672
212	168	4.18118
212	171	3.55365
212	189	3.86465
212	190	2.91751
212	193	3.81981
212	201	3.35574
212	203	3.96775
212	217	4.45545
212	246	5.63743
212	266	4.79812
212	279	6.34758
212	298	7.61672
213	89	2.10007
213	98	0.986413
213	180	2.35468
213	186	2.1478
213	194	2.82708
213	210	3.26734
213	234	3.43697
213	236	3.79277
213	243	4.50454
213	273	4.0976
213	283	4.38345
213	286	6.33197
213	288	5.94106
213	291	5.72124
213	292	5.74989
213	296	6.35567
214	29	2.44986
214	52	3.27706
214	90	2.79176
214	138	2.63809
214	160	3.95181
214	162	4.62864
214	178	3.98903
214	179	1.92005
214	181	4.78407
214	182	2.522
214	221	3.19123
214	258	6.12869
214	273	4.53706
214	274	4.19374
214	296	6.31514
214	299	6.68441
215	54	2.50621
215	121	2.76718
215	127	2.66932
215	146	2.14818
215	158	1.94278
215	193	3.48182
215	225	2.99339
215	249	3.86715
215	251	3.60747
215	264	4.5135
215	268	4.57071
215	276	5.20205
215	279	5.64769
215	284	6.00196
215	285	5.32138
215	292	6.77484
216	28	1.77514
216	38	3.51587
216	116	2.11844
216	130	2.64478
216	138	2.5261
216	194	3.5635
216	207	3.54519
216	208	3.42877
216	227	4.19175
216	241	4.38155
216	266	5.08122
216	267	5.32882
216	269	4.74501
216	286	5.72388
216	289	5.85514
216	291	5.58246
217	1	1.69167
217	10	2.17377
217	22	1.06079
217	78	2.06562
217	81	2.20836
217	168	4.17319
217	189	3.85666
217	192	3.87968
217	203	3.95977
217	212	4.45545
217	240	4.58877
217	243	5.00773
217	246	5.62944
217	279	6.33959
217	292	6.14999
217	293	6.17674
217	297	6.68751
218	49	2.05362
218	66	1.05796
218	182	2.77948
218	201	2.20975
218	206	2.38892
218	209	4.19964
218	220	3.32616
218	239	4.15513
218	247	5.50168
218	260	4.0758
218	262	5.18044
218	265	4.49538
218	274	4.45122
218	281	4.90748
218	289	6.21087
218	292	5.96684
218	297	7.1294
219	8	1.4
219	83	1.45368
219	154	2.25555
219	167	4.18192
219	178	3.53282
219	185	2.09267
219	191	3.28071
219	192	3.67697
219	264	4.93978
219	268	4.99699
219	271	5.06003
219	272	5.06035
219	276	5.62832
219	280	5.14276
219	281	5.04642
219	285	5.74766
219	294	6.60869
220	7	3.36037
220	51	1.65015
220	157	3.5008
220	167	3.81133
220	177	2.15061
220	197	3.07715
220	209	4.12246
220	218	3.32616
220	254	4.247
220	255	4.47031
220	262	5.10326
220	263	4.90461
220	265	4.41819
220	267	4.16571
220	270	5.45112
220	285	5.29257
220	297	7.05222
221	9	2.75681
221	51	1.3382
221	55	2.43059
221	115	2.04545
221	123	3.03525
221	214	3.19123
221	233	3.18674
221	239	3.766
221	247	5.11255
221	248	5.77477
221	255	4.15836
221	263	4.59266
221	265	4.10624
221	266	4.23602
221	293	6.57748
221	297	6.74027
221	298	7.05462
222	21	2.7547
222	39	0.000499864
222	76	3.4382
222	147	1.20782
222	169	1.32345
222	191	1.03564
222	229	3.81064
222	232	3.72359
222	234	4.62003
222	235	5.22459
222	240	4.22315
222	271	5.67445
222	277	5.86894
222	279	5.80579
222	283	5.74674
222	289	7.62008
222	299	8.07806
223	13	2.12226
223	27	0.221806
223	143	1.00406
223	161	2.99067
223	180	2.16545
223	194	2.63785
223	253	4.53215
223	254	3.27593
223	255	4.88972
223	258	4.45998
223	264	4.60586
223	269	5.66038
223	274	4.92972
223	278	5.78071
223	288	5.75182
223	298	7.63678
223	300	7.42102
224	4	1.50568
224	21	3.16099
224	39	3.47263
224	45	2.33615
224	50	3.15565
224	73	2.97657
224	93	3.55671
224	117	3.0844
224	210	5.17384
224	225	3.69825
224	228	6.03324
224	230	5.68131
224	238	6.10763
224	251	3.90794
224	268	4.43117
224	276	5.44987
224	282	5.60349
224	296	7.01978
225	26	1.74402
225	43	1.23603
225	62	2.77418
225	82	2.24532
225	158	2.88539
225	178	3.78015
225	215	2.99339
225	224	3.69825
225	249	4.80976
225	256	3.97712
225	264	5.45611
225	269	5.48701
225	271	5.57637
225	275	4.57884
225	280	5.65909
225	284	5.58023
225	295	6.93065
225	296	6.95889
226	25	4.19935
226	46	1.24206
226	59	3.07326
226	86	3.78077
226	87	4.42638
226	88	3.70997
226	101	4.43147
226	104	3.63
226	134	4.44945
226	154	4.84461
226	156	4.71176
226	166	4.05096
226	189	4.38589
226	191	4.5108
226	201	3.57878
226	204	5.13802
226	245	5.67827
226	282	6.52535
227	6	3.1813
227	41	2.10544
227	95	2.5188
227	96	4.42801
227	104	2.92756
227	189	2.89182
227	208	3.60576
227	216	4.19175
227	241	4.55855
227	255	4.20504
227	257	4.99947
227	267	5.50582
227	268	3.85897
227	271	4.58331
227	279	4.71465
227	281	6.27232
227	288	5.37116
227	296	6.44758
228	21	3.2246
228	39	3.49023
228	45	2.39976
228	50	3.21926
228	73	3.04018
228	79	3.11228
228	154	2.58137
228	203	3.47488
228	210	5.23745
228	224	6.03324
228	230	5.74492
228	236	5.36164
228	238	6.17124
228	245	4.77401
228	247	3.048
228	260	4.54057
228	273	5.2593
228	284	5.65873
229	1	2.56438
229	22	1.9335
229	55	2.8563
229	69	4.18868
229	128	3.34144
229	156	2.84483
229	165	2.78581
229	192	4.75239
229	200	3.3289
229	203	4.83247
229	222	3.81064
229	237	3.09059
229	246	6.50215
229	264	4.02593
229	279	7.2123
229	281	4.88719
229	297	6.48407
229	299	6.9216
230	3	1.62159
230	21	2.87268
230	45	2.04784
230	79	2.76036
230	93	3.26839
230	137	1.59953
230	155	5.10307
230	170	2.34452
230	185	2.74755
230	210	4.88552
230	224	5.68131
230	228	5.74492
230	238	5.81932
230	244	4.50838
230	292	5.87628
230	295	6.45382
230	298	6.38017
230	300	6.66224
231	4	2.74666
231	32	2.78461
231	47	2.49325
231	63	2.49406
231	111	1.4333
231	113	3.6806
231	140	4.20204
231	161	2.28818
231	165	4.00291
231	179	4.98788
231	195	5.75212
231	234	5.43648
231	237	5.77791
231	249	4.72895
231	272	4.77855
231	293	5.85074
231	294	6.3269
231	300	6.60996
232	24	2.61855
232	25	0.253254
232	54	2.60576
232	121	4.04541
232	144	3.63562
232	145	2.91573
232	164	2.8919
232	165	2.69877
232	170	3.94651
232	222	3.72359
232	253	3.86518
232	268	3.87668
232	280	4.85692
232	289	6.10354
232	294	6.36242
232	295	6.43705
232	298	7.87183
232	300	7.65607
233	45	2.22521
233	59	1.63957
233	99	2.68641
233	130	2.12853
233	177	2.5387
233	185	2.99456
233	209	4.37217
233	221	3.18674
233	239	4.32766
233	240	4.56207
233	254	4.63509
233	255	4.72002
233	262	5.35297
233	263	5.15432
233	270	5.83921
233	291	6.09463
233	297	7.30193
233	298	6.62718
234	4	2.43999
234	28	3.85693
234	32	2.47793
234	44	2.98889
234	126	4.0086
234	140	3.89537
234	152	2.13713
234	165	3.69624
234	179	4.68121
234	195	5.44545
234	200	4.13829
234	213	3.43697
234	222	4.62003
234	231	5.43648
234	237	5.47124
234	240	5.19472
234	275	5.17769
234	289	6.99998
234	291	6.72729
235	57	0.944697
235	69	2.50367
235	88	4.39862
235	142	2.45641
235	158	3.98223
235	186	1.70601
235	206	3.78258
235	222	5.22459
235	236	3.35098
235	237	4.50454
235	254	3.02337
235	257	5.57928
235	260	4.15096
235	261	5.64641
235	275	5.78226
235	287	5.72797
235	288	5.49927
235	298	7.38422
235	300	7.16846
236	12	0.471155
236	16	3.73622
236	19	0.989559
236	93	2.26133
236	126	3.94554
236	138	4.92762
236	164	2.86853
236	190	3.80358
236	196	5.13356
236	213	3.79277
236	228	5.36164
236	235	3.35098
236	257	6.21767
236	260	4.61519
236	268	6.01606
236	274	5.1414
236	286	6.35441
236	287	6.1922
236	300	7.63269
237	28	4.19836
237	35	1.59783
237	47	2.52801
237	126	4.35003
237	134	3.22945
237	140	4.2368
237	153	3.11609
237	163	3.12976
237	165	4.03767
237	179	5.02264
237	195	5.78688
237	229	3.09059
237	231	5.77791
237	234	5.47124
237	235	4.50454
237	270	5.92882
237	281	5.15354
237	283	4.84646
237	296	6.81868
238	17	0.901019
238	45	2.47416
238	73	3.11458
238	79	3.18668
238	93	3.69471
238	155	5.52939
238	164	3.48863
238	173	2.87926
238	175	3.52426
238	179	2.27936
238	200	3.45102
238	210	5.31184
238	224	6.10763
238	228	6.17124
238	230	5.81932
238	278	5.3229
238	291	6.04002
238	296	6.67445
238	300	6.85464
239	59	2.21883
239	75	3.33017
239	108	2.46645
239	135	3.41727
239	140	2.27751
239	143	1.68695
239	159	3.42867
239	206	2.83876
239	218	4.15513
239	221	3.766
239	233	4.32766
239	255	5.29928
239	262	5.93223
239	265	5.24716
239	275	4.83843
239	278	5.67091
239	293	6.44343
239	296	7.02246
239	297	7.88119
239	300	7.20265
240	2	2.98621
240	9	3.71372
240	91	2.70994
