1	49	2.36353
1	115	2.75099
1	123	3.7581
1	133	3.40792
1	185	3.89832
1	188	3.58863
1	210	3.67874
1	229	3.71618
1	235	4.08886
1	261	4.62867
1	272	4.79688
1	277	4.76318
1	278	4.74018
1	280	5.10902
1	285	4.78314
1	286	4.99735
1	291	4.97133
2	8	2.7927
2	15	4.70059
2	77	3.25829
2	80	3.44576
2	104	3.34554
2	127	3.68171
2	135	3.36474
2	150	4.85323
2	178	3.72833
2	189	5.39743
2	200	4.11395
2	206	4.13099
2	214	4.44458
2	217	4.15636
2	221	4.15631
2	226	4.4513
2	266	6.1444
3	26	3.11151
3	32	3.20267
3	39	2.76931
3	75	3.78039
3	84	3.74313
3	93	3.83732
3	103	3.80291
3	109	3.80494
3	133	4.15823
3	148	4.20574
3	155	4.20618
3	158	4.21058
3	182	4.233
3	195	4.54483
3	201	4.5448
3	223	5.61383
3	292	6.316
4	27	2.32965
4	51	3.53129
4	84	3.04
4	87	2.65745
4	105	3.95597
4	137	3.91654
4	169	4.09687
4	199	4.21269
4	205	4.35673
4	207	4.41424
4	212	4.41528
4	231	3.97108
4	244	5.06572
4	253	5.11047
4	255	5.08046
4	262	5.12177
4	298	4.79185
5	14	3.48951
5	21	3.28697
5	33	3.69426
5	47	2.73833
5	171	3.0907
5	190	4.93181
5	202	3.60881
5	223	3.76656
5	246	4.27073
5	249	5.52202
5	264	4.07926
5	273	4.40102
5	280	4.43137
5	281	4.49952
5	287	4.67853
5	288	4.60965
5	297	4.89756
6	50	4.72665
6	52	4.17353
6	53	3.23716
6	93	4.12791
6	96	3.29859
6	98	3.23746
6	136	3.70101
6	144	3.54339
6	175	4.73686
6	180	4.01051
6	187	4.22611
6	190	3.84742
6	199	3.8721
6	234	4.52008
6	256	4.80299
6	270	4.876
6	276	5.13665
7	60	3.05565
7	67	2.8355
7	91	2.92107
7	145	3.36471
7	185	3.43837
7	220	4.36081
7	228	3.3589
7	245	4.31212
7	249	4.05879
7	262	4.52025
7	263	4.85299
7	272	4.96898
7	274	4.85311
7	275	4.88955
7	286	4.29633
7	296	5.07598
7	299	4.92841
8	2	2.7927
8	58	3.26546
8	77	3.63564
8	80	3.82311
8	104	3.72289
8	120	4.52916
8	168	4.11011
8	200	4.4913
8	206	4.50833
8	208	3.49612
8	214	4.82193
8	217	4.53371
8	221	4.53366
8	226	4.82865
8	276	4.08181
8	293	4.35887
8	295	4.59619
9	45	3.78286
9	60	2.68067
9	123	3.57418
9	134	3.18797
9	233	3.81307
9	237	4.84991
9	246	4.58531
9	248	4.21706
9	250	3.77529
9	258	3.96855
9	263	4.47801
9	272	4.594
9	274	4.47813
9	275	4.51457
9	290	4.4501
9	292	4.46795
9	298	4.66405
10	96	3.18469
10	101	3.4494
10	120	3.2983
10	147	3.65006
10	158	3.66699
10	187	4.1122
10	190	3.73352
10	196	4.13635
10	199	3.7582
10	220	4.31531
10	234	4.40617
10	237	4.34188
10	246	4.37127
10	256	4.68909
10	270	4.7621
10	276	5.02274
10	278	5.21595
11	38	2.65254
11	58	4.27207
11	66	4.36241
11	121	3.05485
11	126	3.30463
11	130	3.32853
11	143	3.16357
11	157	3.31601
11	172	3.92118
11	215	4.08579
11	219	4.16178
11	268	4.89991
11	269	4.66739
11	289	5.20652
11	293	5.2624
11	294	5.0167
11	295	5.4472
12	26	2.90176
12	53	3.21567
12	119	4.04495
12	123	2.85289
12	173	3.06338
12	179	3.52322
12	246	5.14281
12	248	4.117
12	252	4.13931
12	260	4.22823
12	266	4.16899
12	269	5.71386
12	271	4.39326
12	279	4.41807
12	282	4.70892
12	283	4.89007
12	284	4.56947
13	80	3.6869
13	89	3.39679
13	102	2.38491
13	104	3.58667
13	127	3.92285
13	135	3.60587
13	168	3.97389
13	197	3.72469
13	200	4.35508
13	206	4.37212
13	214	4.68572
13	217	4.39749
13	221	4.39745
13	225	4.39435
13	226	4.69243
13	270	5.36989
13	277	5.1517
14	5	3.48951
14	72	2.70709
14	134	3.33133
14	194	4.04377
14	211	4.41369
14	233	3.95644
14	238	3.90018
14	247	4.06581
14	249	3.82718
14	250	3.91866
14	259	4.3518
14	261	3.99791
14	263	4.62138
14	272	4.73736
14	289	5.10657
14	296	4.84436
14	298	4.80741
15	2	4.70059
15	21	3.81618
15	41	3.31219
15	50	2.56914
15	94	4.61752
15	116	3.06347
15	124	2.95438
15	149	4.50781
15	202	3.83484
15	211	3.54478
15	242	4.16121
15	273	4.62705
15	280	4.6574
15	281	4.72554
15	288	4.83567
15	297	5.12358
15	300	4.97252
16	31	3.09926
16	38	3.20643
16	44	3.97182
16	99	3.43048
16	109	4.5088
16	125	3.57488
16	140	3.92009
16	147	3.76321
16	162	3.96569
16	191	3.86672
16	202	4.14721
16	209	4.2546
16	232	4.62281
16	239	4.65314
16	257	4.94764
16	265	4.969
16	285	5.29717
17	73	3.55757
17	83	3.61268
17	102	3.93334
17	114	3.70015
17	117	3.95068
17	125	3.38785
17	131	3.99181
17	159	4.08689
17	189	4.03816
17	204	4.39007
17	208	4.38232
17	216	4.69474
17	220	3.85552
17	229	4.27223
17	236	4.7314
17	290	4.91066
17	298	4.63713
18	20	3.43115
18	26	2.83363
18	60	3.19395
18	112	3.60103
18	120	5.83479
18	128	3.38688
18	140	3.8454
18	141	3.44117
18	147	3.68852
18	154	3.80453
18	162	3.891
18	225	4.51498
18	232	4.54812
18	239	4.57845
18	254	5.75512
18	257	4.87295
18	265	4.89431
19	38	2.77186
19	118	3.40813
19	139	3.55054
19	143	3.28289
19	157	3.43533
19	169	3.95908
19	186	3.54079
19	198	4.39959
19	203	3.79948
19	209	3.70562
19	213	4.12244
19	241	4.32261
19	269	4.78672
19	285	5.20254
19	289	5.32585
19	293	5.38173
19	294	5.13602
20	18	3.43115
20	50	2.80135
20	88	2.87517
20	110	2.68275
20	116	3.29568
20	126	2.7207
20	202	4.06705
20	211	3.77699
20	234	4.91316
20	235	4.87877
20	242	4.39342
20	246	4.72897
20	249	5.09249
20	280	4.88961
20	288	5.06788
20	295	5.28318
20	300	5.20473
21	5	3.28697
21	15	3.81618
21	37	2.92904
21	98	3.29567
21	108	3.21728
21	120	3.47041
21	148	3.63546
21	190	3.90563
21	199	3.9303
21	220	4.48741
21	227	4.26464
21	234	4.57828
21	251	4.44769
21	256	4.8612
21	270	4.93421
21	276	5.19485
21	294	5.86479
22	26	3.77553
22	28	3.21174
22	73	3.65799
22	102	4.03376
22	111	3.15926
22	114	3.80057
22	117	4.0511
22	131	4.09222
22	150	4.19073
22	159	4.18731
22	177	4.51383
22	189	4.13858
22	204	4.49049
22	206	4.09256
22	216	4.79515
22	236	4.83182
22	280	5.06266
23	28	4.11106
23	44	2.63591
23	53	2.95098
23	108	3.68705
23	114	3.73789
23	139	3.55464
23	152	3.63029
23	186	3.54489
23	202	4.54635
23	213	4.12654
23	215	4.20921
23	231	4.07656
23	235	4.99955
23	268	5.02333
23	269	4.79082
23	293	5.38583
23	294	5.14013
24	116	2.84441
24	124	2.73532
24	141	4.08678
24	202	3.61577
24	223	3.77351
24	233	4.26882
24	239	4.30809
24	242	3.94214
24	246	4.27769
24	251	3.86131
24	265	4.55176
24	273	4.40798
24	280	4.43833
24	287	4.68548
24	288	4.61661
24	295	4.8319
24	297	4.90451
25	97	2.64912
25	116	3.82535
25	123	3.08909
25	138	3.14497
25	158	3.34485
25	184	3.6789
25	218	3.73796
25	230	3.96802
25	242	4.57643
25	252	4.37552
25	260	4.46443
25	282	4.94512
25	283	5.12627
25	284	4.80567
25	287	4.80707
25	296	4.49173
25	299	5.08509
26	3	3.11151
26	12	2.90176
26	18	2.83363
26	22	3.77553
26	34	3.74097
26	49	3.26042
26	83	4.23631
26	85	4.11132
26	102	4.55697
26	114	4.32378
26	170	4.6415
26	189	4.66179
26	193	4.65211
26	208	5.00595
26	236	5.35503
26	243	4.20699
26	300	4.71251
27	4	2.32965
27	31	3.03864
27	81	3.40401
27	94	3.87558
27	99	3.36985
27	140	3.85946
27	154	3.8186
27	162	3.90506
27	185	3.96352
27	209	4.19398
27	225	4.52904
27	228	5.99287
27	232	4.56218
27	239	4.59251
27	246	4.83443
27	257	4.88701
27	265	4.90838
28	22	3.21174
28	23	4.11106
28	72	3.96089
28	80	4.47714
28	83	3.67252
28	114	3.75999
28	119	3.92024
28	121	4.06861
28	131	4.05165
28	159	4.14673
28	170	4.07771
28	186	6.26966
28	189	4.098
28	193	4.08832
28	204	4.44991
28	208	4.44216
28	216	4.75457
28	236	4.79124
29	62	3.00787
29	75	3.80337
29	82	3.79805
29	84	3.7661
29	93	3.86029
29	109	3.82792
29	121	4.14535
29	133	4.18121
29	148	4.22871
29	155	4.22916
29	158	4.23355
29	164	3.6298
29	182	4.25598
29	195	4.56781
29	201	4.56777
29	228	5.77111
29	234	4.90819
29	292	5.57612
30	57	2.82746
30	77	2.80852
30	79	2.88455
30	134	3.71345
30	161	3.29646
30	167	3.96973
30	181	3.80526
30	199	4.72159
30	237	4.52988
30	243	4.39956
30	258	4.49403
30	259	4.73392
30	263	5.00349
30	271	4.6345
30	272	5.11948
30	290	4.97558
30	296	5.22648
30	298	5.18953
31	16	3.09926
31	27	3.03864
31	37	3.89137
31	61	3.46728
31	68	3.53737
31	76	3.71193
31	109	4.7251
31	125	3.79565
31	154	4.1
31	162	4.18646
31	175	4.12815
31	209	4.47538
31	225	4.81044
31	239	4.87391
31	257	5.16842
31	264	4.97008
31	265	5.18978
31	282	5.23033
32	3	3.20267
32	47	3.30215
32	90	2.77026
32	116	3.40127
32	165	3.42248
32	167	2.63825
32	186	4.74714
32	197	4.08982
32	198	4.26624
32	245	3.5892
32	246	4.83455
32	271	4.48051
32	281	5.06334
32	287	5.24235
32	288	5.17347
32	295	5.38876
32	297	5.46138
32	300	5.31032
33	5	3.69426
33	37	2.89173
33	50	4.47061
33	69	3.08203
33	134	3.82815
33	136	3.7219
33	144	3.56428
33	180	4.03141
33	186	5.5441
33	187	4.247
33	199	3.89299
33	220	4.4501
33	227	4.22733
33	237	4.47667
33	242	5.43555
33	256	4.82389
33	270	4.8969
33	276	5.15754
34	26	3.74097
34	73	3.62343
34	85	3.55354
34	114	3.76601
34	117	4.01654
34	142	3.62244
34	153	3.96937
34	159	4.15274
34	170	4.08373
34	178	5.00383
34	193	4.09434
34	204	4.45592
34	208	4.44817
34	216	4.76059
34	217	5.31369
34	222	4.2184
34	226	4.73403
34	236	4.79725
35	56	2.92536
35	78	3.57421
35	88	2.83451
35	117	3.0787
35	120	5.01849
35	129	3.6782
35	156	4.11012
35	192	4.20744
35	201	3.83099
35	203	4.36553
35	205	4.40251
35	207	4.46002
35	212	4.46106
35	240	4.76924
35	244	5.1115
35	253	5.15625
35	262	5.16755
35	288	5.2461
36	58	3.18678
36	80	3.74443
36	91	3.60444
36	104	3.6442
36	127	3.98038
36	130	3.75115
36	145	3.52681
36	168	4.03143
36	178	4.027
36	200	4.41262
36	206	4.42965
36	214	4.74325
36	217	4.45503
36	221	4.45498
36	226	4.74997
36	253	4.82647
36	276	4.89213
36	294	5.94319
37	21	2.92904
37	31	3.89137
37	33	2.89173
37	64	3.76432
37	98	3.40949
37	101	3.73533
37	107	3.94193
37	139	4.82699
37	172	3.82228
37	180	4.18254
37	187	4.39814
37	199	4.04413
37	227	4.37847
37	234	4.69211
37	237	4.62781
37	270	5.04803
37	276	5.30868
37	278	6.44164
38	11	2.65254
38	16	3.20643
38	19	2.77186
38	44	2.75944
38	55	3.0145
38	139	3.67817
38	175	3.69129
38	177	4.91928
38	181	3.69993
38	219	4.40873
38	231	4.20009
38	268	5.14686
38	269	4.91435
38	271	5.49755
38	289	5.45347
38	293	5.50936
38	294	5.26365
38	296	5.57092
39	3	2.76931
39	48	2.76925
39	139	3.64768
39	152	3.72333
39	174	3.24374
39	213	4.21958
39	219	4.37824
39	231	4.1696
39	241	4.41975
39	253	3.92504
39	266	4.43695
39	268	5.11637
39	269	4.88386
39	271	4.04715
39	289	5.42298
39	293	5.47887
39	294	5.23316
39	295	4.50508
40	52	3.7569
40	70	3.7894
40	82	3.83191
40	93	3.89416
40	103	3.85976
40	109	3.86179
40	121	4.17922
40	148	4.26258
40	155	4.26302
40	158	4.26742
40	182	4.28984
40	195	4.60168
40	201	4.60164
40	235	4.41382
40	242	4.67998
40	252	4.48119
40	262	4.56598
40	279	4.80945
41	15	3.31219
41	130	3.16877
41	163	3.16767
41	179	3.82818
41	187	3.21447
41	218	3.80672
41	220	4.25083
41	248	4.42197
41	251	4.5509
41	252	4.44428
41	260	4.53319
41	266	4.47396
41	275	4.33094
41	277	4.65413
41	282	5.01388
41	283	5.19503
41	284	4.87443
41	299	5.15385
42	50	2.3671
42	51	3.60405
42	99	5.03198
42	113	4.3872
42	184	3.93001
42	197	3.54999
42	202	3.6328
42	211	3.34275
42	242	3.95917
42	264	4.10325
42	273	4.42501
42	278	6.01037
42	280	4.45536
42	281	4.52351
42	287	4.70252
42	288	4.63364
42	295	4.84893
42	297	4.92155
43	82	3.46779
43	115	2.77697
43	142	3.01008
43	144	3.34664
43	161	3.13321
43	210	3.70471
43	222	3.91675
43	229	3.74215
43	235	4.11484
43	250	5.4276
43	258	5.91755
43	260	4.70818
43	267	4.68622
43	277	4.78916
43	278	4.76616
43	285	4.80912
43	286	5.02333
43	291	4.9973
44	16	3.97182
44	23	2.63591
44	38	2.75944
44	47	3.72605
44	65	4.0092
44	87	4.79478
44	139	3.53812
44	157	3.42291
44	175	3.55124
44	213	4.11002
44	219	4.26868
44	231	4.06003
44	241	4.31019
44	268	5.00681
44	289	5.31342
44	293	5.3693
44	294	5.1236
44	296	6.33631
45	9	3.78286
45	83	3.2743
45	86	2.61846
45	173	3.31289
45	174	3.38101
45	183	3.64711
45	184	3.69221
45	187	4.6762
45	230	3.98133
45	244	4.87304
45	248	4.36651
45	251	4.49544
45	266	4.4185
45	278	6.30339
45	279	4.66758
45	282	4.95843
45	284	4.81898
45	299	5.0984
46	82	3.44094
46	96	3.3495
46	101	3.61421
46	108	3.20999
46	120	3.46311
46	172	3.70116
46	190	3.89833
46	199	3.92301
46	219	4.40922
46	227	4.25735
46	234	4.57099
46	237	4.50669
46	243	4.78978
46	256	4.8539
46	270	4.92691
46	272	4.63056
46	276	5.18756
46	298	5.63838
47	5	2.73833
47	32	3.30215
47	44	3.72605
47	65	3.47503
47	108	3.04214
47	116	3.91241
47	124	3.80331
47	136	3.06391
47	151	4.48015
47	165	3.93361
47	198	4.24845
47	223	4.84151
47	246	5.34569
47	254	4.77396
47	268	4.13515
47	287	5.75348
47	295	5.8999
47	297	5.97251
48	39	2.76925
48	55	2.91475
48	80	3.42929
48	96	3.95904
48	130	3.47573
48	139	3.57842
48	152	3.65407
48	160	3.48113
48	186	3.56867
48	215	4.23299
48	257	4.9006
48	264	5.00046
48	268	5.04712
48	269	4.8146
48	289	5.35373
48	292	5.54941
48	293	5.40961
48	294	5.16391
49	1	2.36353
49	26	3.26042
49	113	3.06796
49	145	4.44891
49	146	4.16918
49	149	3.31993
49	150	3.30565
49	161	3.36704
49	210	3.93854
49	229	3.97598
49	248	5.13321
49	261	4.88847
49	262	5.91476
49	267	4.92004
49	277	5.02299
49	278	4.99999
49	285	5.04294
49	286	5.25715
50	6	4.72665
50	15	2.56914
50	20	2.80135
50	33	4.47061
50	42	2.3671
50	88	3.09668
50	95	2.96562
50	114	4.823
50	171	3.77044
50	207	5.05147
50	211	3.9985
50	246	4.95047
50	251	5.77026
50	264	4.759
50	273	5.08077
50	280	5.11111
50	295	5.50468
50	297	5.5773
50	300	5.42624
51	4	3.53129
51	42	3.60405
51	63	3.64553
51	129	3.7715
51	139	3.92957
51	146	4.06778
51	150	4.16739
51	156	4.20342
51	177	4.10628
51	184	3.46386
51	191	4.2321
51	192	4.30074
51	207	4.55332
51	240	4.86254
51	244	5.20481
51	253	5.24955
51	255	5.21955
51	262	5.26085
51	282	5.37428
52	6	4.17353
52	40	3.7569
52	56	3.9374
52	70	4.16986
52	75	4.2177
52	82	4.21238
52	84	4.18043
52	93	4.27462
52	111	3.70679
52	133	4.59554
52	134	4.1903
52	148	4.64304
52	155	4.64349
52	158	4.64789
52	173	4.14431
52	182	4.67031
52	195	4.98214
52	201	4.9821
52	226	4.73073
53	6	3.23716
53	12	3.21567
53	23	2.95098
53	81	3.27348
53	126	3.7266
53	143	3.58554
53	152	3.92884
53	160	3.7559
53	163	4.53769
53	175	3.86631
53	231	4.37511
53	241	4.62526
53	267	4.9814
53	268	5.32188
53	269	5.08937
53	289	5.62849
53	290	5.64302
53	293	5.68437
53	294	5.43867
54	94	3.6888
54	106	3.64639
54	129	3.6988
54	140	2.96202
54	143	4.20969
54	146	3.99509
54	169	4.16326
54	200	3.34269
54	203	4.38613
54	207	4.48063
54	212	4.48167
54	220	4.71243
54	240	4.78985
54	244	5.13211
54	253	5.17686
54	255	5.14685
54	257	4.77323
54	262	5.18815
54	280	4.79837
55	38	3.0145
55	48	2.91475
55	68	3.31886
55	104	3.80645
55	160	3.69589
55	175	3.8063
55	180	3.71667
55	203	4.06141
55	213	4.36508
55	215	4.44775
55	231	4.3151
55	241	4.56526
55	252	4.83508
55	254	5.18703
55	268	5.26187
55	269	5.02936
55	289	5.56849
55	293	5.62437
55	294	5.37867
56	35	2.92536
56	52	3.9374
56	108	3.8768
56	114	3.92764
56	138	3.54983
56	163	3.50377
56	173	3.70444
56	174	3.77257
56	179	4.16428
56	194	3.88532
56	215	3.97405
56	218	4.14282
56	251	4.887
56	252	4.78038
56	258	6.21595
56	282	5.34998
56	283	5.53113
56	284	5.21053
56	299	5.48995
57	30	2.82746
57	87	3.08631
57	88	4.05071
57	137	3.9406
57	145	3.43315
57	156	4.75898
57	166	3.38046
57	167	3.88766
57	181	3.7232
57	242	6.00186
57	243	4.31749
57	254	4.48799
57	258	4.41196
57	259	4.65185
57	272	5.03741
57	274	4.92155
57	281	6.10216
57	290	4.89352
57	292	4.91136
58	8	3.26546
58	11	4.27207
58	36	3.18678
58	71	3.58518
58	89	3.62843
58	91	3.77854
58	119	4.81533
58	135	3.8375
58	142	4.26193
58	168	4.20552
58	177	5.70414
58	178	4.2011
58	200	4.58671
58	206	4.60375
58	214	4.91735
58	217	4.62913
58	218	5.79787
58	221	4.62908
58	226	4.92407
59	85	2.894
59	134	3.19972
59	138	3.43666
59	163	3.39059
59	183	3.92549
59	184	3.97058
59	188	3.87009
59	194	3.77214
59	218	4.02965
59	233	4.63406
59	248	4.64489
59	260	4.75612
59	270	5.15517
59	271	4.92114
59	278	5.12451
59	282	5.2368
59	283	5.41796
59	284	5.09735
59	299	5.37678
60	7	3.05565
60	9	2.68067
60	18	3.19395
60	145	3.81184
60	151	3.0729
60	164	3.84201
60	175	3.95302
60	223	4.64172
60	234	4.67597
60	238	4.57892
60	243	4.69619
60	247	4.74456
60	250	4.5974
60	254	4.86669
60	258	4.79066
60	274	5.30024
60	285	5.33834
60	296	5.52311
60	298	5.48616
61	31	3.46728
61	62	3.73273
61	81	3.83265
61	93	3.65884
61	103	3.38366
61	112	4.04374
61	131	2.76242
61	140	4.28811
61	147	4.13122
61	191	4.23473
61	209	4.62262
61	210	4.60649
61	225	4.95768
61	232	4.99082
61	234	4.99074
61	239	5.02115
61	257	5.31566
61	265	5.33702
61	266	5.45424
62	29	3.00787
62	61	3.73273
62	76	3.97738
62	81	3.95086
62	87	3.55743
62	99	3.9167
62	112	4.16195
62	125	4.0611
62	141	4.00209
62	186	5.29221
62	189	4.66841
62	191	4.35294
62	209	4.74083
62	221	3.85887
62	225	5.07589
62	232	5.10903
62	257	5.43387
62	265	5.45523
62	283	4.48243
63	51	3.64553
63	94	3.73665
63	106	3.69424
63	110	3.86234
63	137	4.03078
63	148	3.6209
63	156	4.17859
63	169	4.21111
63	182	4.30136
63	192	4.2759
63	198	4.64135
63	212	4.52953
63	216	3.15753
63	240	4.8377
63	244	5.17997
63	253	5.22471
63	255	5.19471
63	262	5.23601
63	295	5.31355
64	37	3.76432
64	174	3.44528
64	179	3.83699
64	196	3.67741
64	214	3.18289
64	218	3.81553
64	227	4.99241
64	247	3.7426
64	251	4.55971
64	252	4.45309
64	259	4.33158
64	266	4.48277
64	271	4.70703
64	279	4.73185
64	282	5.02269
64	283	5.20384
64	284	4.88324
64	289	4.83159
64	299	5.16266
65	44	4.0092
65	47	3.47503
65	66	2.62659
65	81	3.3161
65	124	3.46506
65	141	4.54886
65	151	4.1419
65	152	3.61402
65	165	3.59536
65	211	4.05546
65	230	4.19745
65	246	5.00743
65	264	4.81596
65	280	5.16807
65	281	5.23622
65	288	5.34635
65	295	5.56164
65	299	5.19811
65	300	5.4832
66	11	4.36241
66	65	2.62659
66	96	5.3766
66	110	2.45104
66	151	3.63172
66	171	3.31722
66	179	4.5791
66	197	3.75253
66	200	4.88764
66	223	3.99308
66	232	5.58371
66	246	4.49726
66	264	4.30578
66	273	4.62755
66	281	4.72604
66	287	4.90505
66	295	5.05147
66	297	5.12408
66	300	4.97302
67	7	2.8355
67	92	3.17348
67	100	3.82628
67	134	3.78993
67	157	3.35862
67	196	4.10134
67	233	4.41503
67	243	4.47604
67	249	4.28577
67	258	4.57051
67	259	4.81039
67	269	4.90732
67	273	4.1425
67	274	5.08009
67	275	5.11653
67	286	4.52564
67	290	5.05206
67	292	5.06991
67	296	5.30295
68	31	3.53737
68	55	3.31886
68	76	3.92925
68	81	3.90274
68	125	4.01298
68	128	3.89968
68	141	3.95397
68	162	4.40379
68	170	4.48331
68	191	4.30482
68	200	3.95757
68	209	4.69271
68	222	4.01815
68	225	5.02777
68	232	5.06091
68	239	5.09124
68	257	5.38575
68	265	5.40711
68	297	5.12534
68	299	5.89491
69	33	3.08203
69	101	3.92563
69	107	3.45245
69	120	3.77453
69	136	4.06334
69	147	4.38626
69	172	4.01258
69	187	4.58844
69	190	4.20975
69	205	4.03399
69	206	4.47717
69	220	4.79154
69	227	4.56877
69	234	4.88241
69	237	4.81811
69	239	5.50099
69	256	5.16532
69	270	5.23833
69	276	5.49898
69	283	4.93355
70	40	3.7894
70	52	4.16986
70	75	4.25019
70	82	4.24487
70	93	4.30712
70	103	4.27272
70	109	4.27475
70	118	2.92473
70	121	4.59218
70	133	4.62803
70	148	4.67554
70	158	4.68038
70	182	4.7028
70	195	5.01464
70	201	5.0146
70	223	4.26031
70	267	4.6464
70	285	4.95692
70	287	4.75697
70	294	5.36286
71	58	3.58518
71	77	3.95536
71	80	4.14283
71	91	4.00284
71	127	4.37878
71	129	4.24562
71	135	4.0618
71	168	4.42983
71	178	4.4254
71	196	4.17929
71	200	4.81102
71	206	4.82805
71	211	4.12441
71	214	5.14165
71	217	4.85343
71	219	4.22053
71	221	4.85338
71	226	5.14837
71	254	5.09467
71	277	5.07137
72	14	2.70709
72	28	3.96089
72	92	3.27669
72	143	4.33936
72	145	3.6949
72	160	3.63687
72	166	3.64222
72	233	4.51824
72	238	4.46198
72	250	4.48046
72	257	4.90289
72	258	4.67371
72	259	4.9136
72	265	5.22543
72	272	5.29916
72	274	5.1833
72	275	5.21974
72	286	4.77762
72	292	5.17311
72	298	5.36921
73	17	3.55757
73	22	3.65799
73	34	3.62343
73	117	4.45677
73	131	4.49789
73	153	4.4096
73	159	4.59298
73	170	4.52396
73	189	4.54424
73	193	4.53457
73	204	4.89615
73	205	3.59857
73	208	4.8884
73	213	4.17036
73	216	5.20082
73	230	4.49285
73	236	5.23749
73	255	4.73772
73	260	4.75047
73	271	5.04127
74	95	3.11251
74	120	5.14596
74	132	3.02855
74	135	3.80487
74	149	3.36908
74	188	3.89758
74	189	4.39789
74	222	4.19973
74	224	3.99692
74	229	4.02513
74	235	4.39781
74	261	4.93762
74	267	4.96919
74	277	5.07213
74	278	5.04913
74	281	5.01344
74	285	5.09209
74	286	5.3063
74	288	5.37358
74	291	5.28028
75	3	3.78039
75	29	3.80337
75	52	4.2177
75	70	4.25019
75	82	4.29271
75	84	4.26076
75	103	4.32055
75	121	4.64001
75	129	4.37864
75	148	4.72337
75	155	4.72382
75	158	4.72821
75	178	4.27736
75	182	4.75063
75	195	5.06247
75	201	5.06243
75	207	3.77517
75	225	4.44704
75	253	4.79434
75	277	5.20438
76	31	3.71193
76	62	3.97738
76	68	3.92925
76	81	4.0773
76	99	4.04314
76	109	4.67665
76	125	4.18754
76	128	4.07424
76	141	4.12852
76	147	4.37587
76	154	4.49189
76	194	3.84739
76	225	5.20233
76	229	5.17769
76	239	5.2658
76	240	4.36606
76	241	4.49492
76	257	5.5603
76	265	5.58167
76	283	4.3332
77	2	3.25829
77	8	3.63564
77	30	2.80852
77	71	3.95536
77	91	4.14872
77	104	4.18848
77	119	3.70655
77	127	4.52466
77	135	4.20768
77	147	4.08319
77	166	4.50689
77	168	4.5757
77	178	4.57128
77	206	4.97393
77	214	5.28753
77	217	4.9993
77	221	4.99926
77	226	5.29424
77	258	6.09219
77	278	5.64909
78	35	3.57421
78	105	4.0922
78	106	3.71623
78	109	4.67052
78	129	3.76864
78	142	2.84974
78	147	3.77978
78	169	4.2331
78	177	4.10342
78	192	4.29788
78	205	4.49295
78	212	4.55151
78	240	4.85969
78	244	5.20195
78	253	5.2467
78	254	5.18145
78	255	5.21669
78	262	5.25799
78	267	5.14836
78	291	5.28476
79	30	2.88455
79	96	4.25351
79	100	3.05025
79	113	3.20742
79	142	3.38336
79	157	3.90279
79	169	4.59487
79	188	3.98789
79	210	4.078
79	224	4.08723
79	235	4.48813
79	261	5.02793
79	267	5.0595
79	277	5.16245
79	278	5.13945
79	285	5.1824
79	286	5.39661
79	289	5.28351
79	291	5.37059
79	298	5.91591
80	2	3.44576
80	8	3.82311
80	13	3.6869
80	28	4.47714
80	36	3.74443
80	48	3.42929
80	71	4.14283
80	89	4.18607
80	91	4.33619
80	109	5.27403
80	127	4.71213
80	156	4.38892
80	162	3.53348
80	168	4.76317
80	178	4.75875
80	206	5.1614
80	217	5.18677
80	221	5.18672
80	226	5.48171
80	229	5.77507
81	27	3.40401
81	53	3.27348
81	61	3.83265
81	62	3.95086
81	65	3.3161
81	68	3.90274
81	76	4.0773
81	128	4.04772
81	141	4.10201
81	154	4.46537
81	158	4.49633
81	191	4.45287
81	204	4.64682
81	209	4.84075
81	232	5.20896
81	239	5.23929
81	255	5.26628
81	257	5.53379
81	265	5.55515
81	281	5.82821
82	29	3.79805
82	40	3.83191
82	43	3.46779
82	46	3.44094
82	52	4.21238
82	70	4.24487
82	75	4.29271
82	103	4.31523
82	109	4.31726
82	121	4.63469
82	133	4.67055
82	155	4.7185
82	158	4.72289
82	163	5.30285
82	166	4.80167
82	182	4.74531
82	195	5.05715
82	201	5.05711
82	206	4.46888
82	235	5.36032
83	17	3.61268
83	26	4.23631
83	28	3.67252
83	45	3.2743
83	102	4.49454
83	117	4.51188
83	119	4.4216
83	131	4.55301
83	153	4.46471
83	159	4.64809
83	170	4.57907
83	186	4.71261
83	189	4.59936
83	193	4.58968
83	208	4.94352
83	236	5.2926
83	239	4.47027
83	276	4.38952
83	298	5.11222
83	299	4.89821
84	3	3.74313
84	4	3.04
84	29	3.7661
84	52	4.18043
84	75	4.26076
84	93	4.31769
84	103	4.28329
84	121	4.60275
84	133	4.6386
84	138	4.52288
84	148	4.68611
84	155	4.68655
84	156	4.8292
84	158	4.69095
84	182	4.71337
84	183	4.2269
84	195	5.02521
84	201	5.02517
84	216	4.21591
84	296	5.98738
85	26	4.11132
85	34	3.55354
85	59	2.894
85	99	4.74163
85	102	4.36954
85	114	4.13635
85	119	4.29661
85	131	4.42801
85	146	3.54306
85	153	4.33972
85	159	4.52309
85	170	4.45408
85	193	4.46468
85	204	4.82627
85	208	4.81852
85	210	4.7866
85	216	5.13094
85	236	5.1676
85	284	5.35352
85	300	5.56773
86	45	2.61846
86	100	3.71452
86	123	3.34627
86	174	3.62488
86	183	3.89098
86	201	3.79712
86	230	4.22519
86	245	3.70241
86	251	4.73931
86	260	4.72161
86	266	4.66237
86	271	4.88663
86	279	4.91145
86	281	4.8521
86	282	5.20229
86	283	5.38345
86	284	5.06284
86	285	5.18239
86	294	5.58833
86	299	5.34227
87	4	2.65745
87	44	4.79478
87	57	3.08631
87	62	3.55743
87	167	4.22858
87	169	4.87667
87	176	3.61924
87	181	4.06412
87	198	3.81051
87	243	4.65842
87	245	4.72148
87	247	4.70678
87	249	4.46815
87	250	4.55963
87	258	4.75289
87	263	5.26235
87	272	5.37833
87	275	5.29891
87	293	5.75206
87	297	5.21412
88	20	2.87517
88	35	2.83451
88	50	3.09668
88	57	4.05071
88	95	3.03945
88	100	4.32733
88	151	4.15876
88	165	3.61222
88	197	4.27957
88	233	5.19155
88	242	4.68875
88	259	4.74037
88	264	4.83283
88	273	5.15459
88	278	5.68199
88	280	5.18494
88	281	5.25308
88	288	5.36321
88	295	5.57851
88	300	5.50006
89	13	3.39679
89	58	3.62843
89	80	4.18607
89	91	4.04609
89	99	4.32115
89	127	4.42202
89	135	4.10505
89	145	3.40231
89	168	4.47307
89	178	4.46864
89	200	4.85426
89	202	4.2628
89	206	4.8713
89	214	5.18489
89	217	4.89667
89	221	4.89662
89	226	5.19161
89	229	5.12543
89	262	4.86816
89	284	4.93305
90	32	2.77026
90	124	3.27143
90	151	3.94827
90	171	3.63377
90	177	4.28141
90	194	3.83073
90	197	4.06907
90	212	4.11422
90	223	4.30963
90	226	3.95079
90	242	4.47826
90	250	5.2883
90	264	4.62233
90	270	5.3658
90	281	5.04259
90	287	5.2216
90	288	5.15272
90	295	5.36802
90	297	5.44063
90	300	5.28957
91	7	2.92107
91	36	3.60444
91	58	3.77854
91	71	4.00284
91	77	4.14872
91	80	4.33619
91	89	4.04609
91	104	4.23596
91	127	4.57214
91	135	4.25516
91	156	4.3597
91	178	4.61876
91	200	5.00438
91	214	5.33501
91	217	5.04679
91	221	5.04674
91	226	5.34173
91	233	5.42952
91	240	4.93422
91	279	5.73204
91	296	5.51788
92	67	3.17348
92	72	3.27669
92	151	3.66789
92	167	4.15721
92	176	3.54787
92	203	4.53027
92	209	4.43641
92	228	3.69688
92	231	5.19014
92	233	4.52603
92	238	4.46977
92	243	4.58704
92	254	4.75754
92	259	4.9214
92	272	5.30696
92	274	5.19109
92	282	5.65019
92	289	5.37851
92	290	5.16306
92	292	5.18091
92	296	5.41396
93	3	3.83732
93	6	4.12791
93	29	3.86029
93	40	3.89416
93	52	4.27462
93	61	3.65884
93	70	4.30712
93	84	4.31769
93	98	4.03087
93	103	4.37747
93	109	4.3795
93	133	4.73279
93	148	4.7803
93	155	4.78074
93	158	4.78514
93	182	4.80756
93	195	5.11939
93	198	5.37973
93	201	5.11936
93	264	5.63929
93	295	6.05193
94	15	4.61752
94	27	3.87558
94	54	3.6888
94	63	3.73665
94	99	5.1686
94	124	4.78737
94	137	4.14675
94	146	4.1589
94	156	4.29455
94	169	4.32707
94	172	4.60343
94	177	4.1974
94	192	4.39186
94	203	4.54995
94	205	4.58693
94	207	4.64444
94	212	4.64549
94	227	5.86619
94	253	5.34068
94	255	5.31067
94	262	5.35197
95	50	2.96562
95	74	3.11251
95	88	3.03945
95	116	3.45996
95	130	4.15963
95	171	3.71321
95	197	4.14851
95	211	3.94127
95	219	4.79415
95	223	4.38907
95	233	5.34207
95	264	4.70177
95	269	5.55888
95	273	5.02354
95	281	5.12203
95	285	5.94572
95	287	5.30104
95	288	5.23216
95	295	5.44745
95	297	5.52007
95	300	5.36901
96	6	3.29859
96	10	3.18469
96	46	3.3495
96	48	3.95904
96	66	5.3766
96	79	4.25351
96	98	3.83725
96	120	4.01198
96	136	4.30079
96	161	4.66543
96	175	5.20681
96	180	4.61029
96	187	4.82589
96	190	4.44721
96	219	5.44056
96	220	5.02899
96	227	4.80622
96	237	5.05556
96	256	5.40277
96	270	5.47578
96	276	5.73643
97	25	2.64912
97	163	3.40004
97	168	3.78072
97	179	4.06056
97	196	3.90098
97	199	5.19331
97	212	4.36076
97	218	4.0391
97	230	4.26916
97	245	4.21491
97	251	4.78327
97	252	4.67666
97	260	4.76557
97	266	4.70633
97	279	4.95541
97	282	5.24626
97	283	5.42741
97	284	5.10681
97	288	5.72473
97	295	5.56415
97	299	5.38623
98	6	3.23746
98	21	3.29567
98	37	3.40949
98	93	4.03087
98	96	3.83725
98	108	3.69773
98	146	3.73497
98	178	4.79739
98	180	4.54917
98	187	4.76476
98	190	4.38608
98	220	4.96787
98	224	5.43983
98	227	4.7451
98	234	5.05873
98	237	4.99444
98	243	5.25412
98	256	5.34165
98	269	5.6383
98	270	5.41466
98	276	5.6753
99	16	3.43048
99	27	3.36985
99	42	5.03198
99	62	3.9167
99	76	4.04314
99	85	4.74163
99	89	4.32115
99	94	5.1686
99	105	3.41033
99	112	4.22771
99	125	4.12687
99	128	4.01356
99	140	4.47208
99	191	4.41871
99	209	4.80659
99	217	6.16745
99	225	5.14166
99	232	5.1748
99	239	5.20513
99	257	5.49963
99	265	5.52099
100	67	3.82628
100	79	3.05025
100	86	3.71452
100	88	4.32733
100	113	3.35541
100	116	5.52741
100	122	3.44877
100	161	3.65449
100	188	4.13589
100	210	4.226
100	216	4.42231
100	222	4.43803
100	224	4.23523
100	235	4.63612
100	267	5.2075
100	277	5.31044
100	278	5.28744
100	285	5.3304
100	286	5.54461
100	290	7.06018
100	291	5.51858
101	10	3.4494
101	37	3.73533
101	46	3.61421
101	69	3.92563
101	119	3.25984
101	136	4.5655
101	138	3.33579
101	170	3.76756
101	172	4.51474
101	186	4.99354
101	187	5.0906
101	202	4.16563
101	210	4.26896
101	220	5.2937
101	227	5.07093
101	234	5.38457
101	237	5.32027
101	256	5.66748
101	270	5.74049
101	276	6.00114
101	291	5.14146
102	13	2.38491
102	17	3.93334
102	22	4.03376
102	26	4.55697
102	83	4.49454
102	85	4.36954
102	119	4.74226
102	153	4.78537
102	170	4.89973
102	189	4.92001
102	193	4.91034
102	204	5.27192
102	208	5.26417
102	216	5.57659
102	223	4.4128
102	236	5.61326
102	244	3.56586
102	248	3.78327
102	267	4.7989
102	274	4.51091
102	290	5.46052
103	3	3.80291
103	40	3.85976
103	61	3.38366
103	70	4.27272
103	75	4.32055
103	82	4.31523
103	84	4.28329
103	93	4.37747
103	109	4.3451
103	121	4.66254
103	133	4.69839
103	148	4.74589
103	155	4.74634
103	182	4.77316
103	195	5.08499
103	201	5.08496
103	232	4.52979
103	242	5.4769
103	261	4.24402
103	268	4.99125
103	290	6.2586
104	2	3.34554
104	8	3.72289
104	13	3.58667
104	36	3.6442
104	55	3.80645
104	77	4.18848
104	91	4.23596
104	107	3.90601
104	115	4.53193
104	135	4.29492
104	168	4.66295
104	178	4.65852
104	200	5.04414
104	206	5.06117
104	214	5.37477
104	217	5.08655
104	221	5.0865
104	226	5.38149
104	232	5.14123
104	235	5.82217
104	255	5.62671
105	4	3.95597
105	78	4.0922
105	99	3.41033
105	106	4.14376
105	137	4.4803
105	156	4.62811
105	169	4.66063
105	171	2.98631
105	177	4.53096
105	192	4.72542
105	203	4.88351
105	207	4.978
105	228	4.70248
105	240	5.28722
105	243	3.73091
105	253	5.67423
105	255	5.64423
105	258	4.83183
105	262	5.68553
105	291	4.3278
105	294	4.90787
106	54	3.64639
106	63	3.69424
106	78	3.71623
106	105	4.14376
106	107	3.61253
106	161	4.29874
106	169	4.28466
106	177	4.15499
106	180	4.47765
106	184	4.03188
106	192	4.34945
106	203	4.50754
106	205	4.54452
106	207	4.60203
106	212	4.60308
106	244	5.25352
106	253	5.29827
106	255	5.26826
106	258	6.55534
106	262	5.30956
106	281	5.89515
107	37	3.94193
107	69	3.45245
107	104	3.90601
107	106	3.61253
107	113	3.71875
107	118	3.53184
107	122	3.81211
107	150	3.95644
107	161	4.01783
107	188	4.49922
107	210	4.58933
107	222	4.80137
107	229	4.62677
107	235	4.99946
107	261	5.53926
107	267	5.57083
107	270	5.48148
107	274	4.96553
107	277	5.67378
107	285	5.69373
107	291	5.88192
108	21	3.21728
108	23	3.68705
108	46	3.20999
108	47	3.04214
108	56	3.8768
108	98	3.69773
108	144	4.00366
108	172	4.11052
108	180	4.47078
108	187	4.68638
108	199	4.33237
108	220	4.88948
108	227	4.66671
108	234	4.98035
108	237	4.91605
108	250	6.00764
108	256	5.26326
108	270	5.33627
108	276	5.59692
108	278	6.05448
108	288	6.19753
109	3	3.80494
109	16	4.5088
109	29	3.82792
109	31	4.7251
109	40	3.86179
109	70	4.27475
109	76	4.67665
109	78	4.67052
109	80	5.27403
109	82	4.31726
109	93	4.3795
109	103	4.3451
109	121	4.66457
109	133	4.70042
109	148	4.74793
109	155	4.74837
109	158	4.75277
109	179	5.00627
109	182	4.77519
109	195	5.08702
109	201	5.08699
110	20	2.68275
110	63	3.86234
110	66	2.45104
110	116	3.3986
110	197	4.08715
110	202	4.16996
110	206	5.00679
110	213	5.13541
110	215	4.68299
110	236	5.10127
110	242	4.49633
110	244	5.05144
110	246	4.83188
110	264	4.64041
110	280	4.99252
110	281	5.06067
110	287	5.23968
110	288	5.1708
110	295	5.38609
110	297	5.45871
110	300	5.30765
111	22	3.15926
111	52	3.70679
111	122	2.89186
111	151	4.06891
111	171	3.75441
111	197	4.18971
111	202	4.27252
111	207	3.9255
111	217	4.73755
111	223	4.43027
111	242	4.59889
111	246	4.93444
111	257	5.0122
111	273	5.06474
111	280	5.09509
111	281	5.16323
111	282	5.37231
111	287	5.34224
111	295	5.48865
111	297	5.56127
111	300	5.41021
112	18	3.60103
112	61	4.04374
112	62	4.16195
112	99	4.22771
112	120	4.89271
112	125	4.37211
112	140	4.71733
112	162	4.76292
112	166	3.83507
112	187	3.35008
112	191	4.66395
112	209	5.05184
112	223	4.39387
112	225	5.3869
112	230	3.95339
112	232	5.42004
112	239	5.45037
112	257	5.74488
112	265	5.76624
112	283	3.95866
112	289	4.53566
113	42	4.3872
113	49	3.06796
113	79	3.20742
113	100	3.35541
113	107	3.71875
113	121	3.91748
113	132	3.42403
113	174	5.04849
113	188	4.29305
113	210	4.38316
113	215	4.52856
113	221	4.68519
113	224	4.3924
113	229	4.4206
113	261	5.33309
113	277	5.46761
113	278	5.44461
113	285	5.48757
113	286	5.70178
113	291	5.67575
113	295	6.30983
114	17	3.70015
114	22	3.80057
114	23	3.73789
114	26	4.32378
114	28	3.75999
114	34	3.76601
114	50	4.823
114	56	3.92764
114	85	4.13635
114	119	4.50907
114	153	4.55218
114	170	4.66654
114	189	4.68683
114	193	4.67715
114	204	5.03874
114	208	5.03098
114	216	5.3434
114	236	5.38007
114	273	5.06688
114	275	5.59461
114	296	5.70324
115	1	2.75099
115	43	2.77697
115	104	4.53193
115	122	3.54878
115	132	3.36686
115	161	3.7545
115	192	4.89124
115	220	5.48591
115	222	4.53804
115	224	4.33524
115	227	5.79594
115	229	4.36344
115	235	4.73613
115	240	5.09099
115	251	5.17879
115	261	5.27593
115	267	5.30751
115	277	5.41045
115	278	5.38745
115	285	5.4304
115	286	5.64461
115	291	5.61859
116	15	3.06347
116	20	3.29568
116	24	2.84441
116	25	3.82535
116	32	3.40127
116	47	3.91241
116	95	3.45996
116	100	5.52741
116	110	3.3986
116	127	4.64951
116	165	4.03274
116	207	5.26533
116	242	5.10926
116	246	5.44481
116	261	5.3318
116	264	5.25334
116	273	5.5751
116	276	6.35015
116	281	5.6736
116	288	5.78373
116	297	6.07164
116	300	5.92058
117	17	3.95068
117	22	4.0511
117	34	4.01654
117	35	3.0787
117	73	4.45677
117	83	4.51188
117	131	4.89101
117	132	3.89952
117	137	3.54754
117	153	4.80271
117	159	4.98609
117	170	4.91708
117	183	3.76362
117	189	4.93736
117	193	4.92768
117	204	5.28927
117	208	5.28152
117	216	5.59393
117	236	5.6306
117	246	5.0815
117	266	5.84052
117	279	5.73827
118	19	3.40813
118	70	2.92473
118	107	3.53184
118	130	4.21175
118	143	4.04679
118	151	3.87932
118	152	4.39009
118	157	4.19923
118	160	4.21715
118	186	4.30469
118	208	4.91394
118	213	4.88634
118	215	4.96901
118	226	4.64719
118	231	4.83636
118	241	5.08651
118	257	5.50151
118	269	5.55062
118	275	5.52083
118	289	6.08974
118	293	6.14563
118	294	5.89992
119	12	4.04495
119	28	3.92024
119	58	4.81533
119	77	3.70655
119	83	4.4216
119	85	4.29661
119	101	3.25984
119	102	4.74226
119	114	4.50907
119	131	4.80073
119	151	3.85577
119	153	4.71243
119	159	4.89581
119	170	4.82679
119	189	4.84708
119	193	4.8374
119	204	5.19899
119	208	5.19124
119	216	5.50365
119	236	5.54032
119	259	5.06637
119	298	6.19878
120	8	4.52916
120	10	3.2983
120	18	5.83479
120	21	3.47041
120	35	5.01849
120	46	3.46311
120	69	3.77453
120	74	5.14596
120	96	4.01198
120	112	4.89271
120	136	4.4144
120	140	5.52472
120	144	4.25678
120	172	4.36364
120	180	4.72391
120	190	4.56082
120	220	5.1426
120	227	4.91983
120	234	5.23347
120	237	5.16918
120	270	5.5894
120	276	5.85004
121	11	3.05485
121	28	4.06861
121	29	4.14535
121	40	4.17922
121	70	4.59218
121	75	4.64001
121	82	4.63469
121	84	4.60275
121	103	4.66254
121	109	4.66457
121	113	3.91748
121	133	5.01785
121	148	5.06536
121	155	5.0658
121	158	5.0702
121	182	5.09262
121	195	5.40446
121	201	5.40442
121	233	5.0502
121	246	4.69596
121	272	4.72362
121	287	5.45391
122	100	3.44877
122	107	3.81211
122	111	2.89186
122	115	3.54878
122	149	3.85792
122	156	3.73989
122	188	4.38641
122	222	4.68856
122	224	4.48576
122	225	4.35527
122	235	4.88665
122	236	3.91964
122	261	5.42645
122	265	5.09265
122	267	5.45803
122	277	5.56097
122	278	5.53797
122	285	5.58093
122	286	5.79514
122	287	5.21341
122	290	5.76446
122	291	5.76911
123	1	3.7581
123	9	3.57418
123	12	2.85289
123	25	3.08909
123	86	3.34627
123	136	4.22044
123	138	3.88609
123	154	3.86531
123	165	4.85112
123	230	4.70913
123	235	5.51117
123	241	5.23783
123	248	5.09432
123	251	5.22325
123	260	5.20555
123	266	5.14631
123	271	5.37057
123	279	5.39539
123	282	5.68623
123	283	5.86739
123	284	5.54678
123	299	5.82621
124	15	2.95438
124	24	2.73532
124	47	3.80331
124	65	3.46506
124	90	3.27143
124	94	4.78737
124	135	5.16525
124	165	3.92365
124	171	4.15569
124	183	4.42834
124	188	5.33649
124	197	4.59099
124	202	4.6738
124	223	4.83155
124	242	5.00017
124	244	5.16056
124	257	6.06087
124	280	5.49636
124	288	5.67464
124	295	5.88993
124	297	5.96255
124	300	5.81149
125	16	3.57488
125	17	3.38785
125	31	3.79565
125	62	4.0611
125	68	4.01298
125	76	4.18754
125	99	4.12687
125	112	4.37211
125	128	4.15796
125	140	4.61648
125	141	4.21225
125	145	4.9948
125	148	5.18185
125	154	4.57561
125	191	4.56311
125	205	4.97387
125	232	5.3192
125	239	5.34953
125	246	6.04735
125	252	6.37586
125	257	5.64403
125	265	5.66539
126	11	3.30463
126	20	2.7207
126	53	3.7266
126	130	4.22757
126	139	4.33026
126	143	4.06261
126	157	4.21505
126	175	4.34338
126	193	4.29701
126	203	3.91905
126	213	4.90216
126	215	4.98483
126	219	5.06082
126	237	4.62883
126	241	5.10233
126	268	5.79895
126	270	5.23957
126	282	5.03897
126	287	5.12216
126	289	6.10557
126	293	6.16145
126	294	5.91574
127	2	3.68171
127	13	3.92285
127	36	3.98038
127	71	4.37878
127	77	4.52466
127	80	4.71213
127	89	4.42202
127	91	4.57214
127	116	4.64951
127	138	3.85139
127	178	4.9947
127	179	3.44887
127	190	4.75793
127	199	5.3296
127	200	5.38031
127	206	5.39735
127	214	5.71095
127	217	5.42272
127	221	5.42268
127	226	5.71766
127	247	4.18737
127	283	4.69937
128	18	3.38688
128	68	3.89968
128	76	4.07424
128	81	4.04772
128	99	4.01356
128	125	4.15796
128	140	4.50318
128	141	4.09895
128	147	4.34629
128	150	4.58542
128	154	4.46231
128	162	4.54877
128	170	4.52742
128	192	4.77675
128	225	5.17275
128	232	5.20589
128	239	5.23622
128	257	5.53073
128	265	5.55209
128	274	5.47695
128	287	5.8755
128	293	5.70739
129	35	3.6782
129	51	3.7715
129	54	3.6988
129	71	4.24562
129	75	4.37864
129	78	3.76864
129	146	4.16891
129	156	4.30456
129	159	4.4472
129	169	4.33708
129	192	4.40187
129	203	4.55996
129	205	4.59694
129	207	4.65445
129	236	5.55674
129	240	4.96367
129	244	5.30594
129	253	5.35068
129	255	5.32068
129	256	5.84702
129	262	5.36198
129	280	6.43237
130	11	3.32853
130	36	3.75115
130	41	3.16877
130	48	3.47573
130	95	4.15963
130	118	4.21175
130	126	4.22757
130	133	4.07166
130	139	4.35416
130	160	4.25687
130	175	4.36728
130	186	4.34441
130	204	4.87917
130	213	4.92606
130	219	5.08473
130	249	5.90781
130	263	5.00809
130	268	5.82285
130	269	5.59034
130	289	6.12947
130	293	6.18535
130	294	5.93965
131	17	3.99181
131	22	4.09222
131	28	4.05165
131	61	2.76242
131	73	4.49789
131	83	4.55301
131	85	4.42801
131	117	4.89101
131	119	4.80073
131	159	5.02721
131	182	4.14332
131	189	4.97848
131	193	4.96881
131	204	5.33039
131	208	5.32264
131	216	5.63506
131	224	4.70095
131	236	5.67172
131	237	4.59296
131	253	4.57547
131	269	4.89941
131	292	5.29181
132	74	3.02855
132	113	3.42403
132	115	3.36686
132	117	3.89952
132	142	3.59997
132	150	3.66172
132	165	4.68027
132	188	4.2045
132	210	4.29461
132	222	4.50665
132	224	4.30384
132	261	5.24454
132	267	5.27611
132	268	5.12083
132	270	5.95453
132	277	5.37905
132	278	5.35605
132	280	5.41898
132	285	5.39901
132	286	5.61322
132	291	5.5872
132	295	5.90633
133	1	3.40792
133	3	4.15823
133	29	4.18121
133	52	4.59554
133	70	4.62803
133	82	4.67055
133	84	4.6386
133	93	4.73279
133	103	4.69839
133	109	4.70042
133	121	5.01785
133	130	4.07166
133	155	5.10166
133	158	5.10605
133	180	4.10996
133	182	5.12847
133	195	5.44031
133	201	5.44027
133	210	4.81113
133	245	4.37778
133	263	4.475
133	299	5.72132
134	9	3.18797
134	14	3.33133
134	30	3.71345
134	33	3.82815
134	52	4.1903
134	59	3.19972
134	67	3.78993
134	166	4.26646
134	176	4.16431
134	195	4.29175
134	231	5.39576
134	232	4.76125
134	233	5.14248
134	245	5.26655
134	247	5.25185
134	254	5.37398
134	255	5.24673
134	258	5.29796
134	275	5.84398
134	290	5.77951
134	292	5.79735
134	296	6.0304
135	2	3.36474
135	13	3.60587
135	58	3.8375
135	71	4.0618
135	74	3.80487
135	77	4.20768
135	89	4.10505
135	91	4.25516
135	104	4.29492
135	124	5.16525
135	143	5.4313
135	157	4.70254
135	163	5.88385
135	168	4.68215
135	178	4.67772
135	200	5.06334
135	206	5.08037
135	214	5.39397
135	217	5.10575
135	221	5.1057
135	226	5.40069
135	276	5.99296
136	6	3.70101
136	33	3.7219
136	47	3.06391
136	69	4.06334
136	96	4.30079
136	101	4.5655
136	120	4.4144
136	123	4.22044
136	144	4.54559
136	151	3.92402
136	172	4.65245
136	190	4.84962
136	199	4.8743
136	201	4.80419
136	226	4.69189
136	227	5.20864
136	234	5.52228
136	238	4.65542
136	256	5.80519
136	270	5.8782
136	275	5.56553
136	276	6.13885
137	4	3.91654
137	57	3.9406
137	63	4.03078
137	94	4.14675
137	105	4.4803
137	117	3.54754
137	141	4.89941
137	146	4.45303
137	156	4.58868
137	177	4.49153
137	188	4.31746
137	192	4.68599
137	203	4.84408
137	205	4.88106
137	208	4.45428
137	240	5.24779
137	244	5.59006
137	250	5.52505
137	253	5.63481
137	255	5.6048
137	262	5.6461
137	263	4.30234
138	25	3.14497
138	56	3.54983
138	59	3.43666
138	84	4.52288
138	101	3.33579
138	123	3.88609
138	127	3.85139
138	164	4.25639
138	168	4.28299
138	194	4.27744
138	196	4.39683
138	204	4.68547
138	248	5.1502
138	252	5.17251
138	266	5.20219
