1	3	3.39964
1	31	2.77901
1	70	3.64274
1	75	3.40746
1	189	3.41878
1	191	3.61131
1	194	4.14805
1	214	3.69893
1	221	3.78413
1	225	3.69776
1	235	4.52137
1	254	4.12668
1	270	4.57004
1	271	5.33251
1	282	5.62322
1	288	4.86668
1	296	5.51563
2	27	3.46177
2	33	3.07326
2	74	3.69386
2	83	2.89887
2	94	3.10141
2	149	4.17048
2	163	4.03816
2	169	4.55894
2	176	4.23837
2	191	3.51611
2	213	4.70577
2	231	4.26245
2	233	4.35715
2	241	5.24317
2	249	4.6518
2	253	5.179
2	260	4.90477
3	1	3.39964
3	80	3.22671
3	108	2.98992
3	131	4.08108
3	142	4.1931
3	172	3.40522
3	178	4.47058
3	200	4.03668
3	205	4.02396
3	215	3.89821
3	230	3.99628
3	237	5.10357
3	243	3.96856
3	259	4.19075
3	275	5.19966
3	291	4.55692
3	293	5.40569
4	96	3.21942
4	112	3.56116
4	115	4.15043
4	131	3.27703
4	156	3.1809
4	157	4.15885
4	175	3.91807
4	182	4.21319
4	202	3.53401
4	203	4.00491
4	229	5.05193
4	237	4.29952
4	256	4.33727
4	257	4.67918
4	265	5.24106
4	286	4.3122
4	290	4.98689
5	29	3.05003
5	48	2.91047
5	124	3.43992
5	139	3.21712
5	143	3.79947
5	176	3.91433
5	212	3.96947
5	225	4.69978
5	227	4.04951
5	234	3.86541
5	241	3.91965
5	247	4.48597
5	264	4.5899
5	272	4.95054
5	285	4.80461
5	296	5.24157
5	297	5.23289
6	48	3.52543
6	56	4.09506
6	126	2.88533
6	127	2.9447
6	142	4.21419
6	143	3.62819
6	164	3.2539
6	188	3.48252
6	206	4.33997
6	228	4.18055
6	232	4.82009
6	240	4.99895
6	255	4.87084
6	264	4.41863
6	272	4.77926
6	285	4.63333
6	296	5.07029
7	60	3.03967
7	99	3.47388
7	126	3.25174
7	135	3.42524
7	151	3.67802
7	159	3.36556
7	182	3.55781
7	187	3.9323
7	226	4.11351
7	263	4.29761
7	266	4.73387
7	272	4.42283
7	276	4.64524
7	284	4.78297
7	286	5.10247
7	295	5.03352
7	297	5.27392
8	25	3.08233
8	42	2.91348
8	68	3.92116
8	81	3.61897
8	106	3.95956
8	133	4.06705
8	147	3.50937
8	151	4.17321
8	155	3.99958
8	161	3.96065
8	182	4.053
8	206	4.15799
8	239	4.87673
8	245	4.70181
8	254	4.64208
8	270	5.08544
8	288	5.38209
9	88	3.22126
9	113	3.60295
9	120	3.11405
9	134	3.772
9	153	3.73235
9	166	4.02372
9	170	3.98082
9	175	3.94275
9	205	3.16488
9	224	4.34945
9	226	4.17033
9	249	4.94501
9	250	4.20582
9	252	4.83988
9	271	4.72777
9	282	5.43136
9	296	4.91089
10	16	2.95508
10	26	2.86097
10	41	3.49203
10	45	3.1432
10	53	3.85669
10	62	2.89704
10	84	3.59754
10	93	4.00573
10	157	4.14035
10	160	4.03497
10	184	3.80166
10	202	4.16853
10	232	4.62948
10	279	5.52572
10	281	5.5082
10	287	5.66059
10	299	5.83577
11	17	2.94061
11	40	3.43441
11	58	3.63432
11	61	3.50128
11	116	3.54547
11	133	4.0528
11	144	3.56766
11	170	3.97759
11	178	3.54968
11	201	4.47675
11	220	4.33158
11	234	4.40282
11	235	4.26503
11	265	4.88104
11	278	4.86218
11	288	5.47692
11	289	5.20227
12	26	3.02919
12	40	3.45158
12	44	3.09905
12	55	4.19423
12	59	3.35573
12	71	3.19044
12	76	2.85788
12	165	4.45746
12	209	4.17343
12	227	4.0338
12	231	4.94086
12	242	4.52539
12	247	3.90076
12	253	4.29553
12	287	5.82881
12	294	4.75823
12	299	6.00399
13	20	2.51361
13	29	2.69641
13	39	2.87675
13	42	3.38455
13	54	3.70783
13	76	3.34251
13	106	4.40378
13	170	4.43606
13	181	3.9378
13	197	4.37053
13	206	4.6022
13	211	4.89303
13	236	4.6112
13	266	4.88072
13	268	5.23589
13	271	5.14018
13	274	5.11058
14	37	3.54386
14	38	2.18847
14	47	3.65875
14	85	2.73072
14	91	3.56789
14	96	2.81978
14	103	3.7672
14	106	4.22133
14	131	4.18195
14	175	4.82299
14	227	4.02065
14	273	4.60684
14	274	5.24658
14	275	4.73276
14	293	5.17923
14	294	5.01061
14	298	5.83872
15	44	3.4755
15	114	3.64204
15	159	2.91657
15	171	4.0608
15	172	3.06326
15	175	4.36253
15	211	4.58997
15	217	4.69883
15	232	4.8113
15	243	3.94125
15	248	3.61915
15	260	3.94888
15	262	5.40051
15	282	4.57214
15	289	4.20267
15	293	4.17998
15	295	4.63548
16	10	2.95508
16	45	2.56167
16	55	3.44447
16	67	3.34853
16	99	3.40581
16	132	3.23437
16	180	3.72905
16	214	4.08326
16	231	4.1911
16	236	4.35563
16	249	4.4465
16	277	4.93471
16	279	4.94419
16	287	5.07906
16	290	5.31581
16	294	4.89269
16	296	5.21513
17	11	2.94061
17	48	3.72603
17	92	3.29372
17	93	3.71674
17	104	3.77399
17	109	3.15056
17	141	4.54356
17	167	4.04026
17	185	3.89305
17	192	3.86575
17	197	4.65753
17	209	4.32451
17	223	4.68118
17	241	5.09594
17	253	5.03177
17	264	4.44825
17	279	4.92248
18	51	3.44832
18	107	3.15025
18	110	4.13925
18	138	3.46737
18	162	3.33284
18	167	4.08487
18	168	3.59686
18	169	4.45633
18	176	3.98092
18	195	4.43445
18	197	4.70214
18	218	3.97105
18	221	4.35261
18	223	4.72579
18	242	4.60769
18	253	5.07639
18	286	4.58897
19	25	2.93606
19	60	2.81794
19	84	2.81562
19	85	3.83279
19	133	3.33489
19	142	3.33418
19	163	3.70111
19	165	3.50732
19	242	4.82781
19	246	4.85474
19	275	4.8925
19	277	4.73432
19	279	4.7438
19	281	4.72629
19	283	4.88141
19	289	5.12122
19	299	5.05385
20	13	2.51361
20	24	2.50889
20	28	3.29432
20	88	3.88965
20	94	3.29971
20	115	3.96197
20	130	3.54613
20	185	3.64019
20	220	4.66507
20	237	4.99258
20	246	4.04297
20	263	4.72681
20	265	5.00396
20	266	4.61626
20	271	4.87572
20	274	4.84613
20	297	5.71577
21	93	2.94904
21	106	3.29009
21	113	4.20946
21	148	3.57198
21	176	4.33534
21	196	4.03014
21	197	3.91435
21	206	4.14602
21	218	4.0368
21	219	3.72172
21	228	4.3634
21	233	4.17103
21	237	4.11925
21	246	4.98905
21	249	4.39178
21	255	4.67689
21	294	5.19496
22	47	3.25788
22	72	3.21228
22	91	3.20294
22	103	3.36037
22	146	3.2373
22	165	3.94603
22	176	3.83573
22	190	3.71533
22	200	4.27577
22	227	4.34339
22	239	4.41689
22	243	4.20766
22	248	4.44861
22	273	4.7546
22	276	4.90907
22	292	5.43318
22	297	5.52676
23	60	2.86331
23	72	3.59042
23	162	3.80822
23	172	4.02247
23	177	3.13223
23	190	4.09348
23	211	3.77725
23	213	3.68104
23	215	4.51546
23	217	3.66543
23	230	4.61352
23	236	3.99831
23	258	5.11753
23	267	4.38157
23	276	5.28722
23	281	4.58244
23	297	4.9943
24	20	2.50889
24	36	2.96558
24	43	2.69804
24	56	3.33578
24	150	3.70387
24	169	3.38138
24	181	3.93308
24	185	3.89993
24	236	4.60649
24	263	4.98655
24	266	4.876
24	271	5.13546
24	274	5.10587
24	280	4.3165
24	282	5.05966
24	284	4.66874
24	288	4.91388
25	8	3.08233
25	19	2.93606
25	74	3.20949
25	81	3.34718
25	121	3.38981
25	150	3.56823
25	157	3.97883
25	164	3.56753
25	175	4.23294
25	211	4.46039
25	217	4.56924
25	232	4.68171
25	242	4.80393
25	244	4.92509
25	257	4.99278
25	262	5.27092
25	287	5.09462
26	10	2.86097
26	12	3.02919
26	27	3.91308
26	55	3.35037
26	94	3.59375
26	126	4.13035
26	127	4.30743
26	133	3.44117
26	142	3.44046
26	151	4.55662
26	160	4.427
26	176	4.73071
26	231	4.09699
26	274	5.36822
26	279	4.85008
26	281	4.83256
26	299	5.16013
27	2	3.46177
27	26	3.91308
27	48	3.74946
27	52	3.40376
27	77	3.72361
27	99	3.99724
27	102	3.99865
27	111	3.6205
27	149	4.04669
27	156	4.19967
27	163	3.91438
27	193	4.68946
27	200	4.70338
27	206	4.43518
27	211	4.726
27	223	4.70461
27	224	4.86073
28	20	3.29432
28	58	2.8731
28	67	3.6547
28	119	3.78699
28	135	3.91237
28	139	3.53615
28	141	3.62713
28	151	3.41875
28	164	3.74421
28	212	4.28851
28	216	4.39337
28	250	4.81622
28	251	4.55687
28	271	5.33817
28	272	5.26957
28	285	5.12364
28	294	5.19885
28	296	5.56061
29	5	3.05003
29	13	2.69641
29	60	3.76539
29	67	3.8933
29	95	3.0008
29	152	4.11934
29	158	3.69626
29	165	4.31565
29	220	4.84568
29	228	4.2291
29	239	4.78652
29	246	4.22577
29	261	4.77228
29	263	4.90961
29	265	5.18457
29	266	4.79906
29	271	5.05852
29	274	5.02893
30	44	3.51509
30	74	3.34698
30	86	3.54894
30	115	3.8794
30	124	3.84023
30	129	3.91058
30	147	3.36709
30	161	3.81837
30	189	3.79191
30	214	4.07206
30	225	4.07088
30	235	4.50245
30	246	4.96836
30	270	4.94316
30	275	5.00611
30	283	5.36057
30	287	5.23211
30	288	5.23981
31	1	2.77901
31	86	3.92416
31	104	3.75451
31	109	3.13107
31	121	3.87619
31	128	3.60825
31	156	3.50695
31	161	4.19359
31	189	4.16713
31	208	4.49219
31	238	4.51724
31	239	5.10968
31	245	4.93476
31	246	4.68391
31	253	4.42712
31	287	4.94766
31	288	5.61503
31	291	4.73591
32	56	3.68453
32	85	3.75051
32	119	3.27101
32	125	3.55094
32	137	3.99238
32	159	3.61287
32	168	3.58692
32	187	4.17962
32	200	4.19764
32	204	4.00404
32	229	4.29424
32	254	4.44898
32	262	4.43307
32	269	4.78502
32	283	4.79913
32	287	5.03622
32	295	5.28083
32	297	5.52124
33	2	3.07326
33	40	3.37838
33	68	3.85088
33	110	3.38747
33	135	3.42003
33	153	4.3021
33	183	3.33369
33	199	4.24897
33	209	3.82587
33	251	4.18768
33	255	4.02005
33	268	4.47227
33	275	4.80943
33	276	5.07015
33	288	5.42089
33	290	5.02258
33	292	5.502
33	300	5.08013
34	49	3.37865
34	59	3.84927
34	77	3.49126
34	84	3.66616
34	111	3.82602
34	116	2.87502
34	187	3.88095
34	199	3.57159
34	207	3.67137
34	215	4.1093
34	256	4.23927
34	257	5.20777
34	271	5.39108
34	277	5.2641
34	280	4.72079
34	286	5.05112
34	295	4.98217
34	297	5.22258
35	43	2.75732
35	49	3.54934
35	55	3.57621
35	101	3.82901
35	104	3.1026
35	155	4.21511
35	164	3.95321
35	167	4.3729
35	170	4.20737
35	179	4.25257
35	180	3.86078
35	231	4.32284
35	242	5.18961
35	261	4.63904
35	277	5.06644
35	279	5.07592
35	281	5.0584
35	299	5.38597
36	24	2.96558
36	50	3.16249
36	68	4.21156
36	96	4.15297
36	102	3.67041
36	133	4.35745
36	179	4.2087
36	194	3.93828
36	199	4.60965
36	208	3.82745
36	216	4.75758
36	218	4.30727
36	228	4.63387
36	233	4.4415
36	237	4.38972
36	249	4.66225
36	252	4.55711
36	277	5.50966
37	14	3.54386
37	41	3.53028
37	56	3.32043
37	61	2.98957
37	123	3.76908
37	152	3.91843
37	163	3.87699
37	172	4.03608
37	201	4.23366
37	207	4.09078
37	211	4.47843
37	215	4.52907
37	219	4.85567
37	255	4.71847
37	259	4.8216
37	276	5.30083
37	278	5.13498
37	291	5.18778
38	14	2.18847
38	59	3.89174
38	82	3.41981
38	89	3.40621
38	138	3.43196
38	166	4.4826
38	167	4.24468
38	169	4.046
38	191	3.60585
38	192	4.25068
38	209	3.86332
38	243	5.09338
38	273	4.72096
38	275	4.84688
38	284	5.33336
38	293	5.29335
38	294	5.12473
38	300	5.11758
39	13	2.87675
39	76	3.4412
39	88	3.63843
39	94	3.66286
39	110	3.25645
39	117	3.7342
39	145	3.42031
39	158	3.87661
39	192	3.96206
39	236	4.70989
39	246	4.40611
39	252	4.57782
39	257	4.96163
39	261	4.95263
39	263	5.08996
39	274	5.20927
39	299	5.3101
39	300	5.35809
40	11	3.43441
40	12	3.45158
40	33	3.37838
40	60	3.3466
40	71	2.76896
40	93	4.21054
40	152	4.085
40	165	4.03598
40	176	4.54349
40	194	3.84408
40	197	4.1225
40	210	4.16496
40	231	4.51938
40	233	4.66227
40	277	5.26298
40	281	5.25495
40	287	5.40733
40	295	5.89648
41	10	3.49203
41	37	3.53028
41	42	2.84831
41	84	3.8695
41	86	3.62605
41	95	3.91769
41	105	3.57684
41	113	4.4696
41	121	3.57807
41	136	4.05834
41	180	4.46973
41	194	4.59829
41	245	4.63664
41	248	4.93215
41	254	4.57691
41	277	5.46744
41	283	5.43768
41	288	5.31692
42	8	2.91348
42	13	3.38455
42	41	2.84831
42	121	3.49526
42	160	3.73145
42	185	3.87853
42	186	3.64018
42	194	4.51547
42	204	4.03078
42	221	4.15155
42	235	4.22296
42	239	4.72875
42	266	4.91692
42	270	4.93746
42	283	5.35486
42	288	5.2341
42	296	5.21722
42	299	5.19926
43	24	2.69804
43	35	2.75732
43	55	3.69651
43	84	3.26805
43	87	3.70745
43	132	3.48641
43	143	3.68466
43	150	4.30403
43	200	4.44905
43	208	4.83216
43	210	4.08872
43	222	4.43729
43	258	4.50901
43	277	5.18675
43	279	5.19623
43	281	5.17871
43	287	5.3311
43	298	5.59982
44	12	3.09905
44	15	3.4755
44	30	3.51509
44	50	3.64657
44	57	3.32339
44	73	3.95085
44	81	3.62435
44	85	4.27433
44	87	3.97985
44	95	3.96477
44	127	4.2193
44	171	4.20838
44	175	4.51011
44	211	4.73756
44	217	4.84641
44	262	5.5481
44	277	5.51453
44	295	5.99556
45	10	3.1432
45	16	2.56167
45	107	3.22352
45	120	3.4394
45	142	3.72269
45	158	3.79154
45	165	3.89582
45	171	3.54732
45	180	3.91717
45	188	3.98752
45	240	4.52385
45	277	5.12283
45	281	5.11479
45	282	5.34383
45	285	5.06392
45	287	5.26718
45	298	5.28383
45	299	5.44236
46	49	3.43828
46	55	3.23078
46	77	3.24617
46	81	3.72345
46	98	3.24283
46	113	3.32832
46	122	3.72658
46	126	3.85142
46	138	3.90734
46	148	3.6888
46	228	4.10305
46	240	4.47509
46	265	5.05852
46	273	5.19634
46	277	5.32374
46	290	5.53542
46	292	5.67676
46	300	5.59296
47	14	3.65875
47	22	3.25788
47	52	3.52836
47	90	3.64745
47	134	3.72089
47	142	4.17671
47	153	3.68124
47	157	4.29348
47	166	3.97262
47	174	4.30744
47	181	4.17245
47	208	4.05911
47	224	4.29834
47	233	4.67316
47	252	4.78877
47	276	5.28494
47	282	5.38026
47	285	5.50155
48	5	2.91047
48	6	3.52543
48	17	3.72603
48	27	3.74946
48	51	3.83862
48	92	3.72864
48	111	4.03198
48	149	4.45817
48	169	4.84663
48	173	4.19319
48	182	4.14397
48	189	4.26857
48	195	4.82475
48	202	4.26813
48	213	4.99346
48	255	4.77982
48	280	4.98477
48	283	5.11864
49	34	3.37865
49	35	3.54934
49	46	3.43828
49	107	3.59797
49	122	3.3183
49	158	4.16598
49	192	3.75274
49	220	4.08771
49	233	4.54741
49	238	4.51627
49	250	4.4256
49	257	4.07528
49	265	4.63717
49	267	4.41679
49	274	5.06614
49	277	5.30058
49	289	4.9584
49	291	5.13434
50	36	3.16249
50	44	3.64657
50	90	3.80357
50	106	3.94834
50	125	3.87831
50	138	3.93258
50	153	3.83736
50	161	4.17821
50	179	4.59648
50	185	4.28949
50	189	4.27642
50	193	4.51109
50	196	4.68839
50	198	4.58062
50	224	4.45447
50	237	4.7775
50	252	4.94489
50	263	4.89163
51	18	3.44832
51	48	3.83862
51	58	3.14655
51	92	3.40632
51	111	3.70966
51	124	3.37087
51	141	4.65615
51	169	4.52431
51	183	3.8148
51	193	3.91025
51	213	4.67114
51	223	4.79377
51	225	4.63074
51	243	4.50405
51	253	5.14437
51	281	4.75198
51	292	5.07026
51	299	5.00938
52	27	3.40376
52	47	3.52836
52	53	3.24462
52	60	3.66624
52	65	3.0893
52	111	3.68628
52	143	3.79318
52	147	4.15581
52	155	4.13096
52	156	4.26544
52	169	4.50093
52	195	4.47905
52	197	4.74674
52	213	4.64776
52	229	4.65416
52	241	5.18515
52	266	5.36044
52	295	5.83167
53	10	3.85669
53	52	3.24462
53	69	3.69379
53	85	4.5919
53	88	4.45258
53	110	3.95894
53	130	3.61144
53	141	4.40785
53	145	4.23446
53	149	3.88755
53	152	4.50166
53	153	4.98522
53	195	4.25414
53	201	5.10384
53	203	4.82505
53	223	4.54547
53	234	4.91122
53	241	4.96024
53	253	4.89607
54	13	3.70783
54	57	3.12272
54	65	3.50985
54	79	3.2676
54	131	3.93132
54	150	3.64474
54	152	4.20668
54	175	4.30945
54	183	4.32796
54	184	4.64153
54	190	4.5701
54	217	4.64574
54	232	4.75821
54	243	5.0172
54	250	4.83544
54	252	4.79026
54	259	4.90418
54	262	5.34743
54	271	5.35738
55	12	4.19423
55	16	3.44447
55	26	3.35037
55	35	3.57621
55	43	3.69651
55	46	3.23078
55	75	3.29502
55	96	3.7364
55	99	3.59387
55	149	3.8152
55	155	3.8734
55	180	4.79997
55	188	4.15446
55	272	4.79185
55	279	6.01511
55	281	5.9976
55	290	5.50386
55	299	6.32516
55	300	5.43322
56	6	4.09506
56	24	3.33578
56	32	3.68453
56	37	3.32043
56	58	4.30917
56	89	3.67916
56	101	3.94248
56	117	3.72702
56	120	4.02853
56	135	4.58104
56	162	4.07242
56	176	4.47808
56	186	4.61292
56	198	4.27763
56	201	4.48425
56	229	5.18339
56	262	5.32222
56	282	6.29755
56	291	5.43837
57	44	3.32339
57	54	3.12272
57	114	3.48993
57	120	4.02856
57	152	4.10766
57	166	4.69132
57	167	4.4534
57	171	3.90869
57	174	4.45898
57	175	4.21042
57	177	4.09982
57	178	4.60572
57	197	4.22235
57	211	4.43787
57	226	5.08484
57	232	4.65919
57	244	4.90257
57	262	5.24841
57	288	5.78721
58	11	3.63432
58	28	2.8731
58	51	3.14655
58	56	4.30917
58	74	3.77573
58	93	4.41045
58	97	3.41378
58	129	3.34737
58	139	3.39145
58	143	3.9738
58	202	4.57326
58	216	4.24866
58	247	4.6603
58	269	5.5386
58	272	5.12487
58	285	4.97894
58	296	5.4159
58	297	6.06196
58	300	5.95549
59	12	3.35573
59	34	3.84927
59	38	3.89174
59	78	3.19465
59	85	4.53101
59	87	4.23653
59	115	3.55239
59	150	4.83311
59	157	3.56081
59	179	4.58898
59	229	4.45389
59	234	4.1648
59	242	3.85075
59	250	4.43146
59	267	4.42265
59	289	4.96426
59	292	4.81591
59	296	6.08131
59	299	6.06335
60	7	3.03967
60	19	2.81794
60	23	2.86331
60	29	3.76539
60	40	3.3466
60	52	3.66624
60	86	3.80857
60	132	3.87914
60	134	3.98515
60	165	4.35248
60	180	4.37382
60	223	4.72094
60	233	4.74847
60	264	5.02826
60	277	5.57948
60	279	5.58896
60	281	5.57144
60	288	5.77356
60	299	5.89901
61	11	3.50128
61	37	2.98957
61	86	3.78924
61	89	3.34829
61	108	3.5405
61	141	3.89826
61	151	4.43627
61	198	3.94677
61	200	4.58726
61	201	4.15339
61	205	4.57454
61	215	4.44879
61	219	5.08911
61	220	4.87821
61	227	4.74555
61	259	4.74133
61	272	5.18108
61	290	5.8931
61	291	5.1075
62	10	2.89704
62	101	4.04368
62	109	3.98673
62	117	3.82822
62	124	3.91065
62	145	4.36501
62	156	3.47725
62	161	3.73259
62	166	4.04847
62	208	4.46249
62	213	4.00579
62	230	4.97892
62	239	4.20918
62	240	4.47017
62	248	5.19216
62	258	5.48293
62	276	5.65262
62	281	4.90719
62	298	5.23015
63	81	3.31952
63	84	3.32187
63	117	3.63605
63	134	3.4033
63	158	3.80182
63	181	3.96169
63	185	3.92854
63	186	3.65286
63	225	4.8333
63	230	4.29274
63	236	4.6351
63	256	4.68097
63	261	4.87784
63	263	5.01517
63	266	4.90461
63	271	5.16407
63	274	5.13448
63	282	5.3375
63	284	4.94659
64	79	3.95281
64	91	3.45557
64	94	3.62713
64	108	3.48164
64	109	3.49582
64	128	3.99396
64	134	4.11954
64	145	3.87409
64	146	3.48993
64	157	4.56576
64	184	4.22706
64	205	4.51568
64	215	4.38994
64	248	4.70124
64	258	4.99201
64	279	5.63688
64	286	5.37214
64	291	5.04865
64	299	5.92818
65	52	3.0893
65	54	3.50985
65	73	4.03828
65	98	2.92131
65	100	3.56947
65	114	3.87706
65	133	3.77249
65	152	4.49479
65	175	4.59755
65	184	4.92963
65	189	3.88304
65	200	4.13163
65	219	4.53149
65	232	5.04632
65	244	5.28969
65	262	5.63553
65	292	5.27772
65	293	4.95024
65	298	5.2824
66	90	3.0548
66	120	3.30262
66	135	3.68239
66	152	3.45891
66	166	3.96538
66	174	3.73304
66	209	4.08823
66	222	3.80312
66	237	4.51277
66	240	4.22462
66	263	4.36291
66	268	4.73463
66	270	4.59339
66	273	4.94587
66	275	5.07179
66	282	5.20705
66	293	5.51826
66	294	5.34964
66	297	5.23596
67	16	3.34853
67	28	3.6547
67	29	3.8933
67	86	3.47442
67	104	4.4819
67	105	3.42522
67	118	3.0199
67	132	4.08729
67	161	3.74385
67	194	4.44666
67	216	4.87747
67	221	4.08274
67	239	4.65994
67	254	4.42529
67	260	5.42399
67	270	4.86865
67	283	5.28605
67	284	5.65633
67	300	5.96969
68	8	3.92116
68	33	3.85088
68	36	4.21156
68	101	3.26541
68	123	3.3426
68	128	4.24587
68	142	4.70089
68	154	3.79736
68	161	4.74808
68	201	3.80718
68	205	4.22833
68	230	4.20065
68	243	4.17294
68	248	4.41389
68	258	4.70466
68	259	4.39512
68	276	4.87435
68	285	6.02573
68	293	5.91348
69	53	3.69379
69	74	4.08502
69	92	3.8321
69	102	4.51359
69	114	3.63784
69	115	3.81842
69	141	5.08193
69	145	3.52797
69	150	4.18752
69	153	4.27874
69	158	3.99102
69	167	4.57863
69	170	3.8982
69	193	4.31863
69	195	4.92822
69	199	4.22561
69	213	5.09692
69	241	5.63432
69	295	5.60665
70	1	3.64274
70	95	2.82717
70	107	3.92064
70	110	3.86175
70	124	4.27689
70	158	3.52263
70	181	3.68251
70	185	3.64936
70	200	4.83018
70	244	4.76273
70	246	4.05213
70	261	4.59865
70	262	5.06561
70	263	4.73598
70	266	4.62543
70	267	5.45713
70	271	4.88489
70	274	4.8553
70	279	5.6241
71	12	3.19044
71	40	2.76896
71	76	3.78085
71	101	4.08775
71	102	3.85429
71	104	3.038
71	126	4.22122
71	127	4.39831
71	161	4.55367
71	180	3.79618
71	210	3.90382
71	229	4.99706
71	231	4.25824
71	270	5.49757
71	277	5.00185
71	281	4.99381
71	287	5.1462
71	296	6.00364
71	299	5.32137
72	22	3.21228
72	23	3.59042
72	89	3.96276
72	93	3.91649
72	106	3.8617
72	123	4.30327
72	134	3.60489
72	144	3.89009
72	167	4.0595
72	176	4.76168
72	187	3.96351
72	199	4.22139
72	204	4.24506
72	243	5.13361
72	248	5.37456
72	256	4.88256
72	259	5.35579
72	273	4.79583
72	291	5.72197
73	44	3.95085
73	65	4.03828
73	112	3.46743
73	114	4.11739
73	150	4.17317
73	161	3.51863
73	171	4.53614
73	174	3.60218
73	175	4.83788
73	208	4.24853
73	211	5.06532
73	214	3.83674
73	217	5.17417
73	238	4.27358
73	244	5.53002
73	266	4.6683
73	270	4.46253
73	272	4.35726
73	298	5.01619
74	2	3.69386
74	25	3.20949
74	30	3.34698
74	58	3.77573
74	69	4.08502
74	95	3.79666
74	102	4.23074
74	122	3.74926
74	141	4.79908
74	156	4.43176
74	178	4.43684
74	185	4.31783
74	195	4.64537
74	197	4.91306
74	212	4.29965
74	236	4.79703
74	241	5.35147
74	253	5.2873
74	292	5.69944
75	1	3.40746
75	55	3.29502
75	77	3.61513
75	78	3.75017
75	135	4.08916
75	144	3.88516
75	169	4.1274
75	194	3.8166
75	203	3.96239
75	205	3.95207
75	206	4.46988
75	217	4.5057
75	232	4.80683
75	235	4.58254
75	238	5.07764
75	250	4.98697
75	265	5.19854
75	282	5.80567
75	289	5.51977
76	12	2.85788
76	13	3.34251
76	39	3.4412
76	71	3.78085
76	94	4.12862
76	107	3.57073
76	114	3.78557
76	127	3.97812
76	181	4.50225
76	183	4.37091
76	185	4.46909
76	190	4.61305
76	198	4.53589
76	246	4.87187
76	253	4.79831
76	261	5.41839
76	263	5.55572
76	271	5.70463
76	278	5.15946
77	27	3.72361
77	34	3.49126
77	46	3.24617
77	75	3.61513
77	85	3.31304
77	125	3.97342
77	135	3.92568
77	140	3.65192
77	190	4.7529
77	247	4.54339
77	248	4.8779
77	249	4.95467
77	251	4.69333
77	260	4.48352
77	268	4.97792
77	273	5.18916
77	285	5.55098
77	290	5.52823
77	291	5.24695
77	293	5.76155
78	59	3.19465
78	75	3.75017
78	85	3.96587
78	112	3.67156
78	115	4.26083
78	153	4.35919
78	155	3.98639
78	166	4.38209
78	175	4.54804
78	178	4.02011
78	192	4.46704
78	201	4.47781
78	237	4.92948
78	238	5.23057
78	245	4.41882
78	253	4.73103
78	256	4.96724
78	267	5.13109
78	278	5.33261
78	289	5.6727
79	54	3.2676
79	64	3.95281
79	114	3.63481
79	123	3.87131
79	139	3.55902
79	142	4.31576
79	152	4.25254
79	175	4.3553
79	177	4.08733
79	181	4.31149
79	184	4.68738
79	211	4.58274
79	217	4.6916
79	221	5.00255
79	232	4.80407
79	234	4.58193
79	244	5.04744
79	262	5.39328
79	279	5.50365
79	281	5.53755
80	3	3.22671
80	107	3.5181
80	160	3.85694
80	183	3.78923
80	191	4.02394
80	198	4.29514
80	200	4.23953
80	219	4.63939
80	222	3.9963
80	227	4.55285
80	232	4.45145
80	238	4.64769
80	255	4.47559
80	260	4.4334
80	268	4.92781
80	269	4.95585
80	276	4.95378
80	290	5.47812
80	297	5.4792
80	300	5.53567
81	8	3.61897
81	25	3.34718
81	44	3.62435
81	46	3.72345
81	63	3.31952
81	103	3.86597
81	106	4.32606
81	150	3.84667
81	152	4.40862
81	171	4.20965
81	184	4.84346
81	200	4.79268
81	211	4.73882
81	226	5.15529
81	232	4.96015
81	241	4.71912
81	244	5.20352
81	262	5.54936
81	278	5.47186
81	285	5.72354
82	38	3.41981
82	90	3.94867
82	113	4.30143
82	116	3.63974
82	121	3.63997
82	134	4.02211
82	147	4.10444
82	153	3.98246
82	170	4.23093
82	179	4.74158
82	208	4.36032
82	219	4.52507
82	224	4.59956
82	228	5.16674
82	229	4.6028
82	249	5.19512
82	271	5.42625
82	277	5.29927
82	280	4.97381
82	284	5.32605
83	2	2.89887
83	99	3.82341
83	131	3.90017
83	137	4.0946
83	155	4.02581
83	157	3.9043
83	168	3.68913
83	179	3.79236
83	225	4.88808
83	226	4.46304
83	228	3.75389
83	256	4.64015
83	283	4.783
83	284	5.13249
83	287	5.02009
83	290	5.38536
83	292	5.3276
83	293	5.00012
83	295	5.38305
83	297	5.62345
84	10	3.59754
84	19	2.81562
84	34	3.66616
84	41	3.8695
84	43	3.26805
84	63	3.32187
84	92	4.13567
84	104	3.61332
84	117	4.30435
84	123	3.9566
84	133	4.17773
84	210	4.47914
84	238	5.20319
84	263	5.16165
84	268	5.16052
84	277	5.57717
84	279	5.58664
84	287	5.72152
84	292	5.94112
84	299	5.89669
85	14	2.73072
85	19	3.83279
85	32	3.75051
85	44	4.27433
85	53	4.5919
85	59	4.53101
85	77	3.31304
85	78	3.96587
85	103	4.42357
85	112	4.75477
85	136	3.45887
85	163	4.57396
85	217	5.06357
85	236	5.39645
85	240	4.54195
85	251	4.76738
85	260	4.55756
85	290	5.60228
85	294	5.66697
85	300	5.65983
86	30	3.54894
86	31	3.92416
86	41	3.62605
86	60	3.80857
86	61	3.78924
86	67	3.47442
86	87	3.95829
86	89	3.5926
86	113	4.49513
86	118	3.86645
86	145	3.89532
86	147	4.13912
86	221	4.92929
86	224	4.85725
86	239	5.50648
86	252	5.05283
86	270	5.71519
86	288	6.01184
86	294	5.48063
86	296	5.80307
87	43	3.70745
87	44	3.97985
87	59	4.23653
87	86	3.95829
87	97	3.61793
87	109	3.88028
87	143	4.17796
87	151	3.4782
87	179	4.46915
87	187	4.49349
87	188	4.03228
87	212	4.34796
87	216	4.45282
87	231	4.80349
87	247	4.86445
87	252	5.21123
87	264	4.96839
87	285	5.18309
87	296	5.62006
87	300	5.9915
88	9	3.22126
88	20	3.88965
88	39	3.63843
88	53	4.45258
88	122	4.20936
88	125	4.36675
88	137	3.74734
88	202	4.00258
88	204	3.759
88	207	3.725
88	214	4.98476
88	232	5.22537
88	247	4.93671
88	269	4.53998
88	280	4.77441
88	284	4.78524
88	286	5.10474
88	294	5.79418
88	295	5.03579
88	297	5.2762
89	38	3.40621
89	56	3.67916
89	61	3.34829
89	72	3.96276
89	86	3.5926
89	90	3.55112
89	106	4.02598
89	125	4.00784
89	176	4.58621
89	179	4.10346
89	200	5.02625
89	201	4.59238
89	215	4.88779
89	230	4.98586
89	251	4.63136
89	266	5.29548
89	276	5.65955
89	285	5.42347
89	286	5.02178
89	290	5.69646
90	47	3.64745
90	50	3.80357
90	66	3.0548
90	82	3.94867
90	89	3.55112
90	96	4.0948
90	106	4.20164
90	154	4.20714
90	170	4.33914
90	174	4.39517
90	192	4.39559
90	196	4.94169
90	213	4.58482
90	221	4.95122
90	228	5.27495
90	233	5.08258
90	236	4.90209
90	249	5.30333
90	278	5.33759
90	294	5.43915
91	14	3.56789
91	22	3.20294
91	64	3.45557
91	108	4.14562
91	115	3.9657
91	117	4.00128
91	146	4.15391
91	152	3.94246
91	172	4.56093
91	200	5.19238
91	205	5.17966
91	213	4.40624
91	214	4.45114
91	224	4.63718
91	230	5.15199
91	232	4.69175
91	239	4.60963
91	240	4.87061
91	291	5.71263
91	300	5.61304
92	17	3.29372
92	48	3.72864
92	51	3.40632
92	69	3.8321
92	84	4.13567
92	130	3.74975
92	139	3.78982
92	141	4.54617
92	149	4.02587
92	167	4.04287
92	169	4.41433
92	208	5.32364
92	215	4.5788
92	216	4.98153
92	222	4.92878
92	223	4.68378
92	239	5.07034
92	253	5.03438
92	293	5.75914
92	297	6.18021
93	10	4.00573
93	17	3.71674
93	21	2.94904
93	40	4.21054
93	58	4.41045
93	72	3.91649
93	96	4.62445
93	132	4.43887
93	134	3.93403
93	166	4.18576
93	170	4.14286
93	179	4.6535
93	197	4.68819
93	208	4.27225
93	228	5.07867
93	237	4.83452
93	241	5.1145
93	249	5.10705
93	250	5.58617
93	282	5.5934
94	2	3.10141
94	20	3.29971
94	26	3.59375
94	39	3.66286
94	64	3.62713
94	76	4.12862
94	106	3.91743
94	123	3.54563
94	133	4.02492
94	172	4.08595
94	190	4.51683
94	227	4.44036
94	236	5.39731
94	245	4.38988
94	246	5.09353
94	261	5.64005
94	266	5.66683
94	271	5.92629
94	274	5.89669
94	300	5.51726
95	29	3.0008
95	41	3.91769
95	44	3.96477
95	70	2.82717
95	74	3.79666
95	143	4.07883
95	158	4.08231
95	175	4.97825
95	180	4.63858
95	181	4.24219
95	199	4.73628
95	212	4.58952
95	229	4.93981
95	236	4.9156
95	246	4.61182
95	254	5.09455
95	261	5.15833
95	263	5.29566
95	266	5.18511
95	274	5.41498
96	4	3.21942
96	14	2.81978
96	36	4.15297
96	55	3.7364
96	90	4.0948
96	93	4.62445
96	103	4.51262
96	123	4.19786
96	136	3.54792
96	138	4.06327
96	146	4.64088
96	165	4.69523
96	222	4.20952
96	227	4.76607
96	251	4.85644
96	258	5.09625
96	268	5.14102
96	273	5.35226
96	275	5.47819
96	297	6.27596
97	58	3.41378
97	87	3.61793
97	126	3.91631
97	127	3.97569
97	129	4.03274
97	148	3.65651
97	151	3.95943
97	188	4.5135
97	194	3.72046
97	195	4.37704
97	202	4.24973
97	207	4.13373
97	209	4.6947
97	221	4.79157
97	224	4.65611
97	236	4.74244
97	264	5.44961
97	272	5.81025
97	282	5.70952
97	296	6.10128
98	46	3.24283
98	65	2.92131
98	100	3.20726
98	103	4.34618
98	115	3.87545
98	136	3.38148
98	196	3.96899
98	220	4.57855
98	225	5.09615
98	237	4.90606
98	240	4.46456
98	251	4.68999
98	255	4.52236
98	258	4.44953
98	267	5.01652
98	272	4.88141
98	278	5.06876
98	290	5.52489
98	293	5.75821
98	300	5.58244
99	7	3.47388
99	16	3.40581
99	27	3.99724
99	55	3.59387
99	83	3.82341
99	110	3.92532
99	147	4.492
99	168	4.13269
99	184	4.27785
99	189	4.64517
99	195	4.77203
99	199	4.41603
99	202	4.7934
99	210	4.73534
99	226	4.9066
99	233	4.93365
99	256	5.08371
99	273	5.36127
99	280	5.56523
99	286	5.89556
99	297	6.06702
100	65	3.56947
100	98	3.20726
100	103	4.32113
100	111	4.39272
100	138	3.87178
100	148	3.65323
100	162	4.31077
100	173	4.71377
100	182	4.66455
100	183	3.81096
100	191	4.04566
100	204	4.95447
100	222	4.01802
100	238	5.44589
100	240	4.43952
100	252	5.39067
100	258	5.09769
100	274	5.59636
100	290	5.49985
100	293	5.73316
100	294	5.56454
101	35	3.82901
101	56	3.94248
101	62	4.04368
101	68	3.26541
101	71	4.08775
101	117	4.09848
101	120	4.39999
101	123	4.39112
101	127	4.28502
101	146	4.2511
101	181	4.38894
101	190	4.72914
101	194	4.00889
101	198	4.64909
101	215	5.15111
101	223	4.79955
101	243	5.22146
101	263	5.15381
101	266	5.59006
101	295	6.06129
101	300	5.92039
102	27	3.99865
102	36	3.67041
102	69	4.51359
102	71	3.85429
102	74	4.23074
102	119	3.92259
102	130	4.43125
102	140	3.30612
102	149	4.70736
102	156	4.86033
102	161	4.20693
102	169	5.09582
102	183	4.44436
102	197	5.34164
102	213	5.24265
102	230	4.71973
102	239	4.68353
102	253	5.71588
102	264	4.87341
102	286	5.08289
102	289	5.39503
103	14	3.7672
103	22	3.36037
103	81	3.86597
103	85	4.42357
103	96	4.51262
103	98	4.34618
103	100	4.32113
103	107	4.67875
103	112	4.27519
103	127	4.17102
103	135	5.03621
103	153	4.61937
103	163	4.09437
103	170	4.23884
103	187	4.30837
103	217	4.58398
103	251	5.80386
103	255	5.63623
103	259	5.14003
103	260	5.59405
103	287	5.51176
104	17	3.77399
104	31	3.75451
104	35	3.1026
104	67	4.4819
104	71	3.038
104	84	3.61332
104	129	4.76237
104	130	4.31535
104	133	4.13259
104	137	4.25827
104	142	4.13188
104	165	4.30502
104	175	5.38036
104	180	4.32636
104	210	4.43399
104	217	5.15612
104	277	5.53202
104	285	6.17618
104	287	5.67637
104	289	6.08662
104	299	5.85155
105	41	3.57684
105	67	3.42522
105	118	3.81724
105	132	3.81858
105	135	4.06203
105	138	3.97534
105	144	4.12954
105	148	3.72552
105	172	4.26966
105	176	4.48889
105	193	4.55385
105	194	5.244
105	203	4.3538
105	214	4.79488
105	219	4.96763
105	225	4.79371
105	239	5.45728
105	245	5.28235
105	270	5.66599
105	283	6.08339
105	297	5.80745
106	8	3.95956
106	13	4.40378
106	14	4.22133
106	21	3.29009
106	50	3.94834
106	72	3.8617
106	81	4.32606
106	89	4.02598
106	90	4.20164
106	94	3.91743
106	128	4.28426
106	155	4.70666
106	166	4.5268
106	196	5.08646
106	218	5.09311
106	228	5.41971
106	237	5.17557
106	245	5.1391
106	249	5.44809
106	251	5.27203
106	282	5.93444
107	18	3.15025
107	45	3.22352
107	49	3.59797
107	70	3.92064
107	76	3.57073
107	80	3.5181
107	103	4.67875
107	113	3.65037
107	133	4.33122
107	177	4.53078
107	217	4.60115
107	226	5.05297
107	240	4.79713
107	251	5.02256
107	255	4.85493
107	267	5.3173
107	273	5.51839
107	275	5.64431
107	281	5.51816
107	294	5.92215
107	298	5.84112
108	3	2.98992
108	61	3.5405
108	64	3.48164
108	91	4.14562
108	120	4.32887
108	146	4.17998
108	149	4.15375
108	160	4.25597
108	162	4.37276
108	165	4.2975
108	176	4.77842
108	201	4.78459
108	232	4.85049
108	241	4.565
108	258	5.68207
108	261	4.63588
108	269	5.35488
108	275	5.25115
108	276	5.85175
108	278	5.31774
108	294	5.4193
109	17	3.15056
109	31	3.13107
109	62	3.98673
109	64	3.49582
109	87	3.88028
109	124	4.12396
109	136	4.00585
109	145	4.57831
109	167	4.35306
109	172	4.60118
109	178	4.50538
109	205	5.21991
109	210	4.46346
109	219	5.02175
109	230	5.19223
109	249	4.95643
109	258	5.69624
109	259	5.3867
109	262	4.85731
109	276	5.86593
109	290	5.82574
110	18	4.13925
110	33	3.38747
110	39	3.25645
110	53	3.95894
110	70	3.86175
110	99	3.92532
110	111	4.40059
110	130	4.55067
110	136	4.01543
110	156	4.97975
110	163	4.69446
110	165	4.2904
110	167	4.84378
110	169	5.21524
110	197	5.46106
110	211	4.65409
110	219	5.03133
110	241	5.89947
110	257	5.3682
110	261	4.62878
110	288	5.69645
111	27	3.6205
111	34	3.82602
111	48	4.03198
111	51	3.70966
111	52	3.68628
111	100	4.39272
111	110	4.40059
111	133	4.59575
111	141	4.84951
111	149	4.32921
111	164	4.26638
111	170	4.52054
111	172	4.65678
111	190	5.08766
111	195	4.6958
111	197	4.96349
111	213	4.8645
111	223	4.98713
111	231	4.90008
111	289	5.79619
111	298	6.10565
112	4	3.56116
112	73	3.46743
112	78	3.67156
112	85	4.75477
112	103	4.27519
112	144	3.80656
112	152	4.66453
112	154	3.90438
112	157	4.03772
112	183	5.09253
112	206	4.39127
112	213	5.12831
112	220	4.57048
112	229	4.9308
112	233	5.24179
112	238	4.99903
112	242	4.32765
112	247	5.12516
112	257	4.55804
112	292	5.29282
112	295	6.476
113	9	3.60295
113	21	4.20946
113	41	4.4696
113	46	3.32832
113	82	4.30143
113	86	4.49513
113	107	3.65037
113	135	4.00784
113	148	3.76377
113	172	5.09702
113	177	4.28371
113	191	4.1562
113	202	5.1461
113	209	4.41367
113	224	5.55248
113	227	4.68512
113	242	5.94302
113	244	5.32768
113	251	4.77548
113	275	5.39723
113	300	5.66793
114	15	3.64204
114	57	3.48993
114	65	3.87706
114	69	3.63784
114	73	4.11739
114	76	3.78557
114	79	3.63481
114	130	3.97523
114	150	4.01195
114	152	4.57389
114	175	4.67666
114	201	4.97001
114	203	4.69122
114	217	5.01295
114	224	5.06255
114	244	5.3688
114	248	5.16297
114	255	5.16786
114	262	5.71464
114	279	5.69911
114	288	5.97018
115	4	4.15043
115	20	3.96197
115	30	3.8794
115	59	3.55239
115	69	3.81842
115	78	4.26083
115	91	3.9657
115	98	3.87545
115	130	4.1558
115	138	4.49334
115	174	4.60638
115	175	5.22081
115	192	4.82478
115	193	4.72834
115	218	4.99702
115	220	5.15975
115	228	4.65815
115	229	5.52007
115	261	5.08309
115	267	5.48883
115	298	5.84982
116	11	3.54547
116	34	2.87502
116	82	3.63974
116	131	3.79622
116	153	4.67963
116	156	4.1313
116	187	4.17788
116	204	4.0023
116	207	3.9683
116	226	4.35909
116	243	5.31331
116	256	4.5362
116	265	5.26129
116	269	4.78329
116	272	5.22527
116	276	5.44768
116	283	5.33492
116	284	5.02855
116	286	5.34805
116	289	5.57474
116	295	5.2791
117	39	3.7342
117	56	3.72702
117	62	3.82822
117	63	3.63605
117	84	4.30435
117	91	4.00128
117	101	4.09848
117	124	3.96545
117	125	4.05571
117	136	4.49318
117	143	4.34483
117	162	4.22842
117	167	4.84039
117	181	4.71097
117	198	4.43363
117	230	5.03372
117	258	5.53773
117	259	5.22819
117	267	5.73616
117	289	5.95052
117	295	6.38332
118	67	3.0199
118	86	3.86645
118	105	3.81724
118	122	4.20901
118	128	3.55054
118	136	4.39707
118	148	4.17085
118	171	4.42735
118	176	4.93422
118	181	4.61486
118	205	4.37027
118	214	4.38957
118	221	4.47477
118	225	4.3884
118	245	4.87704
118	254	4.81731
118	269	5.72942
118	270	5.26067
118	273	5.48061
118	283	5.67808
118	294	5.79384
119	28	3.78699
119	32	3.27101
119	102	3.92259
119	126	4.28952
119	131	3.89355
119	155	4.01919
119	167	4.69994
119	187	4.27521
119	193	4.95485
119	199	3.96585
119	204	4.09963
119	207	4.06563
119	226	4.45642
119	234	4.84096
119	239	5.09857
119	261	4.96608
119	278	5.64795
119	284	5.12587
119	285	5.89963
119	295	5.37643
119	297	5.61683
120	9	3.11405
120	45	3.4394
120	56	4.02853
120	57	4.02856
120	66	3.30262
120	101	4.39999
120	108	4.32887
120	123	4.47718
120	129	4.42328
120	162	4.52994
120	176	4.93559
120	184	4.29033
120	189	4.65764
120	198	4.73514
120	216	4.94722
120	227	4.96253
120	243	5.30752
120	246	5.48106
120	258	5.83924
120	259	5.5297
120	260	5.49374
121	25	3.38981
121	31	3.87619
121	41	3.57807
121	42	3.49526
121	82	3.63997
121	128	3.95708
121	147	4.09115
121	150	4.58864
121	155	4.30706
121	191	3.93253
121	208	5.11677
121	211	4.75629
121	221	4.88132
121	225	4.79494
121	250	5.13177
121	254	5.22386
121	270	5.66722
121	274	5.29229
121	279	5.52758
121	283	6.08463
121	288	5.96386
121	290	5.93752
122	46	3.72658
122	49	3.3183
122	74	3.74926
122	88	4.20936
122	118	4.20901
122	142	4.40183
122	144	4.1676
122	147	4.39405
122	160	4.18297
122	173	4.28108
122	186	4.40259
122	196	4.37523
122	220	4.93152
122	242	4.6887
122	246	5.37064
122	250	5.26941
122	257	4.91909
122	270	5.39291
122	271	5.71586
122	289	5.80221
122	292	5.65386
122	295	6.06992
123	37	3.76908
123	68	3.3426
123	72	4.30327
123	79	3.87131
123	84	3.9566
123	94	3.54563
123	96	4.19786
123	101	4.39112
123	120	4.47718
123	125	4.34835
123	169	4.29397
123	173	4.4375
123	200	5.36676
123	201	4.93289
123	205	5.35404
123	230	5.32637
123	254	5.01281
123	266	5.56435
123	274	5.3201
123	276	6.00006
123	288	5.82646
123	293	5.58008
124	5	3.43992
124	30	3.84023
124	51	3.37087
124	62	3.91065
124	70	4.27689
124	109	4.12396
124	117	3.96545
124	132	4.29741
124	145	4.50223
124	146	4.11807
124	172	4.52509
124	190	4.59611
124	205	5.14383
124	233	5.08649
124	236	5.29028
124	248	5.32938
124	251	5.18535
124	254	5.29794
124	258	5.62016
124	269	5.76292
124	276	5.78984
124	278	5.72578
125	32	3.55094
125	50	3.87831
125	77	3.97342
125	88	4.36675
125	89	4.00784
125	117	4.05571
125	123	4.34835
125	145	4.59249
125	162	4.40111
125	173	4.62923
125	179	4.56405
125	190	4.68637
125	198	4.60632
125	201	4.81294
125	202	4.70417
125	208	5.33631
125	230	5.20641
125	243	5.17869
125	247	4.87646
125	258	5.71042
125	267	5.58014
125	282	6.16396
126	6	2.88533
126	7	3.25174
126	26	4.13035
126	46	3.85142
126	71	4.22122
126	97	3.91631
126	119	4.28952
126	129	3.8499
126	137	3.9336
126	147	4.51889
126	164	4.10204
126	212	4.64634
126	216	4.7512
126	247	5.16283
126	257	5.65739
126	264	5.26677
126	272	5.6274
126	276	5.6349
126	285	5.48147
126	296	5.91844
126	298	6.07142
126	300	6.05386
127	6	2.9447
127	26	4.30743
127	44	4.2193
127	71	4.39831
127	76	3.97812
127	97	3.97569
127	101	4.28502
127	103	4.17102
127	143	4.53572
127	151	3.83596
127	156	4.4956
127	186	4.62387
127	188	4.39004
127	212	4.70572
127	216	4.81058
127	242	5.64563
127	247	5.22221
127	259	5.56459
127	272	5.68678
127	285	5.54085
127	287	5.93632
127	296	5.97782
128	31	3.60825
128	64	3.99396
128	68	4.24587
128	106	4.28426
128	118	3.55054
128	121	3.95708
128	129	4.26794
128	142	4.35691
128	159	4.30609
128	161	4.27448
128	163	4.17208
128	194	4.9773
128	214	4.52817
128	221	4.61338
128	239	5.19057
128	252	5.10383
128	257	5.48763
128	266	5.55377
128	270	5.39928
128	283	5.81669
128	288	5.69593
128	299	5.8361
129	30	3.91058
129	58	3.34737
129	97	4.03274
129	104	4.76237
129	120	4.42328
129	126	3.8499
129	128	4.26794
129	138	4.52451
129	139	4.01042
129	148	4.2747
129	188	4.44709
129	195	4.99522
129	196	4.69636
129	212	4.76277
129	214	5.08826
129	216	4.86763
129	218	5.02819
129	237	5.63343
129	247	5.27927
129	264	5.3832
129	285	5.59791
129	296	6.03487
130	20	3.54613
130	53	3.61144
130	92	3.74975
130	102	4.43125
130	104	4.31535
130	110	4.55067
130	114	3.97523
130	115	4.1558
130	163	4.34697
130	169	4.86775
130	179	4.28078
130	195	4.84587
130	200	4.66993
130	213	5.01457
130	223	5.1372
130	226	5.03254
130	238	5.07809
130	241	5.55197
130	253	5.4878
130	257	5.40667
130	282	5.88069
130	283	5.27142
131	3	4.08108
131	4	3.27703
131	14	4.18195
131	54	3.93132
131	83	3.90017
131	116	3.79622
131	119	3.89355
131	137	4.61492
131	168	4.20945
131	184	4.47799
131	193	5.07997
131	199	4.49279
131	204	4.62657
131	212	4.84019
131	216	5.13488
131	256	5.16047
131	262	5.32932
131	268	5.45938
131	269	5.40756
131	276	5.80814
131	280	5.64199
131	295	5.90337
132	16	3.23437
132	43	3.48641
132	60	3.87914
132	67	4.08729
132	93	4.43887
132	105	3.81858
132	124	4.29741
132	133	4.3961
132	165	4.56853
132	180	4.58987
132	187	4.4859
132	190	4.98348
132	198	4.90632
132	209	5.04665
132	210	4.6975
132	226	5.21332
132	231	5.05192
132	249	5.18525
132	253	5.16874
132	279	5.80501
132	281	5.78749
132	299	6.11506
133	8	4.06705
133	11	4.0528
133	19	3.33489
133	26	3.44117
133	36	4.35745
133	65	3.77249
133	84	4.17773
133	94	4.02492
133	104	4.13259
133	107	4.33122
133	111	4.59575
133	132	4.3961
133	142	4.69629
133	180	4.89077
133	189	4.99217
133	198	5.29637
133	210	4.99841
133	231	5.35283
133	272	5.7326
133	279	6.10591
133	281	6.0884
133	292	6.38685
134	9	3.772
134	47	3.72089
134	60	3.98515
134	63	3.4033
134	64	4.11954
134	72	3.60489
134	82	4.02211
134	93	3.93403
134	179	4.92322
134	190	5.00924
134	192	4.61364
134	197	4.3766
134	218	5.02178
134	219	4.70671
134	230	5.04247
134	233	5.15602
134	237	5.10424
134	249	5.37677
134	270	5.47357
134	282	5.86312
134	298	6.02724
134	299	5.96168
135	7	3.42524
135	28	3.91237
135	33	3.42003
135	56	4.58104
135	66	3.68239
135	75	4.08916
135	77	3.92568
135	103	5.03621
135	105	4.06203
135	113	4.00784
135	141	4.30317
135	177	4.88825
135	185	4.85863
135	209	5.01821
135	222	4.73311
135	227	5.28966
135	230	5.26015
135	259	5.561
135	260	5.17021
135	265	5.62201
135	284	5.914
135	293	6.44824
136	41	4.05834
136	85	3.45887
136	96	3.54792
136	98	3.38148
136	109	4.00585
136	110	4.01543
136	117	4.49318
136	118	4.39707
136	177	4.34738
136	192	4.72104
136	206	4.71566
136	209	4.47735
136	216	5.02486
136	220	5.17283
136	240	4.61373
136	241	4.9103
136	268	5.12375
136	273	5.33499
136	290	5.67406
136	293	5.90738
136	294	5.73875
136	296	6.08704
137	32	3.99238
137	83	4.0946
137	88	3.74734
137	104	4.25827
137	126	3.9336
137	131	4.61492
137	142	4.21887
137	159	4.42983
137	184	3.99695
137	187	4.99658
137	199	4.68721
137	201	4.67766
137	202	5.06458
137	204	4.821
137	209	4.80879
137	222	4.60109
137	256	5.35489
137	259	5.0797
137	265	5.1407
137	270	5.20995
137	284	5.84724
137	299	5.69806
138	18	3.46737
138	38	3.43196
138	46	3.90734
138	50	3.93258
138	96	4.06327
138	100	3.87178
138	105	3.97534
138	115	4.49334
138	129	4.52451
138	155	4.58086
138	177	4.86273
138	183	4.50052
138	210	4.84905
138	227	5.26414
138	238	5.41562
138	240	5.12908
138	244	4.94001
138	255	5.18688
138	260	5.14469
138	283	5.60895
138	284	5.82732
138	300	6.24696
139	5	3.21712
139	28	3.53615
139	58	3.39145
139	79	3.55902
139	92	3.78982
139	129	4.01042
139	164	4.26255
139	174	4.18593
139	180	4.24454
139	216	4.91171
139	225	5.15575
139	238	4.85734
139	245	4.455
139	247	5.32335
139	264	5.42729
139	271	5.36923
139	272	5.78792
