1	47	3.7393
1	59	3.4987
1	79	3.13735
1	87	3.697
1	90	3.47377
1	124	3.80188
1	128	3.97985
1	129	3.10712
1	139	3.65186
1	142	4.47547
1	146	3.76971
1	182	5.32032
1	198	4.50982
1	245	4.32917
1	270	5.22619
1	272	5.0767
1	287	5.29349
2	23	3.34899
2	41	3.36768
2	60	3.8758
2	89	5.51102
2	100	3.17616
2	122	3.72123
2	150	3.38221
2	165	3.6685
2	216	3.90689
2	221	4.14588
2	237	3.91469
2	263	4.22645
2	266	4.5307
2	269	5.03629
2	275	4.69541
2	289	4.47038
2	290	5.17796
3	60	3.42184
3	66	3.34864
3	83	3.1027
3	87	3.3576
3	126	3.40964
3	138	3.83308
3	160	3.73392
3	198	4.24866
3	203	3.99526
3	228	4.26704
3	233	4.45248
3	239	4.25056
3	270	4.88679
3	273	4.67004
3	279	5.35674
3	286	5.06273
3	290	4.724
4	13	2.57691
4	27	2.83763
4	69	3.22708
4	110	5.97928
4	131	3.93174
4	135	3.2885
4	144	3.36127
4	173	3.84757
4	184	3.99177
4	208	4.35881
4	225	5.6568
4	244	4.52376
4	247	4.22169
4	254	4.11033
4	261	4.67468
4	288	4.44851
4	299	5.01805
5	7	3.35383
5	42	3.60587
5	65	4.09987
5	77	3.20863
5	78	3.87233
5	107	3.98123
5	111	3.98205
5	125	4.16133
5	132	4.21906
5	175	4.21167
5	184	4.72479
5	191	3.64753
5	192	4.25373
5	197	3.93215
5	216	4.72623
5	220	4.85247
5	233	5.23195
6	22	4.40392
6	89	2.92812
6	91	3.23529
6	108	3.11592
6	149	3.63138
6	152	5.27324
6	159	3.89024
6	174	3.81587
6	187	4.3562
6	204	4.56779
6	205	4.37972
6	206	4.30821
6	234	4.12341
6	235	3.81105
6	250	4.51553
6	291	4.78273
6	300	4.8897
7	5	3.35383
7	66	3.36677
7	83	3.37329
7	99	3.49648
7	111	3.76347
7	121	3.65803
7	128	3.49153
7	148	3.82209
7	156	4.0924
7	196	4.24614
7	235	4.14388
7	241	4.20852
7	258	4.55951
7	265	4.59801
7	279	5.37487
7	287	5.49971
7	293	5.08103
8	17	2.85925
8	67	2.96678
8	76	4.47879
8	125	2.89273
8	137	3.30457
8	141	3.56962
8	143	3.74126
8	158	3.61585
8	179	4.28744
8	196	4.20653
8	226	5.166
8	228	4.24556
8	240	4.275
8	242	4.81345
8	250	4.84178
8	276	5.62098
8	282	5.19767
9	12	3.01678
9	24	2.7625
9	27	3.30235
9	50	3.13609
9	81	3.65712
9	82	3.72915
9	149	3.98487
9	179	4.3147
9	180	3.60929
9	216	4.2914
9	222	4.34597
9	226	4.54676
9	231	4.42181
9	245	4.67925
9	246	4.70614
9	291	6.16484
9	298	5.38583
10	11	2.56328
10	74	3.49841
10	78	3.38261
10	93	2.94324
10	139	4.49155
10	140	3.79772
10	152	3.19949
10	186	3.3942
10	203	4.53817
10	236	4.6303
10	237	4.29774
10	251	4.67922
10	276	4.5846
10	279	4.72245
10	290	5.32373
10	292	4.95637
10	294	5.09686
11	10	2.56328
11	23	3.76987
11	97	3.51236
11	130	3.09856
11	145	3.92098
11	165	3.76452
11	184	4.00148
11	194	3.3378
11	208	4.34504
11	217	4.10122
11	231	5.46158
11	248	4.10929
11	251	4.44562
11	261	4.68439
11	269	5.13232
11	283	4.73148
11	298	5.09736
12	9	3.01678
12	66	3.46456
12	92	3.90627
12	123	2.5805
12	128	3.75636
12	132	3.89437
12	141	4.30813
12	149	4.09501
12	160	3.84983
12	165	4.16314
12	170	3.95729
12	207	4.52441
12	213	4.6427
12	251	4.84424
12	269	5.02571
12	272	4.85321
12	274	5.22386
13	4	2.57691
13	64	3.54677
13	67	2.96249
13	110	3.07385
13	117	3.90995
13	122	4.07418
13	133	3.47148
13	142	3.9179
13	204	4.88974
13	207	4.17693
13	213	4.50102
13	218	4.01589
13	226	4.51521
13	253	4.82906
13	281	5.07132
13	291	5.10468
13	293	5.45334
14	36	3.4685
14	78	2.90091
14	91	3.42902
14	93	3.15508
14	131	4.07015
14	153	3.76754
14	168	3.56725
14	174	3.45974
14	207	4.25451
14	210	4.23106
14	230	4.35215
14	247	5.1637
14	253	5.1039
14	258	4.63604
14	261	4.81309
14	276	4.75795
14	286	4.90874
15	36	3.58604
15	54	3.09568
15	70	2.93938
15	101	2.88346
15	117	3.19042
15	124	3.48406
15	163	4.07433
15	189	4.00645
15	207	4.37205
15	210	4.39407
15	211	3.91664
15	227	4.62924
15	272	5.0811
15	289	4.81266
15	290	5.33638
15	296	5.05086
15	299	5.274
16	90	2.89606
16	97	2.95896
16	119	3.28532
16	129	3.68755
16	152	4.25474
16	165	3.92753
16	172	4.502
16	182	3.46873
16	183	4.06696
16	200	3.76725
16	211	3.8334
16	253	4.44152
16	255	4.54961
16	269	5.29532
16	283	4.94049
16	290	5.25314
16	296	4.96762
17	8	2.85925
17	28	3.15473
17	93	3.52746
17	102	4.1777
17	107	3.57623
17	131	4.25976
17	161	3.81338
17	169	4.24272
17	171	4.11526
17	180	3.63913
17	188	3.37459
17	225	4.37885
17	236	4.71502
17	242	4.87054
17	270	4.9224
17	276	5.16882
17	279	5.30667
18	42	3.59524
18	82	3.20929
18	105	3.47069
18	159	3.94146
18	161	3.48127
18	179	4.01242
18	191	4.00017
18	223	3.71508
18	226	4.31798
18	232	4.07529
18	237	4.4861
18	258	4.49353
18	264	4.4915
18	274	4.31541
18	279	4.91082
18	284	4.86407
18	292	4.70898
19	86	2.94481
19	103	2.9286
19	160	3.14053
19	165	3.45383
19	185	3.56603
19	225	3.74985
19	233	5.36381
19	237	3.70002
19	249	3.94801
19	253	4.26144
19	264	5.28463
19	266	4.48148
19	269	4.82162
19	275	4.48075
19	281	4.50369
19	283	4.42079
19	297	5.02251
20	31	3.91222
20	55	3.67454
20	73	1.72375
20	78	3.86072
20	111	4.17434
20	162	4.39626
20	168	3.63288
20	174	4.15272
20	178	4.45458
20	187	4.33704
20	204	2.95015
20	205	5.15644
20	215	4.70189
20	216	3.74091
20	229	4.49674
20	230	5.10629
20	284	5.58957
21	52	2.96555
21	55	3.37029
21	63	2.89187
21	99	3.6031
21	112	3.10189
21	131	4.3489
21	153	3.52631
21	157	3.47395
21	159	3.01175
21	209	4.67527
21	213	4.65154
21	217	4.50867
21	231	4.54079
21	264	5.3783
21	269	5.53977
21	272	4.86205
21	284	5.62056
22	6	4.40392
22	25	2.53778
22	82	3.40718
22	90	4.16378
22	100	3.36173
22	114	3.73103
22	127	4.33377
22	163	3.52263
22	167	4.41418
22	181	4.03394
22	191	4.19806
22	207	4.30989
22	212	4.50547
22	223	4.17378
22	265	4.48127
22	279	5.25813
22	290	5.27423
23	2	3.34899
23	11	3.76987
23	41	3.78124
23	47	3.43473
23	61	3.25184
23	111	3.78017
23	116	3.73174
23	129	3.84208
23	168	3.75608
23	173	4.17481
23	189	4.07774
23	203	4.58657
23	208	4.06151
23	213	4.56162
23	273	5.26135
23	279	5.39157
23	300	5.27225
24	9	2.7625
24	37	2.95672
24	68	3.22023
24	72	3.32141
24	116	3.86063
24	156	4.23799
24	159	4.40168
24	167	4.04482
24	182	4.68432
24	194	3.78422
24	204	5.07923
24	210	4.54878
24	224	3.9019
24	248	4.55571
24	254	4.52076
24	270	5.05051
24	291	5.17877
25	22	2.53778
25	62	2.0398
25	141	4.7455
25	144	3.39498
25	185	3.90073
25	189	3.9937
25	198	3.91172
25	200	3.62825
25	217	4.12522
25	233	4.19378
25	246	4.44167
25	264	4.5293
25	268	4.57468
25	271	4.74832
25	274	5.66123
25	282	4.96046
25	287	4.69539
26	41	1.08434
26	42	2.62406
26	65	4.43398
26	98	4.47409
26	102	2.81066
26	103	4.36772
26	139	3.70872
26	161	4.55249
26	180	4.37824
26	226	3.3468
26	237	3.51492
26	239	5.02528
26	245	5.28473
26	258	5.56475
26	259	5.57451
26	273	5.40748
26	279	3.93963
27	4	2.83763
27	9	3.30235
27	45	3.28514
27	61	3.6185
27	65	4.06075
27	110	4.33665
27	190	3.81341
27	192	4.21461
27	198	4.5719
27	221	4.9261
27	238	5.15657
27	245	4.9115
27	250	3.88403
27	253	5.25632
27	265	4.98137
27	268	3.4652
27	277	5.17441
27	300	4.60924
28	17	3.15473
28	36	3.84653
28	39	3.19786
28	91	3.10724
28	122	4.32399
28	136	1.8796
28	139	3.53649
28	177	2.70158
28	234	4.69516
28	245	4.73404
28	250	5.08729
28	252	5.04212
28	258	5.01406
28	259	5.04369
28	269	5.63905
28	271	5.23104
28	277	4.99696
28	294	5.16815
29	33	3.5709
29	48	3.34719
29	58	3.99234
29	66	3.01971
29	104	3.65509
29	108	4.34999
29	117	3.81853
29	128	4.19971
29	139	3.87172
29	150	4.32021
29	158	3.83671
29	176	4.36273
29	198	4.72968
29	199	4.15533
29	231	4.97531
29	263	4.48866
29	282	5.77842
29	299	5.86972
30	56	2.95315
30	59	4.68227
30	64	3.67158
30	72	3.25673
30	106	3.13184
30	110	3.19866
30	122	4.19899
30	153	4.02058
30	166	3.76296
30	168	4.37503
30	210	4.4841
30	223	4.37143
30	233	4.55152
30	239	4.3496
30	258	5.53429
30	270	5.35427
30	281	5.19613
30	284	5.25961
31	20	3.91222
31	33	3.41594
31	75	3.97061
31	99	4.06648
31	105	2.72758
31	106	3.62094
31	140	4.43496
31	146	4.01844
31	171	3.40308
31	189	4.63104
31	200	4.47508
31	215	4.86102
31	218	3.7695
31	230	5.26542
31	237	4.88155
31	251	5.31645
31	260	4.38827
31	293	5.20695
32	39	2.82718
32	58	3.28642
32	95	3.51479
32	124	3.37387
32	158	3.49068
32	161	3.63112
32	181	3.59868
32	201	3.8518
32	225	4.1966
32	236	4.53276
32	238	4.60844
32	246	4.55372
32	248	4.37679
32	252	5.71917
32	259	5.72073
32	267	4.93808
32	290	5.22619
32	296	4.94067
33	29	3.5709
33	31	3.41594
33	67	3.22755
33	68	3.2958
33	74	3.78681
33	98	3.93866
33	120	3.82754
33	140	4.08612
33	144	4.32975
33	145	4.26018
33	154	3.77166
33	182	3.82772
33	236	4.9187
33	246	4.93966
33	247	4.75339
33	255	5.14533
33	265	4.81917
33	293	6.45994
34	68	2.7907
34	78	3.16591
34	147	3.4096
34	179	4.04311
34	199	4.36349
34	205	4.46163
34	212	4.22523
34	229	4.23247
34	230	4.41148
34	238	4.48927
34	241	3.92457
34	244	4.4076
34	260	4.75139
34	262	4.61284
34	271	4.7412
34	280	4.35351
34	296	4.8215
34	298	5.16532
35	49	3.66798
35	68	3.74055
35	74	4.23156
35	91	4.26706
35	109	4.01295
35	110	3.78366
35	114	4.36799
35	161	4.46181
35	169	2.71458
35	195	4.57575
35	205	5.41148
35	214	3.23421
35	262	4.20282
35	264	5.47203
35	267	4.01236
35	275	3.65374
35	277	5.45696
35	296	5.08821
36	14	3.4685
36	15	3.58604
36	28	3.84653
36	58	2.90062
36	69	3.77522
36	86	4.21647
36	131	4.95156
36	134	3.34814
36	137	4.05346
36	140	4.57424
36	142	4.15984
36	143	3.5112
36	157	4.68269
36	220	4.17613
36	235	4.88619
36	254	4.84112
36	268	5.67861
36	292	5.73289
37	24	2.95672
37	49	2.88186
37	88	3.33497
37	119	3.30293
37	128	4.30928
37	146	3.32822
37	190	4.30221
37	202	3.85639
37	207	4.30642
37	229	5.08186
37	238	4.43442
37	247	4.41202
37	256	4.65438
37	260	4.53839
37	285	5.75355
37	289	4.74702
37	290	5.27075
37	292	4.9034
38	57	3.58842
38	58	3.54652
38	63	2.88057
38	76	3.05319
38	115	3.21154
38	121	3.75335
38	181	4.246
38	186	5.21316
38	199	4.39069
38	204	3.50477
38	205	4.84089
38	206	4.76939
38	219	4.48544
38	231	4.52949
38	232	4.48524
38	235	4.93113
38	285	5.72305
38	294	5.25942
39	28	3.19786
39	32	2.82718
39	71	3.70017
39	114	3.73647
39	127	4.33922
39	132	3.85719
39	137	3.40479
39	168	3.79999
39	172	5.77517
39	174	4.07053
39	192	3.89186
39	209	4.62926
39	213	4.60553
39	218	4.32546
39	230	4.96294
39	242	4.91367
39	258	4.86877
39	279	5.43548
40	88	2.52198
40	95	3.44307
40	126	3.30288
40	130	3.31188
40	132	2.39348
40	143	3.65598
40	206	4.54918
40	226	4.43423
40	240	4.26343
40	259	4.69303
40	260	4.53372
40	275	4.96739
40	285	4.94056
40	287	5.50447
40	289	4.74236
40	294	5.03922
40	295	4.96661
40	300	5.13067
41	2	3.36768
41	23	3.78124
41	26	1.08434
41	48	2.52929
41	69	3.89913
41	76	4.07093
41	84	3.83384
41	106	3.88412
41	130	4.23258
41	134	4.4067
41	139	5.12006
41	164	4.46476
41	221	5.37593
41	226	4.75813
41	229	5.34961
41	252	5.12857
41	262	5.72997
41	279	5.35097
42	5	3.60587
42	18	3.59524
42	26	2.62406
42	44	3.46913
42	80	3.33244
42	84	3.25269
42	105	4.03736
42	141	3.86127
42	142	4.21384
42	146	3.70048
42	182	3.85861
42	187	4.17821
42	198	4.44059
42	201	4.26862
42	237	6.46598
42	276	6.75283
42	284	5.43074
42	292	5.27566
43	47	3.8848
43	51	4.12105
43	90	2.7869
43	95	3.20236
43	152	2.90113
43	175	3.56595
43	191	3.94921
43	206	4.30847
43	213	4.27391
43	235	5.55438
43	238	5.02717
43	239	3.9031
43	266	4.56196
43	268	4.60374
43	293	4.71543
43	294	4.79851
43	297	5.26844
43	300	4.88995
44	42	3.46913
44	72	3.35647
44	93	3.00549
44	94	3.68032
44	102	3.65573
44	139	4.5538
44	150	3.95972
44	184	4.48296
44	198	4.36919
44	202	4.15725
44	206	4.85471
44	218	4.4455
44	223	3.58897
44	251	4.9271
44	271	5.20579
44	276	4.64685
44	277	4.9717
44	289	5.04789
45	27	3.28514
45	66	3.3372
45	81	2.90108
45	122	2.72519
45	127	3.66766
45	142	4.06952
45	156	4.06283
45	196	3.90336
45	220	4.08581
45	229	4.48685
45	230	4.66586
45	262	4.86722
45	264	4.77656
45	267	5.07329
45	269	5.40358
45	285	4.83855
45	286	5.2197
45	292	4.99404
46	47	3.39326
46	98	3.69273
46	107	3.53398
46	116	3.69027
46	139	3.30582
46	158	3.63069
46	169	3.31821
46	170	3.83474
46	204	4.90887
46	206	4.6493
46	230	4.67066
46	238	4.74845
46	243	4.7611
46	260	4.63384
46	267	4.61599
46	275	4.25737
46	296	5.69185
46	299	5.021
47	1	3.7393
47	23	3.43473
47	43	3.8848
47	46	3.39326
47	52	3.34561
47	70	3.48065
47	92	3.5879
47	95	4.05463
47	101	4.19721
47	105	4.272
47	118	3.92044
47	130	4.00527
47	145	4.5257
47	212	5.10889
47	249	5.04622
47	256	5.26128
47	258	5.25766
47	277	5.88189
48	29	3.34719
48	41	2.52929
48	71	3.51426
48	101	3.58523
48	111	3.63817
48	131	4.11698
48	171	3.97248
48	177	4.07494
48	199	4.17007
48	203	4.4801
48	226	4.79175
48	235	4.05161
48	237	4.95987
48	256	4.6493
48	276	5.24673
48	279	5.38458
48	282	5.11198
48	285	4.74282
49	35	3.66798
49	37	2.88186
49	60	3.41669
49	107	3.62947
49	127	3.76795
49	142	4.03253
49	154	4.42358
49	165	4.13608
49	169	4.29597
49	173	4.12841
49	190	4.49315
49	205	4.00067
49	213	4.61564
49	215	4.54734
49	220	4.50071
49	233	5.80142
49	281	5.18594
49	288	4.82977
50	9	3.13609
50	91	3.32573
50	126	4.05794
50	135	3.80639
50	138	4.0683
50	145	4.25611
50	149	4.21432
50	163	3.80904
50	178	3.90634
50	205	4.96266
50	210	4.12879
50	214	4.46169
50	221	4.75983
50	248	3.91824
50	253	5.09006
50	257	3.72072
50	269	5.65024
50	276	5.14716
51	43	4.12105
51	64	3.81394
51	74	3.78892
51	81	3.84386
51	101	3.9338
51	109	3.5703
51	120	3.82965
51	138	4.07448
51	155	4.29318
51	180	3.84491
51	195	4.13311
51	215	4.51428
51	218	4.48811
51	233	4.69388
51	236	4.9208
51	238	4.55108
51	251	4.44805
51	258	5.49392
52	21	2.96555
52	47	3.34561
52	93	3.25478
52	106	4.2535
52	122	4.04566
52	163	4.43111
52	172	3.33077
52	173	4.08568
52	184	4.22989
52	192	3.66451
52	201	3.94415
52	204	4.86121
52	210	4.75086
52	219	4.31769
52	255	4.61502
52	259	5.88425
52	268	4.89691
52	297	5.56161
53	82	3.36038
53	95	3.40442
53	103	3.4476
53	104	3.52696
53	117	3.08148
53	129	3.66185
53	160	3.9089
53	199	4.13183
53	230	4.53189
53	244	4.67077
53	252	4.13185
53	258	4.64463
53	259	4.65439
53	262	5.24946
53	267	5.059
53	278	5.16239
53	283	4.86878
53	292	4.86008
54	15	3.09568
54	78	3.66877
54	102	3.56071
54	116	3.93396
54	127	3.91614
54	148	3.13306
54	156	3.55049
54	164	3.24906
54	179	4.54597
54	209	4.78756
54	221	4.76166
54	240	4.53353
54	242	3.96303
54	262	4.55205
54	268	5.18825
54	278	4.46497
54	290	5.60989
54	297	5.85295
55	20	3.67454
55	21	3.37029
55	70	3.32629
55	92	3.37319
55	110	4.47567
55	137	3.6765
55	149	4.32955
55	154	3.88282
55	159	4.58841
55	161	2.97072
55	190	3.95243
55	206	5.00639
55	234	3.47373
55	266	5.25988
55	274	4.69078
55	275	5.42459
55	294	5.49642
55	295	5.42381
56	30	2.95315
56	71	3.97808
56	80	3.41892
56	81	3.95912
56	103	3.94966
56	128	3.69376
56	140	4.20348
56	159	4.59461
56	168	3.60248
56	177	4.53876
56	178	4.42417
56	202	4.31512
56	207	4.76515
56	244	5.17282
56	255	5.02596
56	256	5.11312
56	265	4.93653
56	270	4.58171
56	288	5.64113
57	38	3.58842
57	70	3.32979
57	73	2.51615
57	76	3.29369
57	77	3.74149
57	132	3.41376
57	135	3.92511
57	141	3.94504
57	144	4.00763
57	169	4.56106
57	183	4.54061
57	191	4.65062
57	207	4.76245
57	228	4.62099
57	229	5.28914
57	244	5.17012
57	277	6.20876
57	295	5.42731
57	298	5.73401
58	29	3.99234
58	32	3.28642
58	36	2.90062
58	38	3.54652
58	108	4.3287
58	121	3.47336
58	138	4.37106
58	147	3.75691
58	153	4.45952
58	180	4.1415
58	192	4.3511
58	196	4.47715
58	215	4.81087
58	232	4.9068
58	250	5.40124
58	252	4.81523
58	254	5.3246
58	263	5.14316
58	264	5.32598
59	1	3.4987
59	30	4.68227
59	68	4.38748
59	69	3.31202
59	73	3.42246
59	97	3.34286
59	120	3.85246
59	133	3.61768
59	146	3.69451
59	156	4.33847
59	160	3.99812
59	163	3.88544
59	170	4.10558
59	186	6.35726
59	194	5.97185
59	237	4.55762
59	243	5.03194
59	293	5.3271
59	294	5.41017
60	2	3.8758
60	3	3.42184
60	49	3.41669
60	64	3.27584
60	65	4.092
60	105	4.19993
60	113	3.84639
60	114	4.11669
60	115	4.29313
60	124	3.95326
60	130	3.814
60	198	5.36677
60	208	4.58832
60	214	4.65921
60	226	4.97372
60	254	4.83548
60	266	5.34217
60	267	5.51746
60	277	5.20566
61	23	3.25184
61	27	3.6185
61	75	3.70441
61	96	3.16638
61	111	4.06726
61	142	3.7814
61	162	4.28919
61	167	4.20303
61	182	4.62624
61	197	4.26047
61	204	5.23743
61	220	3.79769
61	221	4.84654
61	228	4.58896
61	243	5.08966
61	244	5.13809
61	279	5.67867
61	280	4.39583
61	291	5.12069
62	25	2.0398
62	63	3.56386
62	64	4.36929
62	92	2.9695
62	110	4.07198
62	132	4.5752
62	133	4.15022
62	156	4.87101
62	166	4.46066
62	177	4.97885
62	202	4.75522
62	211	3.63606
62	220	5.2086
62	225	3.7495
62	248	5.18873
62	269	4.08895
62	281	5.89383
62	284	5.95732
62	300	4.34457
63	21	2.89187
63	38	2.88057
63	62	3.56386
63	71	2.96132
63	101	3.95985
63	102	3.1957
63	169	4.07914
63	191	4.1687
63	204	4.78754
63	206	4.52797
63	210	5.47046
63	219	4.24402
63	220	4.28389
63	251	4.60035
63	265	5.73637
63	276	4.78397
63	284	5.0326
63	286	4.93476
63	294	6.72832
64	13	3.54677
64	30	3.67158
64	51	3.81394
64	60	3.27584
64	62	4.36929
64	72	3.83514
64	96	3.51602
64	108	4.46818
64	142	4.62112
64	145	2.90015
64	153	4.59899
64	188	4.05645
64	231	4.44074
64	249	5.21886
64	255	5.34676
64	257	5.21412
64	290	4.578
64	292	5.59259
64	295	5.75082
65	5	4.09987
65	26	4.43398
65	27	4.06075
65	60	4.092
65	83	3.34235
65	84	3.74669
65	89	4.04001
65	102	4.08784
65	118	3.19133
65	151	4.10728
65	164	4.37762
65	169	4.97129
65	194	4.00956
65	216	3.47733
65	227	4.82912
65	236	5.44358
65	266	5.6736
65	287	5.46877
65	288	5.40796
66	3	3.34864
66	7	3.36677
66	12	3.46456
66	29	3.01971
66	45	3.3372
66	94	3.93509
66	117	4.36536
66	149	4.43265
66	153	4.37509
66	171	4.10487
66	212	4.56391
66	218	4.4713
66	219	4.32666
66	234	4.92468
66	237	4.74697
66	261	5.42064
66	268	5.40476
66	279	5.8103
66	287	5.40764
67	8	2.96678
67	13	2.96249
67	33	3.22755
67	99	3.57152
67	105	3.86036
67	106	4.7723
67	144	3.74685
67	163	4.94992
67	189	4.13607
67	192	4.18332
67	199	4.37041
67	210	5.26966
67	237	4.38659
67	239	5.73759
67	241	4.28355
67	262	4.97182
67	276	5.00511
67	286	5.1559
67	300	5.33059
68	24	3.22023
68	33	3.2958
68	34	2.7907
68	35	3.74055
68	59	4.38748
68	71	3.78285
68	81	3.76389
68	148	3.96538
68	155	4.03877
68	156	4.23569
68	194	4.72051
68	225	4.50466
68	233	4.6139
68	234	4.63255
68	244	4.97759
68	245	4.67143
68	285	5.6158
68	288	6.11891
68	297	5.77733
69	4	3.22708
69	36	3.77522
69	41	3.89913
69	59	3.31202
69	141	4.02548
69	153	4.07426
69	190	4.20286
69	204	5.06823
69	210	4.53778
69	211	4.29018
69	220	4.56458
69	225	4.40361
69	232	4.52451
69	235	4.3115
69	239	4.40329
69	244	4.9689
69	269	4.74306
69	294	5.2987
69	296	5.24004
70	15	2.93938
70	47	3.48065
70	55	3.32629
70	57	3.32979
70	103	4.13568
70	109	3.40966
70	117	3.30763
70	137	5.68179
70	151	4.39282
70	153	4.63973
70	178	3.75187
70	221	5.97935
70	222	4.42094
70	229	4.57904
70	231	4.49679
70	242	4.91568
70	281	5.17784
70	293	5.14365
70	297	5.69666
71	39	3.70017
71	48	3.51426
71	56	3.97808
71	63	2.96132
71	68	3.78285
71	87	4.08394
71	104	3.82216
71	145	4.74723
71	160	4.46026
71	173	4.86632
71	181	3.0945
71	201	4.72478
71	210	4.08316
71	227	4.31832
71	241	4.91673
71	252	5.21498
71	258	5.51637
71	259	5.21655
71	291	5.85679
72	24	3.32141
72	30	3.25673
72	44	3.35647
72	64	3.83514
72	108	4.00128
72	114	4.36716
72	136	3.87376
72	141	3.85369
72	143	4.02534
72	155	3.98861
72	187	5.24156
72	190	4.6669
72	193	5.0732
72	194	3.8831
72	221	4.78721
72	222	4.60279
72	271	6.15268
72	285	5.11259
72	294	5.40857
73	20	1.72375
73	57	2.51615
73	59	3.42246
73	111	4.33953
73	116	4.29111
73	121	4.23409
73	123	4.27442
73	128	3.20651
73	136	4.20536
73	176	4.39766
73	187	4.50224
73	199	4.87143
73	240	3.97365
73	266	5.50362
73	277	4.89871
73	288	5.15388
73	290	5.96704
73	291	5.72465
73	293	5.65709
74	10	3.49841
74	33	3.78681
74	35	4.23156
74	51	3.78892
74	77	3.42045
74	86	4.1415
74	99	4.13079
74	101	2.34056
74	126	3.78033
74	135	4.2236
74	199	4.92967
74	203	5.23971
74	242	5.48736
74	259	4.98457
74	265	4.11708
74	271	5.65944
74	272	4.5382
74	278	5.4324
74	294	5.10902
75	31	3.97061
75	61	3.70441
75	82	3.99318
75	84	3.50315
75	98	2.3616
75	107	4.02801
75	123	4.16762
75	137	4.81679
75	138	4.25672
75	163	4.10863
75	172	3.87246
75	173	4.03289
75	182	4.07583
75	184	4.77158
75	208	5.13861
75	211	4.44049
75	269	5.90241
75	284	5.86899
75	299	5.79785
76	8	4.47879
76	38	3.05319
76	41	4.07093
76	57	3.29369
76	79	2.84259
76	94	3.52619
76	124	3.56516
76	125	4.06012
76	147	3.72006
76	183	4.2313
76	207	4.45315
76	208	4.69587
76	223	5.73049
76	236	4.72406
76	237	6.50151
76	256	4.80112
76	257	4.58132
76	267	5.12937
76	299	5.3551
77	5	3.20863
77	57	3.74149
77	74	3.42045
77	81	3.4754
77	130	4.24743
77	154	3.4053
77	176	3.67639
77	178	5.16226
77	185	4.03236
77	205	4.60037
77	208	4.52415
77	210	4.25799
77	226	4.41391
77	230	4.55022
77	261	4.84001
77	270	5.3198
77	272	4.61023
77	287	6.44003
77	296	4.96024
78	5	3.87233
78	10	3.38261
78	14	2.90091
78	20	3.86072
78	34	3.16591
78	54	3.66877
78	143	4.29937
78	149	4.51573
78	167	3.2673
78	172	4.62283
78	205	5.26407
78	211	4.48973
78	244	5.3528
78	258	5.32666
78	260	5.17711
78	271	4.36966
78	281	5.02518
78	286	5.59936
78	297	4.70085
79	1	3.13735
79	76	2.84259
79	125	3.62358
79	134	3.45824
79	157	3.86939
79	166	3.56678
79	185	4.06228
79	191	4.2685
79	196	4.13087
79	197	4.55312
79	233	5.85291
79	235	4.06163
79	241	6.29097
79	255	4.57217
79	259	4.70265
79	260	4.54333
79	261	4.86994
79	282	5.12201
79	298	5.28292
80	42	3.33244
80	56	3.41892
80	111	4.82399
80	119	4.20141
80	126	3.57682
80	131	4.39133
80	138	4.62471
80	157	4.09037
80	168	3.88843
80	181	4.29973
80	183	4.35384
80	205	4.27314
80	212	4.77126
80	215	4.81981
80	252	4.44443
80	259	4.96697
80	261	5.13427
80	293	5.23008
80	296	5.2545
80	298	5.54724
81	9	3.65712
81	45	2.90108
81	51	3.84386
81	56	3.95912
81	68	3.76389
81	77	3.4754
81	115	3.80547
81	123	4.3876
81	126	4.11702
81	131	4.93153
81	143	4.08546
81	182	5.57894
81	191	5.00405
81	195	4.59909
81	220	4.75038
81	237	5.0008
81	252	4.98463
81	265	5.28726
81	272	5.44468
81	286	5.88427
82	9	3.72915
82	18	3.20929
82	22	3.40718
82	53	3.36038
82	75	3.99318
82	109	3.25994
82	122	3.4618
82	123	4.29092
82	148	4.41466
82	154	4.14307
82	202	4.56917
82	203	5.19797
82	204	5.52621
82	207	5.0192
82	221	5.13531
82	223	4.88309
82	254	5.48742
82	280	5.42056
82	285	5.46069
82	295	5.47385
83	3	3.1027
83	7	3.37329
83	65	3.34235
83	98	3.90698
83	130	4.90427
83	147	3.88303
83	164	3.82106
83	168	4.9974
83	181	4.34016
83	190	4.61191
83	191	4.50428
83	206	4.86355
83	211	4.16071
83	216	5.10543
83	234	4.67874
83	242	5.04254
83	251	5.1108
83	253	5.06244
83	275	5.28175
83	294	5.35358
84	41	3.83384
84	42	3.25269
84	65	3.74669
84	75	3.50315
84	133	3.4409
84	149	3.62749
84	150	3.84837
84	162	3.60724
84	181	4.21998
84	229	4.58572
84	236	4.76684
84	251	4.81575
84	256	5.39879
84	266	4.6484
84	289	6.07162
84	291	5.21788
84	293	5.15033
84	295	5.16079
84	296	5.17474
84	299	5.39788
85	109	3.39679
85	111	3.9974
85	113	3.48153
85	127	3.74698
85	155	3.79389
85	157	3.26378
85	177	4.24999
85	187	3.97592
85	197	3.94751
85	221	4.65576
85	232	4.43967
85	236	4.74729
85	247	4.58198
85	264	5.16813
85	279	5.42462
85	281	5.16497
85	283	5.08206
85	289	5.7882
85	292	5.07336
85	298	5.44794
86	19	2.94481
86	36	4.21647
86	74	4.1415
86	89	3.86982
86	113	4.00763
86	126	4.00361
86	130	3.97524
86	133	3.94745
86	138	3.8653
86	175	4.29421
86	176	4.67185
86	178	4.2651
86	179	4.9029
86	193	4.3462
86	225	4.93722
86	230	5.27127
86	233	5.31448
86	241	5.75254
86	265	5.17386
86	268	5.54518
87	1	3.697
87	3	3.3576
87	71	4.08394
87	119	3.86753
87	124	3.98303
87	127	4.14161
87	133	3.94745
87	150	4.22345
87	190	4.86681
87	191	4.75918
87	192	4.27563
87	199	4.72272
87	202	4.70392
87	207	4.6529
87	209	4.02027
87	225	4.80575
87	244	4.76684
87	259	5.2623
87	271	5.46952
87	279	5.81925
88	37	3.33497
88	40	2.52198
88	117	3.39468
88	119	3.57282
88	140	4.01463
88	141	3.7589
88	171	4.24745
88	190	4.5721
88	201	4.16624
88	204	3.4586
88	205	4.89524
88	209	4.71832
88	230	4.8451
88	233	4.62028
88	270	5.12057
88	274	4.77971
88	275	5.24194
88	287	6.24079
88	288	6.17999
88	297	5.78371
89	2	5.51102
89	6	2.92812
89	65	4.04001
89	86	3.86982
89	97	5.39086
89	99	3.85911
89	120	5.45499
89	124	3.90127
89	131	4.77094
89	138	4.21384
89	142	4.32442
89	154	3.91312
89	158	4.01808
89	160	4.11467
89	185	5.68668
89	197	4.3193
89	225	4.724
89	235	4.53953
89	239	4.63131
89	242	5.21568
90	1	3.47377
90	16	2.89606
90	22	4.16378
90	43	2.7869
90	137	3.56533
90	152	5.0331
90	159	4.47724
90	194	3.85978
90	203	4.82656
90	205	4.96672
90	212	4.84336
90	215	4.51217
90	217	4.30437
90	234	4.71041
90	243	5.00702
90	253	5.21989
90	278	5.01925
90	282	5.18015
90	285	5.08927
90	300	5.4767
91	6	3.23529
91	14	3.42902
91	28	3.10724
91	35	4.26706
91	50	3.32573
91	92	3.77101
91	96	3.52649
91	129	4.49518
91	134	4.24331
91	136	3.75855
91	153	4.60947
91	177	4.58054
91	211	4.64102
91	224	4.73045
91	230	5.36522
91	240	4.98441
91	248	5.5787
91	272	6.47628
91	277	5.46085
91	284	5.8485
92	12	3.90627
92	47	3.5879
92	55	3.37319
92	62	2.9695
92	91	3.77101
92	94	3.66954
92	157	4.14328
92	173	4.32797
92	179	4.08472
92	185	4.34742
92	190	5.85258
92	193	3.94022
92	220	4.59985
92	232	4.55978
92	248	4.57998
92	256	4.94447
92	286	5.25073
92	291	5.31845
92	298	5.56806
92	300	6.64841
93	10	2.94324
93	14	3.15508
93	17	3.52746
93	44	3.00549
93	52	3.25478
93	119	3.819
93	124	3.9345
93	135	3.98515
93	163	4.03522
93	191	4.71066
93	212	5.01806
93	222	4.75418
93	223	5.23131
93	224	4.45651
93	226	5.83421
93	238	5.16907
93	264	5.20198
93	276	6.28919
93	284	5.57456
93	291	5.54444
94	44	3.68032
94	66	3.93509
94	76	3.52619
94	92	3.66954
94	100	4.04679
94	137	3.91251
94	160	3.73687
94	163	4.20769
94	169	3.58918
94	175	4.49987
94	198	4.75687
94	203	5.17373
94	222	4.92665
94	228	4.16331
94	237	4.87987
94	242	4.48841
94	267	4.88696
94	281	5.68354
94	291	5.7169
94	296	5.96282
95	32	3.51479
95	40	3.44307
95	43	3.20236
95	47	4.05463
95	53	3.40442
95	113	3.6279
95	124	4.17525
95	125	4.37546
95	154	4.1871
95	163	5.20001
95	174	4.37846
95	176	4.45819
95	181	4.5311
95	213	5.18152
95	243	4.85591
95	249	5.19614
95	257	5.11169
95	258	5.44476
95	268	5.60594
95	285	5.50472
96	61	3.16638
96	64	3.51602
96	91	3.52649
96	121	4.11755
96	164	3.55692
96	183	4.17853
96	187	3.85151
96	190	4.34777
96	206	4.24177
96	231	4.35951
96	245	5.1412
96	263	4.54865
96	268	4.89468
96	274	4.55538
96	276	4.85542
96	279	5.30022
96	289	4.79259
96	292	4.94896
96	295	5.95523
96	297	5.55938
97	11	3.51236
97	16	2.95896
97	59	3.34286
97	89	5.39086
97	100	3.056
97	163	3.80481
97	176	3.98703
97	177	4.36568
97	191	4.48024
97	204	5.09908
97	208	3.80401
97	219	4.55556
97	253	5.0384
97	256	4.94004
97	259	4.98336
97	262	5.06222
97	273	5.00385
97	278	4.96354
97	285	5.03356
97	292	6.0724
98	26	4.47409
98	33	3.93866
98	46	3.69273
98	75	2.3616
98	83	3.90698
98	122	4.90423
98	123	4.4845
98	126	4.21392
98	200	4.69123
98	221	3.79763
98	226	5.34526
98	229	5.30257
98	233	4.38918
98	241	4.82723
98	256	4.25724
98	264	4.31
98	270	5.69106
98	274	5.41619
98	276	5.71622
98	278	5.58425
98	289	4.93007
99	7	3.49648
99	21	3.6031
99	31	4.06648
99	67	3.57152
99	74	4.13079
99	89	3.85911
99	109	3.91217
99	141	4.60054
99	153	4.5048
99	164	4.19671
99	201	4.01299
99	208	5.23448
99	226	5.12425
99	236	4.60669
99	249	5.12467
99	250	4.84854
99	269	5.31812
99	274	5.51627
99	278	5.36323
99	284	5.74383
99	285	5.43325
100	2	3.17616
100	22	3.36173
100	94	4.04679
100	97	3.056
100	115	3.59349
100	120	3.12013
100	121	4.20515
100	138	4.39833
100	159	4.80321
100	177	4.74736
100	189	4.60815
100	198	4.66713
100	210	4.95031
100	229	5.06354
100	243	5.33299
100	272	5.30255
100	273	5.08852
100	280	5.18458
100	281	5.66234
100	291	5.6957
100	292	6.15707
101	15	2.88346
101	47	4.19721
101	48	3.58523
101	51	3.9338
101	63	3.95985
101	74	2.34056
101	126	5.01085
101	134	4.35269
101	144	4.45099
101	147	4.47273
101	176	4.60077
101	195	3.78223
101	198	4.96773
101	215	5.0702
101	222	5.13751
101	233	5.2498
101	239	5.54963
101	265	5.3476
101	270	5.6841
101	271	5.80433
101	293	5.86021
102	17	4.1777
102	26	2.81066
102	44	3.65573
102	54	3.56071
102	63	3.1957
102	65	4.08784
102	111	4.17392
102	114	4.11253
102	125	4.21119
102	135	3.99974
102	156	4.50285
102	162	4.39585
102	172	3.81365
102	229	4.92687
102	236	5.10799
102	242	5.26351
102	250	5.29184
102	253	5.28341
102	276	6.93943
102	279	7.07729
102	282	5.64773
103	19	2.9286
103	26	4.36772
103	53	3.4476
103	56	3.94966
103	70	4.13568
103	107	4.23853
103	154	3.92042
103	162	3.37478
103	163	4.31915
103	173	3.62526
103	178	4.36904
103	196	4.92593
103	199	4.97516
103	228	4.96496
103	238	5.453
103	241	5.73632
103	243	5.46566
103	256	5.16633
103	259	5.49771
103	276	5.60986
103	296	5.78523
104	29	3.65509
104	53	3.52696
104	71	3.82216
104	125	3.92145
104	128	3.84117
104	131	4.42488
104	145	4.22162
104	148	3.91907
104	177	4.38284
104	183	4.38739
104	216	4.48635
104	227	4.26568
104	245	4.71074
104	247	4.71483
104	249	4.39863
104	278	5.25099
104	279	5.55747
104	287	5.15482
104	296	6.22345
104	297	5.81664
104	299	5.55261
105	18	3.47069
105	31	2.72758
105	42	4.03736
105	47	4.272
105	60	4.19993
105	67	3.86036
105	158	4.24637
105	164	4.48555
105	166	4.53602
105	171	3.96771
105	190	5.2764
105	202	4.54619
105	209	3.86254
105	222	5.21229
105	229	5.37039
105	230	5.54939
105	234	5.34323
105	244	4.60912
105	263	4.89833
105	276	5.78404
105	281	5.96919
106	30	3.13184
106	31	3.62094
106	41	3.88412
106	52	4.2535
106	67	4.7723
106	108	3.92844
106	116	3.55969
106	128	3.77816
106	142	4.08139
106	150	4.05374
106	222	4.47791
106	243	5.4311
106	245	4.64773
106	250	5.00097
106	262	5.01637
106	263	4.74289
106	272	6.78198
106	279	5.49446
106	287	5.0918
106	291	5.26817
106	293	5.20062
107	5	3.98123
107	17	3.57623
107	46	3.53398
107	49	3.62947
107	75	4.02801
107	103	4.23853
107	113	4.05918
107	168	4.36677
107	188	3.98451
107	193	3.68249
107	199	4.92276
107	219	5.01751
107	244	5.4617
107	247	5.01448
107	260	5.286
107	263	5.2507
107	271	4.76197
107	281	5.4175
107	282	4.91493
107	297	5.09316
107	298	6.02559
108	6	3.11592
108	29	4.34999
108	58	4.3287
108	64	4.46818
108	72	4.00128
108	106	3.92844
108	117	4.12251
108	127	3.04577
108	130	4.27689
108	163	4.51687
108	176	4.69909
108	194	4.51614
108	198	5.06605
108	206	5.55157
108	247	4.48105
108	250	5.75889
108	253	4.42125
108	274	5.50754
108	281	4.88407
108	283	4.92021
108	298	6.27569
109	35	4.01295
109	51	3.5703
109	70	3.40966
109	82	3.25994
109	85	3.39679
109	99	3.91217
109	138	4.2669
109	167	4.31492
109	175	4.34723
109	195	4.32553
109	204	5.34933
109	219	4.80581
109	224	4.41876
109	230	5.11111
109	267	5.51854
109	269	5.84884
109	280	4.97077
109	286	5.50652
109	288	5.17474
109	291	5.69563
109	295	5.02406
110	4	5.97928
110	13	3.07385
110	27	4.33665
110	30	3.19866
110	35	3.78366
110	55	4.47567
110	62	4.07198
110	111	3.94987
110	131	4.42868
110	135	4.78752
110	179	5.1872
110	184	4.48871
110	208	4.85575
110	220	4.61639
110	241	4.39492
110	242	5.03946
110	253	5.05936
110	264	4.99252
110	277	4.97745
110	287	5.15862
110	294	5.3505
111	5	3.98205
111	7	3.76347
111	20	4.17434
111	23	3.78017
111	48	3.63817
111	61	4.06726
111	73	4.33953
111	80	4.82399
111	85	3.9974
111	102	4.17392
111	110	3.94987
111	136	4.46141
111	143	4.61299
111	149	4.58034
111	193	4.60247
111	202	4.80872
111	217	5.23416
111	221	5.89203
111	261	5.81733
111	266	5.60125
111	296	5.93756
112	21	3.10189
112	122	4.182
112	140	3.92887
112	148	3.886
112	155	3.73605
112	169	4.28916
112	171	4.16169
112	189	4.12495
112	199	4.35928
112	229	4.64138
112	246	3.7594
112	247	4.59615
112	257	4.61872
112	259	4.88183
112	263	4.68722
112	277	5.561
112	285	5.31307
112	287	5.87699
112	290	5.45489
112	297	5.69795
112	299	5.3925
113	60	3.84639
113	85	3.48153
113	86	4.00763
113	95	3.6279
113	107	4.05918
113	134	4.07394
113	166	4.18248
113	175	4.43198
113	194	4.13907
113	196	4.74658
113	197	4.45711
113	209	5.06908
113	214	4.74503
113	217	4.90248
113	227	4.93561
113	243	4.0366
113	248	4.4899
113	259	5.83384
113	269	5.93358
113	277	5.29149
113	294	5.9583
114	22	3.73103
114	35	4.36799
114	39	3.73647
114	60	4.11669
114	72	4.36716
114	102	4.11253
114	118	3.43874
114	139	4.10132
114	159	5.02682
114	167	3.49207
114	177	4.97097
114	187	3.68331
114	209	5.33938
114	214	5.01533
114	220	5.20072
114	246	5.48923
114	248	5.18085
114	260	5.42934
114	264	5.57686
114	271	4.59443
114	283	5.2861
115	38	3.21154
115	60	4.29313
115	81	3.80547
115	100	3.59349
115	136	3.81417
115	155	3.92901
115	157	4.15829
115	166	4.3994
115	197	4.14155
115	212	4.80708
115	214	4.42947
115	221	4.72762
115	223	4.4754
115	231	5.45804
115	255	4.87231
115	258	4.99303
115	267	5.28773
115	273	5.54134
115	282	5.42216
115	290	5.5953
115	296	5.29032
116	23	3.73174
116	24	3.86063
116	46	3.69027
116	54	3.93396
116	73	4.29111
116	106	3.55969
116	144	4.4555
116	155	4.52783
116	195	2.75758
116	196	5.02983
116	208	5.45304
116	224	4.84435
116	227	4.29221
116	243	3.3932
116	252	5.18888
116	261	4.36127
116	271	5.80883
116	287	5.75591
116	290	6.17466
116	292	5.8073
116	294	5.3149
117	13	3.90995
117	15	3.19042
117	29	3.81853
117	53	3.08148
117	66	4.36536
117	70	3.30763
117	88	3.39468
117	108	4.12251
117	125	4.05251
117	174	4.05551
117	224	4.37431
117	244	5.54511
117	246	5.03216
117	253	5.18662
117	255	5.39296
117	263	5.83432
117	267	5.41651
117	268	5.28299
117	281	5.42888
117	284	5.49236
117	297	5.9477
118	47	3.92044
118	65	3.19133
118	114	3.43874
118	156	3.82906
118	181	3.88734
118	184	3.91328
118	219	4.12678
118	238	5.06281
118	243	4.52253
118	250	4.61805
118	261	4.72188
118	264	4.54279
118	270	5.82562
118	272	4.49209
118	273	4.38755
118	282	4.97394
118	286	4.81752
118	287	6.94585
118	290	5.12763
118	293	4.81769
118	299	5.06525
119	16	3.28532
119	37	3.30293
119	80	4.20141
119	87	3.86753
119	88	3.57282
119	93	3.819
119	126	3.91957
119	137	4.97188
119	148	4.31389
119	151	3.68291
119	153	3.92982
119	161	4.2877
119	169	4.71704
119	203	5.0972
119	241	6.29904
119	250	5.37319
119	264	5.78181
119	270	5.39671
119	272	5.24723
119	283	5.52411
119	291	5.64038
120	33	3.82754
120	51	3.82965
120	59	3.85246
120	89	5.45499
120	100	3.12013
120	127	4.37226
120	143	4.4559
120	165	4.74039
120	175	4.60658
120	185	3.33127
120	189	4.73607
120	198	4.64658
120	203	4.39319
120	208	3.86813
120	229	5.19145
120	238	5.44825
120	254	5.09591
120	262	5.57182
120	272	5.43046
120	274	5.30507
120	275	5.7673
120	292	6.13653
121	7	3.65803
121	38	3.75335
121	58	3.47336
121	73	4.23409
121	96	4.11755
121	100	4.20515
121	134	3.92088
121	143	4.08394
121	145	4.7657
121	152	3.9934
121	155	4.47082
121	171	4.82446
121	176	4.54827
121	196	4.56642
121	216	5.03043
121	243	5.51255
121	254	5.41386
121	269	6.15983
121	277	5.51773
121	282	5.96396
121	289	5.59392
121	295	5.4003
122	2	3.72123
122	13	4.07418
122	28	4.32399
122	30	4.19899
122	45	2.72519
122	52	4.04566
122	82	3.4618
122	98	4.90423
122	112	4.182
122	125	4.92559
122	152	4.45346
122	167	5.08597
122	169	5.41198
122	196	4.39204
122	209	5.75538
122	213	5.73165
122	224	4.62062
122	232	4.82169
122	241	5.39525
122	244	6.02104
122	254	5.23948
122	286	5.70837
123	12	2.5805
123	73	4.27442
123	75	4.16762
123	81	4.3876
123	82	4.29092
123	98	4.4845
123	132	4.56359
123	141	4.34943
123	162	4.7524
123	168	4.50639
123	178	4.45626
123	190	4.52681
123	194	4.40564
123	209	5.33565
123	213	5.31193
123	222	4.5662
123	250	4.59743
123	251	5.51346
123	267	5.86986
123	269	5.06702
123	291	5.91559
123	300	5.32264
124	1	3.80188
124	15	3.48406
124	32	3.37387
124	60	3.95326
124	76	3.56516
124	87	3.98303
124	89	3.90127
124	93	3.9345
124	95	4.17525
124	183	4.11997
124	187	4.53347
124	192	4.43855
124	206	4.1832
124	216	4.91105
124	265	5.20531
124	269	6.04044
124	274	5.23734
124	284	5.786
124	286	6.37912
124	291	6.56823
124	295	5.89666
124	296	5.71274
125	5	4.16133
125	8	2.89273
125	76	4.06012
125	79	3.62358
125	95	4.37546
125	102	4.21119
125	104	3.92145
125	117	4.05251
125	122	4.92559
125	139	5.10925
125	145	4.84652
125	161	4.6034
125	182	4.41406
125	223	4.14443
125	234	5.29676
125	249	5.36704
125	265	5.40551
125	268	5.77684
125	272	5.56293
125	275	5.89977
125	276	5.20231
125	279	5.34016
126	3	3.40964
126	40	3.30288
126	50	4.05794
126	74	3.78033
126	80	3.57682
126	81	4.11702
126	86	4.00361
126	98	4.21392
126	101	5.01085
126	119	3.91957
126	136	4.49076
126	145	4.53544
126	168	4.2358
126	183	4.70121
126	190	4.91885
126	212	5.11863
126	261	6.82568
126	265	6.78736
126	277	5.28747
126	281	5.61164
126	283	5.52873
126	300	5.75197
127	22	4.33377
127	39	4.33922
127	45	3.66766
127	49	3.76795
127	54	3.91614
127	85	3.74698
127	87	4.14161
127	108	3.04577
127	120	4.37226
127	136	4.39518
127	167	4.09481
127	185	4.94344
127	193	4.11769
127	215	5.0569
127	243	5.55175
127	266	5.69344
127	271	5.19717
127	273	5.41677
127	275	5.85815
127	278	5.56398
127	279	6.14075
127	281	5.8527
128	1	3.97985
128	7	3.49153
128	12	3.75636
128	29	4.19971
128	37	4.30928
128	56	3.69376
128	73	3.20651
128	104	3.84117
128	106	3.77816
128	132	4.10412
128	156	4.81962
128	165	4.79258
128	207	5.15386
128	214	4.97182
128	223	5.01775
128	232	5.11714
128	235	5.85927
128	258	6.2749
128	260	5.38583
128	268	5.69656
128	284	5.90592
128	295	5.81872
129	1	3.10712
129	16	3.68755
129	23	3.84208
129	53	3.66185
129	91	4.49518
129	140	4.75899
129	142	4.53417
129	150	4.6731
129	175	4.82557
129	182	5.37902
129	185	5.07159
129	188	4.25114
129	199	5.1894
129	200	3.99474
129	202	4.87063
129	206	3.48844
129	221	5.43677
129	224	4.59659
129	270	5.79895
129	275	5.9863
129	277	5.68508
129	291	5.87346
130	11	3.09856
130	40	3.31188
130	41	4.23258
130	47	4.00527
130	60	3.814
130	77	4.24743
130	83	4.90427
130	86	3.97524
130	108	4.27689
130	207	4.89467
130	213	4.39439
130	217	4.87009
130	233	4.93865
130	236	5.16558
130	238	5.14765
130	246	4.9131
130	250	5.34943
130	267	5.5709
130	271	5.49318
130	273	5.11893
130	289	5.33528
130	297	6.10208
131	4	3.93174
131	14	4.07015
131	17	4.25976
131	21	4.3489
131	36	4.95156
131	48	4.11698
131	80	4.39133
131	81	4.93153
131	89	4.77094
131	104	4.42488
131	110	4.42868
131	159	5.56702
131	171	5.40871
131	188	3.91633
131	200	5.21601
131	203	3.70915
131	205	6.0565
131	231	4.30063
131	259	6.12885
131	273	4.38393
131	290	4.43788
131	292	5.45248
132	5	4.21906
132	12	3.89437
132	39	3.85719
132	40	2.39348
132	57	3.41376
132	62	4.5752
132	123	4.56359
132	128	4.10412
132	153	4.8049
132	160	4.61728
132	164	4.49681
132	166	4.54728
132	175	4.79678
132	214	5.10983
132	221	5.40798
132	234	5.35449
132	240	4.87125
132	258	5.17209
132	270	4.99207
132	271	5.89038
132	282	6.10252
132	288	6.05149
133	13	3.47148
133	59	3.61768
133	62	4.15022
133	84	3.4409
133	86	3.94745
133	87	3.94745
133	144	4.13891
133	153	4.37992
133	165	4.48882
133	179	4.76731
133	180	4.78244
133	216	4.74401
133	217	4.8423
133	219	4.68702
133	242	5.29331
133	260	5.45042
133	267	5.54311
133	269	5.8734
133	277	5.23131
133	278	5.23836
133	283	5.47257
133	300	5.69581
134	36	3.34814
134	41	4.4067
134	79	3.45824
134	91	4.24331
134	101	4.35269
134	113	4.07394
134	121	3.92088
134	143	4.4422
134	151	4.0034
134	171	4.73994
134	200	4.5514
134	201	4.65873
134	206	4.0451
134	230	5.33759
134	245	4.94453
134	263	5.26547
134	264	5.44829
134	277	5.43321
134	278	5.44026
134	280	5.70527
134	288	5.40121
134	299	5.97075
135	4	3.2885
135	50	3.80639
135	57	3.92511
135	74	4.2236
135	93	3.98515
135	102	3.99974
135	110	4.78752
135	160	4.41
135	162	4.64334
135	197	4.61462
135	205	5.40352
135	208	5.32729
135	222	4.30366
135	225	4.46504
135	248	5.06806
135	250	4.3349
135	269	4.80449
135	274	5.00263
135	276	5.58802
135	277	5.449
135	293	5.73897
135	298	6.05614
136	28	1.8796
136	72	3.87376
136	73	4.20536
136	91	3.75855
136	111	4.46141
136	115	3.81417
136	126	4.49076
136	127	4.39518
136	144	4.36976
136	167	4.59718
136	175	4.62949
136	204	5.63158
136	208	5.3673
136	236	5.39548
136	239	5.02954
136	240	5.01256
136	251	5.4444
136	256	5.47255
136	259	5.695
136	261	4.86583
136	272	5.24864
136	285	5.56606
137	8	3.30457
137	36	4.05346
137	39	3.40479
137	55	3.6765
137	70	5.68179
137	75	4.81679
137	90	3.56533
137	94	3.91251
137	119	4.97188
137	151	4.66629
137	152	3.67956
137	191	5.25995
137	197	5.54457
137	212	5.03504
137	231	4.847
137	236	5.11037
137	243	5.1987
137	258	5.22099
137	278	5.21094
137	285	5.28095
137	288	5.17188
137	291	5.56142
138	3	3.83308
138	50	4.0683
138	51	4.07448
138	58	4.37106
138	75	4.25672
138	80	4.62471
138	86	3.8653
138	89	4.21384
138	100	4.39833
138	109	4.2669
138	151	4.10622
138	154	4.90645
138	165	4.98522
138	168	4.65924
138	191	4.69988
138	205	4.48354
138	212	5.54207
138	216	5.22362
138	228	5.20503
138	280	5.55732
138	282	6.15715
138	288	5.67891
139	1	3.65186
139	10	4.49155
139	26	3.70872
139	28	3.53649
139	29	3.87172
139	41	5.12006
139	44	4.5538
139	46	3.30582
139	114	4.10132
139	125	5.10925
139	142	4.36103
139	149	4.39646
139	175	4.33078
139	179	4.72629
139	215	4.69025
139	234	4.8885
139	247	4.93147
139	255	5.08668
139	259	5.21715
139	279	7.97535
139	282	5.63652
139	296	5.50468
140	10	3.79772
140	31	4.43496
140	33	4.08612
140	36	4.57424
140	56	4.20348
140	88	4.01463
