1	77	3.06403
1	96	2.93617
1	101	3.33412
1	103	2.84936
1	136	3.88922
1	142	3.52901
1	146	2.84864
1	169	2.97768
1	177	3.68643
1	179	4.38471
1	189	3.59626
1	196	3.65029
1	229	4.9493
1	277	5.91851
1	288	6.5748
2	5	2.26744
2	30	3.02447
2	56	1.8741
2	77	3.70094
2	100	2.84014
2	119	3.30231
2	204	3.3053
2	222	3.45404
2	239	4.61726
2	254	3.89378
2	255	4.31844
2	260	4.14318
2	287	5.22272
2	288	5.84589
2	291	6.22287
3	17	2.58495
3	30	2.86241
3	31	2.17147
3	35	3.87743
3	85	3.47925
3	100	2.9636
3	182	4.10802
3	199	3.08523
3	203	3.14839
3	243	3.99742
3	244	4.04552
3	271	4.67703
3	285	6.10539
3	288	5.68384
3	299	5.33558
4	34	2.27383
4	85	3.16017
4	92	2.12785
4	109	3.12709
4	193	3.08403
4	214	3.10179
4	217	4.04276
4	219	3.63823
4	230	3.86913
4	236	4.01065
4	259	4.42357
4	262	4.2171
4	285	5.30529
4	295	5.93951
4	299	5.77317
5	2	2.26744
5	132	2.91471
5	134	2.52082
5	138	3.63819
5	141	3.30523
5	156	2.83602
5	161	3.41241
5	223	3.22621
5	241	4.75376
5	246	4.22704
5	248	3.72564
5	250	4.80436
5	284	5.04947
5	290	6.23656
5	300	5.24845
6	16	2.21175
6	117	2.39209
6	158	3.78187
6	159	2.61771
6	169	2.00682
6	180	3.97376
6	189	3.775
6	197	3.93574
6	198	4.75012
6	258	3.42546
6	277	4.94764
6	287	4.09266
6	295	4.73307
6	298	6.62504
6	300	4.88259
7	18	2.13812
7	41	3.11146
7	160	2.69752
7	162	2.40813
7	168	3.6782
7	190	2.66106
7	221	3.75648
7	231	4.01688
7	246	4.99005
7	262	4.21966
7	263	4.21272
7	266	5.22825
7	276	4.45018
7	278	4.62553
7	295	5.86195
8	126	2.94662
8	131	2.52905
8	132	2.87718
8	160	2.37644
8	183	3.41878
8	198	3.73878
8	201	3.39262
8	212	2.73468
8	220	4.39979
8	227	4.10372
8	259	4.38864
8	262	4.37348
8	286	5.57518
8	297	5.455
8	299	5.80197
9	33	1.68402
9	60	3.0207
9	62	4.55399
9	70	3.07801
9	115	3.69049
9	125	3.07491
9	135	2.9304
9	142	2.61671
9	190	3.29089
9	209	3.32354
9	263	4.84255
9	276	5.08001
9	278	5.25536
9	279	5.54146
9	298	6.05184
10	80	3.0481
10	83	2.58404
10	100	3.0054
10	106	1.37082
10	131	4.00108
10	163	3.16881
10	180	3.68141
10	230	4.17791
10	261	5.45124
10	265	4.08232
10	270	4.24412
10	275	4.59009
10	284	4.39911
10	291	5.13032
10	300	5.19692
11	31	2.40786
11	79	2.94857
11	110	2.65657
11	129	2.64344
11	138	3.33522
11	208	3.77774
11	211	3.5893
11	226	3.63412
11	233	3.13099
11	250	4.50139
11	273	4.30982
11	281	5.26965
11	290	5.93359
11	291	4.96587
11	292	5.03887
12	35	2.68873
12	88	2.0907
12	96	2.35956
12	148	1.941
12	217	3.70688
12	245	3.09365
12	266	4.49364
12	268	3.96471
12	269	4.45377
12	270	4.53244
12	274	4.35287
12	275	4.87841
12	284	4.68742
12	291	5.41864
12	300	5.48524
13	59	3.01501
13	64	2.90674
13	76	1.98183
13	111	2.33192
13	131	4.1763
13	164	4.56125
13	192	4.46805
13	193	2.47554
13	199	4.60437
13	225	3.16428
13	233	3.48019
13	242	5.23485
13	261	4.53489
13	294	5.52294
13	297	5.57466
14	59	2.46413
14	153	3.91276
14	194	2.7143
14	200	3.59692
14	208	3.51141
14	216	3.20709
14	223	3.62738
14	240	3.57635
14	251	3.53953
14	261	4.59352
14	264	4.96637
14	274	4.23001
14	282	4.4906
14	288	4.86791
14	296	4.8597
15	39	3.47027
15	40	3.27766
15	47	3.91086
15	150	2.67207
15	159	3.56677
15	168	4.24371
15	175	3.29485
15	217	3.6716
15	229	4.77086
15	242	3.79385
15	243	3.50341
15	253	3.47393
15	257	3.39509
15	266	5.82563
15	300	5.24156
16	6	2.21175
16	28	2.1347
16	106	2.71368
16	147	2.96966
16	198	3.45392
16	199	3.55753
16	223	3.20793
16	235	3.51662
16	253	4.00233
16	255	3.85976
16	277	5.70077
16	283	5.03167
16	291	5.23099
16	293	5.18915
16	298	5.32884
17	3	2.58495
17	84	2.66539
17	87	2.96859
17	101	3.19732
17	166	3.97833
17	170	2.99107
17	191	3.01934
17	196	4.07184
17	203	4.15694
17	237	4.42268
17	238	4.12432
17	257	4.92161
17	259	4.9308
17	275	4.73959
17	284	5.37808
18	7	2.13812
18	98	1.22262
18	133	3.33914
18	139	3.05807
18	213	3.88023
18	224	2.94043
18	257	3.8888
18	259	4.54612
18	260	3.88197
18	262	4.33965
18	265	4.44343
18	270	4.60523
18	284	4.76021
18	291	5.49143
18	300	5.55803
19	141	3.01889
19	142	3.16114
19	178	3.00413
19	182	2.06381
19	187	3.04343
19	203	3.25186
19	229	3.65343
19	244	3.63774
19	256	3.69821
19	261	4.42948
19	266	4.7082
19	277	5.55063
19	280	4.50253
19	288	5.27892
19	292	5.16574
20	21	3.69373
20	74	2.84308
20	89	2.42087
20	157	3.336
20	165	2.2357
20	217	4.0668
20	225	3.36983
20	243	4.79382
20	244	4.84191
20	258	3.48638
20	264	4.26026
20	271	5.47343
20	274	4.01953
20	292	4.61178
20	298	4.66963
21	20	3.69373
21	25	3.25853
21	41	3.41319
21	92	3.92123
21	93	2.30956
21	112	3.79723
21	142	2.60968
21	192	2.7196
21	244	5.36645
21	272	4.4248
21	276	3.87574
21	277	5.5871
21	282	4.05891
21	289	4.43087
21	298	4.66025
22	43	3.59874
22	48	2.35482
22	77	3.45265
22	92	2.89443
22	118	2.48627
22	128	2.94046
22	158	3.16538
22	173	4.01458
22	207	3.27546
22	208	4.2411
22	231	4.38474
22	235	4.19633
22	245	4.59995
22	277	6.44436
22	298	6.00855
23	27	3.63205
23	44	1.71392
23	162	2.80051
23	168	3.63004
23	179	3.1573
23	190	3.05343
23	209	3.08608
23	221	4.14886
23	225	4.38962
23	249	4.05556
23	255	4.18733
23	262	4.61203
23	263	4.60509
23	277	6.02834
23	278	5.0179
24	65	3.63056
24	138	3.58139
24	154	2.31844
24	168	3.07002
24	175	4.44376
24	196	4.18731
24	204	3.86043
24	206	2.84993
24	210	2.87321
24	213	4.53542
24	248	4.86767
24	256	3.64195
24	266	4.65195
24	280	4.44627
24	288	5.22267
25	21	3.25853
25	55	2.50484
25	107	2.44714
25	182	2.89988
25	185	3.72516
25	189	3.0002
25	194	3.24499
25	231	3.97458
25	248	3.7346
25	268	3.94526
25	271	5.03823
25	279	4.92374
25	285	4.89725
25	291	4.85267
25	299	5.69678
26	36	3.04993
26	51	3.69353
26	68	4.97298
26	93	2.09836
26	94	3.61443
26	122	3.26423
26	155	3.55699
26	158	2.53925
26	186	2.87668
26	213	5.03335
26	235	3.5702
26	247	5.1588
26	253	4.05591
26	293	5.24273
26	298	5.38242
27	23	3.63205
27	28	3.06483
27	55	1.42747
27	66	1.45293
27	69	4.65264
27	78	3.6743
27	115	1.71852
27	119	3.95208
27	167	4.55458
27	232	3.77104
27	254	5.54124
27	265	4.50714
27	275	5.01492
27	291	5.55515
27	300	5.62174
28	16	2.1347
28	27	3.06483
28	63	2.28283
28	95	3.84161
28	120	2.36574
28	128	3.4799
28	197	3.85869
28	216	3.53423
28	223	4.42708
28	227	4.7375
28	246	4.37467
28	265	3.63643
28	290	4.72184
28	292	5.06434
28	298	6.54799
29	77	2.49701
29	132	3.06508
29	151	3.26332
29	161	3.16647
29	173	3.37782
29	187	3.51485
29	198	3.92667
29	201	3.58052
29	209	4.03618
29	215	3.88824
29	229	4.38229
29	237	4.41572
29	247	4.60123
29	256	4.42707
29	292	5.89461
30	2	3.02447
30	3	2.86241
30	70	1.93634
30	89	3.48284
30	161	2.64444
30	201	3.093
30	208	3.31273
30	209	4.08465
30	227	4.34009
30	241	3.98579
30	242	3.80712
30	281	4.80464
30	285	5.64533
30	290	5.46859
30	291	5.60075
31	3	2.17147
31	11	2.40786
31	38	3.20758
31	49	2.44522
31	94	3.37192
31	126	3.07531
31	146	3.58659
31	195	4.05917
31	205	3.58655
31	217	3.86547
31	223	4.62363
31	244	4.64059
31	255	4.86991
31	286	5.70387
31	295	6.49637
32	71	2.70852
32	104	3.39724
32	107	2.00569
32	130	4.19036
32	132	2.34612
32	164	3.11674
32	189	3.9006
32	198	4.87571
32	213	3.383
32	223	4.62973
32	245	5.34204
32	255	3.46209
32	277	5.3031
32	282	4.36284
32	295	5.08854
33	9	1.68402
33	86	3.60381
33	118	3.07267
33	120	3.71591
33	134	2.62283
33	135	3.11332
33	137	3.54876
33	152	2.69535
33	162	3.22088
33	177	4.57921
33	224	5.22126
33	252	5.24915
33	263	5.02547
33	276	5.26293
33	278	5.43827
34	4	2.27383
34	46	2.105
34	87	3.66125
34	138	3.46063
34	143	2.36048
34	170	3.23078
34	184	3.36755
34	214	3.87753
34	218	4.07707
34	235	3.8828
34	255	4.49375
34	268	4.69429
34	279	5.48546
34	290	5.59547
34	293	5.55533
35	3	3.87743
35	12	2.68873
35	39	2.81185
35	48	3.8777
35	113	2.98873
35	133	3.29646
35	137	3.82303
35	156	3.21361
35	169	3.658
35	174	3.4204
35	213	3.91733
35	218	4.07005
35	258	4.5066
35	286	5.64175
35	287	6.23058
36	26	3.04993
36	79	3.34813
36	84	2.85849
36	85	3.16181
36	90	2.75182
36	123	2.29688
36	140	3.46907
36	154	2.92502
36	156	3.35773
36	226	3.85274
36	230	3.87077
36	288	5.82924
36	295	5.94115
36	296	5.4191
36	299	5.9306
37	45	1.99099
37	79	1.2706
37	126	3.1178
37	174	2.70914
37	175	3.61576
37	188	2.74962
37	232	3.88899
37	240	3.50304
37	270	4.7869
37	276	4.5041
37	280	4.31375
37	284	4.94188
37	291	5.6731
37	297	5.24836
37	300	5.7397
38	31	3.20758
38	86	3.0279
38	158	2.61404
38	165	3.46251
38	191	3.6126
38	194	4.15791
38	207	2.72412
38	214	3.63972
38	227	3.64672
38	246	5.14891
38	249	4.26258
38	253	4.1307
38	267	5.12386
38	268	4.45648
38	293	5.31752
38	298	5.45721
39	15	3.47027
39	35	2.81185
39	40	3.05763
39	45	2.76818
39	47	3.69083
39	147	2.73389
39	230	4.21786
39	242	3.95225
39	256	4.59561
39	259	4.2108
39	264	4.5354
39	274	4.47598
39	278	4.32696
39	279	4.6157
39	285	5.65402
39	289	4.89671
40	15	3.27766
40	39	3.05763
40	45	2.57557
40	47	3.49822
40	64	2.62488
40	130	2.82729
40	157	2.89138
40	217	3.94741
40	261	4.46128
40	262	4.12175
40	263	3.53647
40	266	5.41299
40	275	4.67992
40	277	5.58243
40	285	5.46141
40	295	6.09562
41	7	3.11146
41	21	3.41319
41	100	3.20668
41	105	3.67687
41	120	3.25513
41	122	3.20893
41	136	3.89531
41	141	4.24193
41	142	4.38418
41	146	3.50737
41	157	3.05546
41	220	4.44925
41	243	4.51328
41	246	3.98406
41	296	6.35756
41	299	5.85143
42	44	2.59995
42	65	1.90929
42	89	2.16221
42	99	2.71351
42	119	3.0402
42	153	4.62864
42	199	4.28731
42	214	3.85455
42	254	3.90865
42	255	4.33331
42	267	4.37622
42	273	5.30472
42	282	4.89395
42	288	5.58379
42	289	5.14967
42	296	5.26306
43	22	3.59874
43	91	3.21645
43	123	3.35478
43	124	3.26768
43	136	4.01474
43	138	3.46158
43	162	4.09354
43	177	3.30825
43	196	4.62489
43	201	3.68437
43	208	3.9041
43	219	4.07008
43	242	4.39849
43	244	4.98021
43	250	4.62775
43	281	5.396
44	23	1.71392
44	42	2.59995
44	75	2.024
44	110	2.76467
44	135	3.38066
44	161	3.05253
44	209	3.77381
44	221	4.83658
44	226	4.10659
44	242	4.39536
44	248	4.52151
44	262	5.29975
44	272	5.33375
44	278	5.70562
44	286	4.46431
44	299	6.00351
45	37	1.99099
45	39	2.76818
45	40	2.57557
45	47	3.20877
45	94	2.76317
45	121	3.45959
45	133	3.64099
45	193	3.50843
45	215	3.57472
45	231	4.04256
45	257	4.19066
45	280	4.91787
45	284	5.83816
45	288	5.69426
45	295	5.80617
45	300	6.03714
46	34	2.105
46	74	3.61964
46	95	3.44573
46	109	3.22882
46	121	3.48136
46	130	3.59183
46	148	4.07839
46	172	3.67148
46	184	3.82463
46	208	4.63456
46	214	4.33461
46	222	4.37454
46	227	4.34161
46	235	4.33989
46	244	4.92493
46	293	6.01242
47	15	3.91086
47	39	3.69083
47	40	3.49822
47	45	3.20877
47	100	2.60257
47	112	2.78801
47	116	3.33361
47	138	3.29543
47	173	3.98695
47	215	4.49737
47	219	4.42754
47	236	4.79997
47	250	4.68389
47	273	5.04373
47	281	4.94516
47	287	5.31458
48	22	2.35482
48	35	3.8777
48	50	3.40686
48	54	3.53511
48	95	3.38201
48	122	3.97021
48	145	3.49806
48	180	3.43712
48	195	3.8791
48	198	4.21347
48	214	4.2709
48	235	4.27618
48	236	4.5688
48	249	4.55808
48	251	4.74004
48	298	6.08839
49	31	2.44522
49	53	2.48992
49	63	2.76906
49	112	2.75005
49	190	3.80599
49	198	3.85198
49	203	3.42215
49	220	4.20716
49	243	4.27118
49	254	4.14617
49	269	4.60901
49	270	4.39565
49	271	4.95079
49	274	4.95833
49	286	5.38255
49	296	5.53125
50	48	3.40686
50	78	3.66829
50	96	3.24103
50	119	3.87223
50	133	3.83187
50	140	3.55521
50	143	3.49669
50	157	3.92366
50	164	3.81709
50	174	3.95581
50	191	3.99195
50	200	4.49697
50	218	4.60547
50	220	4.08834
50	237	5.00838
50	258	5.04201
51	26	3.69353
51	59	3.31993
51	60	3.10874
51	67	3.25367
51	108	2.84664
51	127	3.06444
51	142	4.08932
51	149	3.27979
51	200	4.36106
51	203	4.18003
51	229	4.81833
51	240	4.43214
51	260	4.61049
51	263	4.43284
51	267	4.82866
51	287	5.69004
52	84	3.57724
52	137	3.29143
52	143	3.43594
52	189	4.23171
52	207	4.39614
52	211	3.81327
52	228	2.61199
52	240	3.55336
52	249	4.58117
52	251	3.51655
52	254	3.48232
52	257	4.64243
52	282	4.46761
52	287	4.81126
52	289	4.72333
52	296	4.83672
53	49	2.48992
53	67	3.18204
53	72	2.57632
53	87	3.60776
53	89	2.54303
53	150	3.24044
53	159	3.95135
53	183	3.01497
53	220	3.7549
53	221	3.68076
53	255	4.71413
53	260	4.53887
53	287	5.61841
53	293	5.45751
53	295	6.06671
53	296	5.64388
54	48	3.53511
54	71	2.4337
54	84	2.61883
54	120	3.64758
54	134	3.0261
54	142	3.20291
54	150	4.10843
54	153	3.07337
54	180	3.85198
54	209	3.90973
54	213	4.82287
54	229	5.08249
54	235	4.50467
54	248	4.65744
54	276	5.66621
54	278	5.84155
55	25	2.50484
55	27	1.42747
55	60	3.55104
55	73	4.06158
55	88	2.45894
55	126	4.41139
55	148	2.30925
55	150	4.28657
55	163	3.51753
55	184	4.20909
55	238	5.40332
55	265	4.73888
55	270	4.90068
55	275	5.24665
55	284	5.05566
55	300	5.85348
56	2	1.8741
56	111	3.60538
56	126	3.90398
56	140	3.35419
56	148	3.65427
56	149	3.21468
56	175	3.127
56	216	3.89414
56	226	4.61217
56	236	4.45163
56	238	3.61633
56	240	4.2634
56	255	4.617
56	281	5.1893
56	282	5.17764
56	289	5.43336
57	69	3.08501
57	73	2.63625
57	78	3.76364
57	87	3.65769
57	127	2.95092
57	156	3.84438
57	166	3.72601
57	169	4.28877
57	183	3.0649
57	188	3.44383
57	213	4.5481
57	216	4.40431
57	218	4.70082
57	258	5.13737
57	267	5.2197
57	294	5.55081
58	63	2.56604
58	69	3.05455
58	135	3.38375
58	142	3.07006
58	152	2.96578
58	153	2.94053
58	160	3.7807
58	175	3.73257
58	221	4.83966
58	227	4.01389
58	247	3.94969
58	259	4.49012
58	262	5.30284
58	266	4.89608
58	278	5.70871
58	297	5.36517
59	13	3.01501
59	14	2.46413
59	51	3.31993
59	77	3.0144
59	86	2.83772
59	104	2.77685
59	122	2.44137
59	148	3.24669
59	194	4.37986
59	222	4.73112
59	227	4.27567
59	254	5.17086
59	266	5.15786
59	267	5.63843
59	277	6.00612
59	288	5.15936
59	296	6.52526
60	9	3.0207
60	51	3.10874
60	55	3.55104
60	117	2.09727
60	130	3.61351
60	134	3.57597
60	137	2.81003
60	178	3.82215
60	225	3.7623
60	234	3.95171
60	247	4.57401
60	254	4.56747
60	261	5.13291
60	267	5.25714
60	273	4.98314
60	294	6.12096
60	297	6.17268
61	62	5.22681
61	63	3.88529
61	82	3.27919
61	105	3.96678
61	146	3.99371
61	163	3.23642
61	165	4.29073
61	169	4.12276
61	180	3.05774
61	186	3.20327
61	198	3.83409
61	207	2.97593
61	214	3.89152
61	223	3.5881
61	290	6.32429
61	293	5.56933
61	298	5.70902
62	9	4.55399
62	61	5.22681
62	97	1.60842
62	98	4.36293
62	102	1.77465
62	127	4.52166
62	154	5.02225
62	167	2.29836
62	182	5.47937
62	225	3.17014
62	233	3.48605
62	234	3.35955
62	239	3.71297
62	261	4.54075
62	263	5.85598
62	294	5.5288
62	297	5.58052
63	28	2.28283
63	49	2.76906
63	58	2.56604
63	61	3.88529
63	76	2.98185
63	141	3.14953
63	168	4.16212
63	177	3.32915
63	181	3.71936
63	208	3.925
63	225	4.9217
63	241	4.59806
63	272	4.83089
63	278	5.42238
63	281	5.41691
63	290	6.08086
63	291	6.09064
64	13	2.90674
64	40	2.62488
64	79	3.41077
64	111	3.08953
64	153	4.09593
64	166	3.29264
64	233	3.59318
64	236	3.92662
64	245	3.64959
64	247	4.33701
64	252	4.26645
64	264	4.10265
64	266	5.17285
64	283	4.88826
64	288	5.74357
64	293	5.07408
64	299	5.99323
65	24	3.63056
65	42	1.90929
65	84	3.93704
65	150	3.16363
65	157	4.22271
65	175	3.14731
65	190	4.77239
65	197	3.74019
65	210	4.15544
65	215	4.91745
65	216	3.91445
65	238	3.63664
65	254	4.21266
65	267	4.68022
65	274	4.93737
65	281	5.68935
65	289	5.45367
66	27	1.45293
66	72	2.70066
66	85	3.18671
66	93	3.54845
66	97	2.73047
66	101	3.79327
66	141	3.70632
66	156	3.76058
66	188	2.88886
66	232	4.02823
66	265	4.76434
66	270	4.92614
66	275	5.27211
66	285	5.81285
66	291	5.81234
66	297	5.8589
66	300	5.87894
67	51	3.25367
67	53	3.18204
67	119	2.47678
67	129	2.8474
67	150	4.05557
67	175	4.03925
67	176	3.39519
67	205	3.71332
67	211	3.12644
67	235	3.62883
67	250	4.38146
67	254	5.1046
67	266	5.01887
67	267	5.57217
67	271	4.15489
67	295	5.65256
67	296	6.459
68	26	4.97298
68	72	4.22085
68	84	4.78153
68	85	4.7069
68	87	1.83881
68	88	2.27425
68	106	1.84269
68	129	4.73852
68	148	2.12456
68	165	2.73199
68	224	3.05119
68	230	5.36377
68	238	6.24046
68	275	5.06196
68	284	4.87097
68	291	5.60219
68	300	5.66879
69	27	4.65264
69	57	3.08501
69	58	3.05455
69	78	3.61031
69	81	3.67841
69	113	3.46616
69	119	3.81425
69	125	3.73309
69	164	3.75911
69	169	4.13543
69	184	4.33692
69	201	4.6074
69	218	4.54749
69	222	4.58566
69	234	4.47942
69	250	5.56327
69	258	4.98403
70	9	3.07801
70	30	1.93634
70	91	3.24475
70	105	2.6018
70	106	3.43887
70	132	2.7664
70	158	3.92115
70	181	3.72675
70	232	4.15477
70	242	4.42678
70	246	5.33951
70	271	4.71373
70	272	4.83828
70	276	5.30254
70	280	5.11219
70	281	5.4243
70	290	6.08825
71	32	2.70852
71	54	2.4337
71	122	3.58182
71	187	3.07415
71	198	3.82509
71	207	2.96692
71	212	3.34497
71	218	3.17176
71	245	4.29141
71	278	4.2914
71	289	4.86115
71	290	4.69016
71	292	5.03267
71	293	5.56032
71	297	5.05029
71	298	5.70001
71	299	5.52484
72	53	2.57632
72	66	2.70066
72	68	4.22085
72	78	2.5332
72	89	2.75243
72	101	3.75653
72	106	3.21423
72	204	3.9104
72	215	4.20502
72	217	4.5663
72	251	4.5331
72	260	4.74827
72	267	4.96644
72	268	4.82413
72	276	5.07789
72	287	5.82781
72	289	5.73989
73	55	4.06158
73	57	2.63625
73	81	3.22965
73	113	3.01741
73	119	3.36549
73	133	3.32514
73	156	3.24229
73	169	3.68668
73	170	4.22816
73	173	4.44942
73	212	3.77972
73	213	3.94601
73	218	4.09873
73	258	4.53527
73	273	5.75337
73	289	6.31089
73	292	6.48241
74	20	2.84308
74	46	3.61964
74	92	3.07057
74	108	3.40146
74	114	3.05463
74	120	3.20956
74	150	3.886
74	166	3.44006
74	219	3.69752
74	229	4.86007
74	231	4.08367
74	244	4.5158
74	246	3.93849
74	269	4.80554
74	271	5.14732
74	285	6.09534
74	300	6.45549
75	44	2.024
75	111	3.14671
75	123	2.62003
75	124	2.64535
75	144	2.81075
75	155	2.45815
75	204	3.25951
75	216	3.9277
75	229	4.19413
75	234	4.16847
75	239	4.5219
75	273	5.1999
75	281	4.6302
75	294	6.33773
75	297	6.38944
75	299	5.94999
75	300	5.78955
76	13	1.98183
76	63	2.98185
76	115	3.45987
76	117	2.63602
76	127	2.77986
76	158	3.65533
76	167	3.42927
76	168	3.76184
76	193	3.61231
76	194	4.08268
76	234	4.49046
76	253	4.32746
76	256	4.26197
76	273	5.52189
76	294	6.65972
76	296	5.74403
76	297	6.71143
77	1	3.06403
77	2	3.70094
77	22	3.45265
77	29	2.49701
77	59	3.0144
77	101	2.35096
77	144	3.70315
77	179	3.40155
77	181	3.96617
77	229	3.96615
77	236	3.77469
77	257	4.83548
77	267	5.63549
77	277	6.747
77	280	4.81525
77	292	5.47846
77	295	5.70355
78	27	3.6743
78	50	3.66829
78	57	3.76364
78	69	3.61031
78	72	2.5332
78	90	2.98721
78	96	3.86168
78	133	4.45253
78	135	2.9829
78	169	4.81407
78	194	3.99314
78	215	4.07429
78	218	5.22612
78	229	4.41012
78	258	5.66266
78	268	4.69341
78	296	5.65449
79	11	2.94857
79	36	3.34813
79	37	1.2706
79	64	3.41077
79	87	1.74868
79	107	3.95424
79	224	2.96106
79	232	3.72795
79	234	4.68213
79	239	5.17625
79	240	5.12715
79	265	4.46406
79	275	4.97183
79	284	4.78084
79	288	6.40488
79	291	5.51206
79	300	5.57866
80	10	3.0481
80	110	3.10347
80	136	3.33606
80	145	2.80033
80	148	3.45499
80	158	3.70961
80	162	3.82703
80	164	4.02806
80	168	3.81612
80	191	3.32971
80	215	4.21812
80	231	4.1548
80	248	4.86031
80	262	5.63855
80	263	5.63162
80	269	5.3263
80	276	5.86908
81	69	3.67841
81	73	3.22965
81	92	1.9351
81	96	3.92978
81	113	4.21289
81	135	2.39733
81	164	4.50584
81	174	4.64456
81	213	5.14149
81	225	3.8463
81	250	3.99936
81	258	5.73076
81	271	3.77279
81	273	4.3592
81	283	4.81592
81	284	5.221
81	293	4.66126
82	61	3.27919
82	112	3.39637
82	140	2.89482
82	146	3.91159
82	147	3.61126
82	152	3.48747
82	164	3.76796
82	172	3.79026
82	177	3.72224
82	181	3.17349
82	199	4.00531
82	256	4.05615
82	259	4.84233
82	266	5.10607
82	279	5.48262
82	286	6.02887
82	297	5.57516
83	10	2.58404
83	111	2.86038
83	126	3.24064
83	149	2.80377
83	166	3.14516
83	193	3.00399
83	206	3.50125
83	237	4.14403
83	239	4.23557
83	250	4.26469
83	254	3.94918
83	261	5.06334
83	269	4.86224
83	273	4.91357
83	285	5.32516
83	294	6.0514
83	297	6.10311
84	17	2.66539
84	36	2.85849
84	52	3.57724
84	54	2.61883
84	65	3.93704
84	68	4.78153
84	126	4.25228
84	142	3.14824
84	160	3.85889
84	162	3.5695
84	190	3.82242
84	228	5.15634
84	243	4.9588
84	248	4.60278
84	262	5.38102
84	263	5.37408
84	278	5.78689
84	294	5.98161
85	3	3.47925
85	4	3.16017
85	36	3.16181
85	66	3.18671
85	68	4.7069
85	103	2.70954
85	129	3.66764
85	140	4.0748
85	148	3.92794
85	159	3.60539
85	168	4.28233
85	170	4.03633
85	225	5.04865
85	226	4.45847
85	243	4.88417
85	286	5.24356
85	288	6.43498
85	292	6.3218
86	33	3.60381
86	38	3.0279
86	59	2.83772
86	131	3.95993
86	149	3.33223
86	215	4.53494
86	222	3.43915
86	230	4.13676
86	238	3.30287
86	252	4.9691
86	255	4.30354
86	260	4.12829
86	273	5.40542
86	274	4.6036
86	280	5.21747
86	287	5.20783
86	289	5.1199
86	296	5.23329
87	17	2.96859
87	34	3.66125
87	53	3.60776
87	57	3.65769
87	68	1.83881
87	79	1.74868
87	114	3.59929
87	165	3.28098
87	175	5.05344
87	195	3.13948
87	231	5.00558
87	235	4.82691
87	259	5.81099
87	265	5.10317
87	270	5.26497
87	284	5.41996
87	291	6.15118
87	300	6.21777
88	12	2.0907
88	55	2.45894
88	68	2.27425
88	98	2.31781
88	124	2.30297
88	194	3.85092
88	201	3.48684
88	224	4.03562
88	228	4.32272
88	264	5.18008
88	267	4.81688
88	268	4.55119
88	270	5.70042
88	275	6.04639
88	279	5.07908
88	280	4.61461
88	291	6.58662
88	300	6.65322
89	20	2.42087
89	30	3.48284
89	42	2.16221
89	53	2.54303
89	72	2.75243
89	121	3.79457
89	146	4.08116
89	158	4.64622
89	185	3.82587
89	194	3.67459
89	221	4.55051
89	232	4.87983
89	255	4.89024
89	272	6.57666
89	274	5.19029
89	282	5.45088
89	287	5.79453
89	289	5.7066
90	36	2.75182
90	78	2.98721
90	95	3.63426
90	101	4.21054
90	104	2.98724
90	115	3.95506
90	138	3.78119
90	158	3.49747
90	170	3.8764
90	196	4.38711
90	212	3.9856
90	214	4.52315
90	227	4.53014
90	228	5.04966
90	245	4.93204
90	249	4.68254
90	293	6.20095
90	295	6.44076
91	43	3.21645
91	70	3.24475
91	94	3.37613
91	110	3.1781
91	129	3.48684
91	139	3.21492
91	141	3.84567
91	173	3.52741
91	192	4.29668
91	205	3.80338
91	242	5.11553
91	246	4.87073
91	247	4.16254
91	272	5.52702
91	274	4.96816
91	278	4.81914
91	281	6.11305
91	284	5.69316
92	4	2.12785
92	21	3.92123
92	22	2.89443
92	74	3.07057
92	81	1.9351
92	151	3.52778
92	153	4.38688
92	155	4.03248
92	172	3.89408
92	185	4.38786
92	228	4.58313
92	243	5.02132
92	244	5.06941
92	275	5.28627
92	277	5.29005
92	282	5.24853
92	292	5.79201
92	295	5.97423
93	21	2.30956
93	26	2.09836
93	66	3.54845
93	113	3.91642
93	122	4.33988
93	130	3.89779
93	167	4.26127
93	180	3.80679
93	195	4.39735
93	197	3.76877
93	204	4.45402
93	205	4.89531
93	214	4.64058
93	237	5.44278
93	240	4.92462
93	245	5.04947
93	253	5.13156
93	268	5.45734
94	26	3.61443
94	31	3.37192
94	45	2.76317
94	91	3.37613
94	125	2.64767
94	139	3.65745
94	181	3.85813
94	192	3.73931
94	211	3.87533
94	217	4.76469
94	225	4.76098
94	227	4.66926
94	241	4.73683
94	250	4.78742
94	265	4.57501
94	272	4.96965
94	290	6.21962
94	298	6.06078
95	28	3.84161
95	46	3.44573
95	48	3.38201
95	90	3.63426
95	128	3.96766
95	130	4.47547
95	160	2.66108
95	163	4.56315
95	164	3.93244
95	181	3.33797
95	198	5.16083
95	205	3.965
95	222	3.65553
95	241	3.76591
95	253	5.70924
95	259	4.8646
95	277	6.11881
95	295	5.90424
96	1	2.93617
96	12	2.35956
96	50	3.24103
96	78	3.86168
96	81	3.92978
96	114	3.29047
96	156	3.94242
96	169	4.3868
96	174	4.1492
96	181	3.97555
96	199	4.61314
96	213	4.64613
96	218	4.79886
96	237	5.15005
96	255	4.91537
96	258	5.2354
96	261	5.63523
96	262	5.2957
97	62	1.60842
97	66	2.73047
97	137	2.96952
97	159	3.9012
97	162	3.43157
97	167	3.05001
97	214	3.65514
97	216	4.30424
97	225	3.92179
97	229	4.57066
97	233	4.2377
97	237	4.6248
97	239	4.46462
97	261	5.2924
97	272	5.65677
97	282	5.29088
97	294	6.28045
97	297	6.33217
98	18	1.22262
98	62	4.36293
98	88	2.31781
98	129	3.17998
98	141	3.66796
98	186	3.22373
98	204	3.60461
98	221	3.59918
98	232	3.86164
98	243	4.3965
98	265	4.59775
98	270	4.75955
98	275	5.10552
98	284	4.91453
98	291	5.64575
98	298	5.86078
98	299	6.29509
98	300	5.71235
99	42	2.71351
99	109	3.08411
99	112	2.64014
99	136	3.09905
99	140	3.42445
99	177	3.7896
99	210	3.43517
99	221	3.42116
99	229	4.15913
99	239	3.94628
99	256	4.20391
99	266	5.2139
99	282	5.08142
99	284	5.75765
99	292	5.67145
99	294	5.24129
99	295	5.89653
99	296	5.60557
100	2	2.84014
100	3	2.9636
100	10	3.0054
100	41	3.20668
100	47	2.60257
100	127	3.86173
100	144	3.66173
100	174	3.25335
100	175	4.09304
100	182	3.74915
100	216	4.86018
100	224	4.5817
100	253	4.33904
100	270	4.62002
100	274	5.88309
100	287	6.48733
100	296	6.51279
100	298	5.8328
101	1	3.33412
101	17	3.19732
101	66	3.79327
101	72	3.75653
101	77	2.35096
101	90	4.21054
101	144	4.25008
101	159	3.03215
101	165	4.52108
101	173	3.23177
101	183	4.02762
101	230	3.90327
101	241	4.94104
101	243	5.49073
101	266	5.29101
101	285	5.33943
101	292	5.74856
101	295	5.97364
102	62	1.77465
102	103	2.66071
102	111	3.25567
102	124	2.75431
102	167	3.21624
102	170	3.40182
102	198	3.95748
102	234	4.27744
102	239	4.63086
102	252	4.49072
102	253	4.22018
102	256	4.15469
102	266	5.20461
102	272	5.47849
102	273	5.30886
102	286	4.60905
102	294	6.44669
102	297	6.4984
103	1	2.84936
103	85	2.70954
103	102	2.66071
103	121	3.1423
103	131	3.77525
103	145	3.31377
103	242	4.8338
103	244	4.43368
103	247	3.97042
103	250	4.8609
103	253	4.51389
103	263	4.3006
103	283	4.52166
103	285	4.85467
103	287	5.49159
103	288	5.37698
103	292	5.2638
103	295	5.48888
104	32	3.39724
104	59	2.77685
104	90	2.98724
104	105	3.41265
104	124	2.88403
104	130	3.82845
104	143	3.05419
104	156	4.03197
104	175	4.49769
104	184	4.06125
104	212	4.03369
104	224	4.91942
104	229	4.84897
104	253	5.06222
104	260	4.59109
104	268	5.388
104	284	6.24542
104	298	6.38873
105	41	3.67687
105	61	3.96678
105	70	2.6018
105	104	3.41265
105	107	3.34451
105	138	3.53567
105	161	3.30989
105	168	4.24361
105	185	3.31675
105	195	3.99015
105	201	3.75846
105	211	3.78974
105	250	4.70184
105	272	4.88407
105	276	5.51849
105	281	5.47009
105	290	6.13404
105	299	6.73731
106	10	1.37082
106	16	2.71368
106	68	1.84269
106	70	3.43887
106	72	3.21423
106	111	3.94332
106	144	3.70777
106	165	3.28486
106	195	3.14335
106	223	4.66434
106	256	4.85346
106	265	5.10705
106	266	5.90338
106	274	5.7626
106	275	5.61483
106	284	5.42384
106	291	6.15506
106	300	6.22165
107	25	2.44714
107	32	2.00569
107	79	3.95424
107	105	3.34451
107	147	3.20072
107	178	3.4803
107	190	4.29994
107	196	3.57284
107	198	4.34593
107	207	4.2835
107	217	3.77994
107	254	4.64013
107	271	5.18658
107	279	5.07208
107	281	5.21691
107	286	5.61834
107	297	6.06215
107	299	5.84512
108	51	2.84664
108	74	3.40146
108	119	3.22929
108	126	4.10992
108	137	3.35711
108	144	3.20091
108	150	3.64854
108	151	3.8609
108	161	3.76405
108	204	4.10909
108	238	4.12155
108	240	4.76862
108	244	4.70675
108	251	4.7318
108	255	5.12222
108	276	5.49622
108	282	5.68286
108	285	6.19444
109	4	3.12709
109	46	3.22882
109	99	3.08411
109	115	3.42945
109	128	2.91631
109	133	3.66853
109	136	3.71632
109	159	3.57231
109	179	4.21181
109	200	3.76136
109	222	3.66645
109	229	4.7764
109	238	4.61194
109	269	5.2416
109	283	5.54658
109	288	6.40189
109	290	5.39043
109	300	6.06467
110	11	2.65657
110	44	2.76467
110	80	3.10347
110	91	3.1781
110	142	3.43
110	143	3.84162
110	153	3.30047
110	171	3.96781
110	192	4.68007
110	202	4.59189
110	209	4.13683
110	221	5.19961
110	245	4.71139
110	248	4.88454
110	258	5.43746
110	262	5.66278
110	263	5.65584
110	265	5.13494
111	13	2.33192
111	56	3.60538
111	64	3.08953
111	75	3.14671
111	83	2.86038
111	102	3.25567
111	106	3.94332
111	116	4.09446
111	137	3.69888
111	155	3.53395
111	161	4.07481
111	193	3.96241
111	219	4.10738
111	226	5.12887
111	234	4.84056
111	294	7.00981
111	297	7.06153
111	298	6.59148
112	21	3.79723
112	47	2.78801
112	49	2.75005
112	82	3.39637
112	99	2.64014
112	166	3.86968
112	173	3.92739
112	178	3.87066
112	195	3.70541
112	200	4.23943
112	231	4.51328
112	252	4.79503
112	259	4.82214
112	261	5.23603
112	273	5.23135
112	277	5.16605
112	286	6.00869
112	290	5.61788
113	35	2.98873
113	69	3.46616
113	73	3.01741
113	81	4.21289
113	93	3.91642
113	114	3.14012
113	119	4.34874
113	156	4.22554
113	164	4.29359
113	174	4.43232
113	183	3.33972
113	210	3.84771
113	213	4.92925
113	243	4.80283
113	246	5.51958
113	251	4.8152
113	258	5.51852
113	264	5.85773
113	292	6.20925
114	74	3.05463
114	87	3.59929
114	96	3.29047
114	113	3.14012
114	123	2.55348
114	125	2.95696
114	149	3.02355
114	153	4.4709
114	189	3.95056
114	233	4.22843
114	234	4.10193
114	239	4.45535
114	261	5.28312
114	273	5.13336
114	278	5.13476
114	293	5.44904
114	294	6.27118
114	297	6.3229
114	299	6.3682
115	9	3.69049
115	27	1.71852
115	76	3.45987
115	90	3.95506
115	109	3.42945
115	145	4.00564
115	165	3.20774
115	178	4.49195
115	188	3.15446
115	195	3.06624
115	224	3.52694
115	232	4.29383
115	236	5.07638
115	265	5.02994
115	270	5.19174
115	287	6.18347
115	291	6.07794
115	299	7.13384
115	300	6.14454
116	47	3.33361
116	111	4.09446
116	128	3.68936
116	146	3.3883
116	155	3.40537
116	168	4.50447
116	177	4.67069
116	178	3.36755
116	184	4.19075
116	185	3.76075
116	205	3.38826
116	231	4.01017
116	249	4.15469
116	265	5.07808
116	268	5.52558
116	269	4.73204
116	286	5.50558
116	289	6.33447
116	299	5.73237
117	6	2.39209
117	60	2.09727
117	76	2.63602
117	127	3.80289
117	137	2.86621
117	142	4.79368
117	143	4.06515
117	152	4.71631
117	166	4.57797
117	175	5.17141
117	225	3.81848
117	233	4.13439
117	234	4.00789
117	237	5.57684
117	239	4.36131
117	266	6.33491
117	273	5.03932
117	294	6.17714
117	297	6.22886
118	22	2.48627
118	33	3.07267
118	156	3.52262
118	171	3.00827
118	187	3.59398
118	190	3.85873
118	209	4.01422
118	223	4.09893
118	227	4.40935
118	232	3.7289
118	235	4.40763
118	251	4.20927
118	253	4.89334
118	264	5.2518
118	268	5.21911
118	283	5.33099
118	289	5.4318
118	293	6.08016
118	298	6.21984
119	2	3.30231
119	27	3.95208
119	42	3.0402
119	50	3.87223
119	67	2.47678
119	69	3.81425
119	73	3.36549
119	108	3.22929
119	113	4.34874
119	133	4.65646
119	174	4.7804
119	200	4.23063
119	209	4.36249
119	213	5.27733
119	218	5.43006
119	258	5.8666
119	264	5.60007
119	275	5.44585
119	289	5.78007
120	28	2.36574
120	33	3.71591
120	41	3.25513
120	54	3.64758
120	74	3.20956
120	130	3.88819
120	155	4.17147
120	165	3.87048
120	202	4.27559
120	205	4.15436
120	209	4.65746
120	237	4.57701
120	239	4.56794
120	257	5.07595
120	260	4.72497
120	271	5.83992
120	275	5.74082
120	277	5.42904
120	279	5.72543
121	45	3.45959
121	46	3.48136
121	89	3.79457
121	103	3.1423
121	125	3.06641
121	193	3.78851
121	197	3.2087
121	202	4.30243
121	206	4.495
121	210	4.51828
121	226	4.89123
121	232	4.11107
121	241	4.02937
121	245	4.13401
121	252	5.39062
121	264	5.22681
121	272	5.8079
121	283	6.01242
121	296	5.96615
122	26	3.26423
122	41	3.20893
122	48	3.97021
122	59	2.44137
122	71	3.58182
122	93	4.33988
122	128	4.55585
122	143	4.2894
122	158	4.78077
122	178	3.62748
122	187	4.99808
122	206	3.92486
122	211	3.43329
122	218	3.91628
122	249	4.20119
122	273	5.04815
122	287	5.319
122	298	7.62394
122	299	6.26937
123	36	2.29688
123	43	3.35478
123	75	2.62003
123	114	2.55348
123	128	2.98698
123	133	3.7392
123	141	3.66865
123	147	3.46928
123	149	3.23551
123	233	4.44038
123	239	4.6673
123	261	5.49508
123	264	5.45209
123	272	5.62603
123	273	5.34531
123	278	5.06235
123	292	5.80361
123	294	6.48313
123	297	6.53485
124	43	3.26768
124	75	2.64535
124	88	2.30297
124	102	2.75431
124	104	2.88403
124	137	3.19753
124	162	3.31374
124	198	4.01791
124	224	4.52327
124	233	4.4657
124	234	4.3392
124	252	4.55116
124	261	5.5204
124	273	5.37063
124	281	4.8889
124	284	5.84927
124	294	6.50846
124	297	6.56017
124	298	5.77437
125	9	3.07491
125	69	3.73309
125	94	2.64767
125	114	2.95696
125	121	3.06641
125	138	3.45017
125	177	3.29684
125	208	3.89269
125	211	3.70425
125	241	4.56575
125	242	4.38708
125	248	4.83501
125	250	4.61634
125	264	5.67456
125	269	5.53474
125	272	4.79857
125	277	6.42287
125	284	6.15884
125	290	6.04854
126	8	2.94662
126	31	3.07531
126	37	3.1178
126	55	4.41139
126	56	3.90398
126	83	3.24064
126	84	4.25228
126	108	4.10992
126	147	3.59502
126	151	3.40773
126	184	4.51698
126	205	3.89531
126	217	4.17424
126	243	4.90126
126	246	4.37205
126	259	4.82609
126	295	7.01443
126	297	6.84984
126	299	6.23942
127	51	3.06444
127	57	2.95092
127	62	4.52166
127	76	2.77986
127	100	3.86173
127	117	3.80289
127	144	3.41872
127	150	3.86634
127	179	3.48739
127	188	3.47106
127	222	4.47563
127	224	4.76841
127	249	4.38565
127	251	4.94961
127	268	4.98124
127	274	5.64008
127	282	5.90067
127	296	6.26978
127	300	6.29339
128	22	2.94046
128	28	3.4799
128	95	3.96766
128	109	2.91631
128	116	3.68936
128	122	4.55585
128	123	2.98698
128	170	4.2098
128	180	4.02276
128	187	4.04818
128	197	3.98474
128	223	4.55313
128	228	4.91964
128	239	4.44991
128	264	5.77701
128	266	5.67705
128	268	5.67331
128	275	5.62279
128	276	5.40188
129	11	2.64344
129	67	2.8474
129	68	4.73852
129	85	3.66764
129	91	3.48684
129	98	3.17998
129	138	3.73197
129	158	4.21418
129	192	3.85003
129	199	4.57575
129	208	4.17449
129	228	5.11333
129	241	4.84754
129	250	4.89814
129	258	5.19682
129	270	5.16729
129	272	5.08037
129	281	5.66639
129	283	6.04989
129	290	6.33034
130	32	4.19036
130	40	2.82729
130	46	3.59183
130	60	3.61351
130	93	3.89779
130	95	4.47547
130	104	3.82845
130	120	3.88819
130	163	4.70925
130	174	4.0652
130	180	4.53057
130	186	4.67611
130	191	4.36081
130	196	4.71536
130	210	4.22526
130	223	5.06094
130	231	4.92395
130	245	5.77325
130	262	5.52289
130	292	6.58679
131	8	2.52905
131	10	4.00108
131	13	4.1763
131	86	3.95993
131	103	3.77525
131	162	4.36784
131	178	3.45702
131	179	4.29636
131	193	4.57365
131	207	5.00959
131	231	4.09965
131	233	4.86274
131	244	4.53178
131	257	4.39932
131	259	4.40851
131	262	5.70672
131	271	5.1633
131	277	4.75242
131	286	5.59506
131	299	5.82184
132	5	2.91471
132	8	2.87718
132	29	3.06508
132	32	2.34612
132	70	2.7664
132	146	3.71187
132	192	3.81833
132	201	3.92306
132	230	4.38726
132	241	4.81584
132	242	4.63718
132	250	4.86644
132	258	5.25956
132	260	4.86338
132	267	5.67023
132	272	5.04867
132	274	5.79271
132	277	6.78174
132	281	5.63469
132	290	6.29864
133	18	3.33914
133	35	3.29646
133	45	3.64099
133	50	3.83187
133	73	3.32514
133	78	4.45253
133	109	3.66853
133	119	4.65646
133	123	3.7392
133	148	4.5181
133	156	4.53326
133	164	4.60132
133	169	4.97765
133	172	4.11119
133	200	5.15978
133	208	5.07427
133	209	5.29165
133	213	5.23698
133	258	5.82625
133	267	6.16602
134	5	2.52082
134	33	2.62283
134	54	3.0261
134	60	3.57597
134	135	3.8692
134	139	4.20377
134	145	2.95007
134	149	3.74702
134	152	3.45124
134	187	4.43883
134	205	4.79223
134	216	5.01914
134	219	4.12301
134	248	5.01004
134	262	5.78829
134	263	5.78135
134	266	6.09778
134	276	6.01882
134	278	6.19416
134	290	6.20675
135	9	2.9304
135	33	3.11332
135	44	3.38066
135	58	3.38375
135	78	2.9829
135	81	2.39733
135	134	3.8692
135	153	3.91647
135	173	4.22124
135	206	4.40191
135	221	5.81561
135	237	5.04469
135	244	4.73813
135	245	4.40277
135	248	5.50053
135	261	5.52987
135	263	6.27184
135	270	5.09932
135	276	6.50931
135	290	5.91173
136	1	3.88922
136	41	3.89531
136	43	4.01474
136	80	3.33606
136	99	3.09905
136	109	3.71632
136	140	4.05666
136	170	4.20931
136	172	3.69402
136	173	3.78687
136	178	4.31386
136	200	3.7763
136	218	4.60266
136	233	4.5557
136	236	4.59988
136	248	5.2725
136	266	5.84611
136	277	6.86035
136	283	5.56152
136	288	6.41683
137	33	3.54876
137	35	3.82303
137	52	3.29143
137	60	2.81003
137	97	2.96952
137	108	3.35711
137	111	3.69888
137	117	2.86621
137	124	3.19753
137	167	3.65946
137	214	3.9002
137	228	4.87053
137	238	4.9584
137	261	5.90185
137	273	5.75208
137	275	5.57367
137	276	5.35277
137	292	6.07941
137	294	6.8899
137	297	6.94162
138	5	3.63819
138	11	3.33522
138	24	3.58139
138	34	3.46063
138	43	3.46158
138	47	3.29543
138	90	3.78119
138	105	3.53567
138	125	3.45017
138	129	3.73197
138	163	3.46101
138	201	4.64654
138	207	4.70677
138	241	5.53933
138	243	5.06138
138	248	5.27673
138	281	6.35818
138	288	6.01783
138	290	7.02212
138	294	6.08419
139	18	3.05807
139	91	3.21492
139	94	3.65745
139	134	4.20377
139	142	4.60696
139	150	3.6617
139	171	3.10664
139	174	4.07808
139	175	3.64539
139	176	3.00133
139	194	3.91974
139	211	4.25577
139	240	4.78178
139	260	4.96013
139	261	5.87531
139	268	5.61926
139	282	5.69603
139	287	6.03967
139	288	6.1497
139	289	5.95175
140	36	3.46907
140	50	3.55521
140	56	3.35419
140	82	2.89482
140	85	4.0748
140	99	3.42445
140	136	4.05666
140	151	3.92048
140	164	4.49285
140	179	4.55215
140	188	3.79183
140	202	4.17693
140	206	4.3695
140	218	4.42152
140	226	4.76573
140	275	5.7767
140	277	6.67921
140	279	5.82991
140	280	5.96584
140	283	5.88692
141	5	3.30523
141	19	3.01889
141	41	4.24193
141	63	3.14953
141	66	3.70632
141	91	3.84567
141	98	3.66796
141	123	3.66865
141	147	4.47586
141	161	3.86501
141	181	4.32767
141	182	4.7844
141	201	4.31358
141	203	4.9082
141	208	4.53331
141	224	5.61695
141	250	5.25696
141	272	5.4392
141	289	6.63868
141	290	6.68917
142	1	3.52901
142	9	2.61671
142	19	3.16114
142	21	2.60968
142	41	4.38418
142	51	4.08932
142	54	3.20291
142	58	3.07006
142	84	3.14824
142	110	3.43
142	117	4.79368
142	139	4.60696
142	150	4.71468
142	221	5.50192
142	248	5.18685
142	250	5.86356
142	262	5.96509
142	276	6.19562
142	278	6.37096
142	292	6.95244
143	34	2.36048
143	50	3.49669
143	52	3.43594
143	104	3.05419
143	110	3.84162
143	117	4.06515
143	122	4.2894
143	152	4.15384
143	176	2.97085
143	187	3.78173
143	189	3.55756
143	206	4.37159
143	227	4.5971
143	245	4.99899
143	268	5.40686
143	283	5.95159
143	290	5.88141
143	293	6.2679
143	298	6.40759
143	300	6.55565
144	75	2.81075
144	77	3.70315
144	100	3.66173
144	101	4.25008
144	106	3.70777
144	108	3.20091
144	127	3.41872
144	152	4.22801
144	167	3.90702
144	204	4.1269
144	205	4.54106
144	222	4.27563
144	226	4.89333
144	251	4.7496
144	254	4.71537
144	267	5.18294
144	274	5.44008
144	284	6.43084
144	285	6.26966
144	289	5.95638
145	48	3.49806
145	80	2.80033
145	103	3.31377
145	115	4.00564
145	134	2.95007
145	162	3.54813
145	176	3.05606
145	204	4.11082
145	209	3.8337
145	221	4.89647
145	242	5.19315
145	248	4.5814
145	249	4.73313
145	251	4.91509
145	262	5.35965
145	263	5.35271
145	276	5.59017
145	278	5.76552
145	279	5.85661
145	283	6.03681
146	1	2.84864
146	31	3.58659
146	41	3.50737
146	61	3.99371
146	82	3.91159
146	89	4.08116
146	116	3.3883
146	132	3.71187
146	161	3.81326
146	172	4.28531
146	183	4.36751
146	190	4.52748
146	217	4.68552
146	220	5.34852
146	238	5.15106
146	256	4.77068
146	277	5.68128
146	279	5.97766
146	280	5.35508
146	295	6.45429
147	16	2.96966
147	39	2.73389
147	82	3.61126
147	107	3.20072
147	123	3.46928
147	126	3.59502
147	141	4.47586
147	150	4.37306
147	157	3.65439
147	184	4.29558
147	205	4.10626
147	220	5.04819
147	236	5.04554
147	237	4.52891
147	249	4.87269
147	263	4.96164
147	279	5.67733
147	288	6.16084
147	294	6.22721
147	299	6.45037
148	12	1.941
148	46	4.07839
148	55	2.30925
148	56	3.65427
148	59	3.24669
148	68	2.12456
148	80	3.45499
148	85	3.92794
148	133	4.5181
148	165	3.56673
148	200	4.86154
148	217	5.34427
148	232	4.65282
148	257	5.06776
148	270	5.55072
148	275	5.8967
148	284	5.70571
148	291	6.43693
148	296	6.56318
148	300	6.50352
149	51	3.27979
149	56	3.21468
149	83	2.80377
149	86	3.33223
149	114	3.02355
149	123	3.23551
149	134	3.74702
149	151	3.78096
149	186	3.56373
149	193	3.9058
149	225	4.59454
149	234	4.78395
149	242	5.02694
149	247	4.74506
149	261	5.96515
149	273	5.81538
149	278	5.40166
149	289	5.9714
149	291	6.06992
149	294	6.95321
149	297	7.00492
150	15	2.67207
150	53	3.24044
150	54	4.10843
150	55	4.28657
150	65	3.16363
150	67	4.05557
150	74	3.886
150	108	3.64854
150	127	3.86634
150	139	3.6617
150	142	4.71468
150	147	4.37306
150	194	4.372
150	204	4.57452
150	242	5.59141
150	260	5.4124
150	261	5.98303
150	266	6.25592
150	267	5.63056
150	279	6.25487
150	287	6.49194
151	29	3.26332
151	92	3.52778
151	108	3.8609
151	126	3.40773
151	140	3.92048
151	149	3.78096
151	155	3.93608
151	180	4.089
151	183	3.87989
151	196	3.99078
151	199	4.01273
151	202	4.61224
151	203	4.07588
151	216	5.05308
151	244	4.97301
151	264	6.23168
151	269	5.26275
151	271	5.60453
151	279	5.49003
151	295	6.76542
151	297	6.60082
152	33	2.69535
152	58	2.96578
152	82	3.48747
152	117	4.71631
152	134	3.45124
152	143	4.15384
152	144	4.22801
152	153	3.4985
152	160	4.33868
152	184	4.55985
152	190	4.30222
152	191	3.55197
152	213	5.35177
152	217	5.63685
152	220	4.74549
152	248	5.08257
152	250	5.7862
152	255	5.43085
152	262	5.86081
152	276	6.09134
152	278	6.26668
153	14	3.91276
153	42	4.62864
153	54	3.07337
153	58	2.94053
153	64	4.09593
153	92	4.38688
153	110	3.30047
153	114	4.4709
153	135	3.91647
153	152	3.4985
153	160	4.31342
153	167	5.14896
153	176	4.28696
153	206	5.6877
153	209	4.30961
153	214	5.36081
153	221	5.37238
153	243	6.1336
153	248	5.05731
153	276	6.06608
153	278	6.24143
154	24	2.31844
154	36	2.92502
154	62	5.02225
154	167	4.07118
154	168	4.04555
154	186	3.88305
154	189	4.53677
154	202	3.63288
154	203	4.56025
154	205	4.70522
154	222	4.39575
154	225	5.2203
154	226	4.22168
154	236	4.38124
154	252	4.72107
154	256	4.61748
154	280	5.4218
