1	76	2.26503
1	83	2.44803
1	88	2.6935
1	119	2.62926
1	147	3.36709
1	155	3.07878
1	181	4.17597
1	216	3.88144
1	250	4.35934
1	267	4.61444
1	268	4.99269
1	275	4.80353
1	284	4.97356
1	289	4.95739
1	297	4.86662
2	36	2.46535
2	41	2.4707
2	45	2.95745
2	49	2.68065
2	129	3.34794
2	140	3.69614
2	197	3.78297
2	199	3.63394
2	214	4.03417
2	217	3.61756
2	258	4.70167
2	273	4.8503
2	278	5.0634
2	292	5.307
2	296	5.4785
3	25	3.23292
3	83	4.0429
3	90	4.73692
3	110	3.0982
3	115	2.66157
3	123	2.83217
3	168	3.18823
3	181	3.88933
3	218	3.68951
3	232	5.48303
3	241	3.89183
3	251	4.30214
3	264	4.19481
3	271	3.98368
3	291	4.93077
4	64	3.22526
4	70	2.93873
4	85	2.87549
4	93	2.87482
4	105	3.00785
4	155	4.25016
4	181	4.18608
4	188	4.3941
4	194	3.98878
4	199	3.53871
4	225	3.68276
4	256	4.45894
4	274	4.80265
4	287	4.80828
4	292	5.06921
5	48	1.87868
5	49	2.04776
5	62	2.38948
5	76	3.08304
5	95	2.88301
5	186	3.33606
5	201	4.2733
5	227	3.54006
5	254	4.12787
5	260	4.59511
5	275	5.10359
5	287	5.50408
5	289	4.68578
5	295	5.31905
5	298	5.28717
6	10	2.4882
6	11	2.55815
6	17	3.87414
6	58	2.36335
6	72	4.22268
6	73	2.97916
6	99	2.73044
6	110	3.671
6	126	3.28095
6	133	3.15536
6	248	4.27606
6	265	5.07513
6	278	5.10167
6	292	5.34527
6	293	6.95274
7	57	2.84503
7	173	3.46327
7	175	1.99971
7	183	3.35118
7	189	3.27351
7	204	2.35843
7	234	4.19128
7	238	3.99033
7	252	4.36751
7	256	4.33298
7	258	4.15331
7	260	4.59946
7	285	4.74109
7	296	4.93013
7	299	5.50272
8	12	3.42744
8	13	2.27003
8	18	2.29503
8	44	2.72923
8	120	4.14799
8	131	2.91593
8	135	3.21929
8	183	4.41096
8	213	3.87774
8	216	3.95853
8	234	4.38423
8	245	5.46521
8	256	4.52593
8	286	5.35493
8	292	5.13619
9	75	3.01493
9	106	3.58072
9	110	3.10867
9	125	2.7413
9	153	4.05611
9	154	2.68402
9	168	4.00227
9	189	3.1132
9	208	5.72894
9	212	3.69848
9	237	3.93936
9	276	4.54326
9	278	4.53933
9	282	4.33818
9	291	4.94124
10	6	2.4882
10	18	2.42984
10	40	2.82499
10	55	2.88251
10	93	3.51013
10	104	3.26808
10	122	3.28961
10	196	3.83159
10	209	3.75253
10	228	4.28152
10	232	4.80444
10	247	4.63541
10	251	5.11364
10	262	4.60216
10	300	6.33244
11	6	2.55815
11	14	1.86682
11	27	2.79466
11	35	2.78545
11	36	2.51445
11	70	3.22562
11	135	3.4392
11	156	3.91488
11	227	3.95727
11	242	4.38251
11	255	4.82273
11	265	5.08596
11	284	5.27056
11	286	5.57483
11	292	5.8903
12	8	3.42744
12	35	2.17187
12	51	3.43642
12	53	2.05755
12	181	3.85938
12	197	3.21849
12	224	3.40726
12	226	3.43908
12	231	3.73708
12	245	5.17843
12	263	4.46178
12	272	5.37339
12	282	4.29776
12	283	4.92044
12	298	5.09079
13	8	2.27003
13	107	3.12025
13	127	3.09942
13	169	3.87884
13	185	2.00311
13	201	3.7382
13	212	4.19261
13	228	3.32112
13	230	4.15266
13	247	4.62633
13	252	3.298
13	270	4.67752
13	277	4.1375
13	297	5.74665
13	299	5.83653
14	11	1.86682
14	139	2.89463
14	149	2.92447
14	194	3.23143
14	197	3.12991
14	204	2.78986
14	238	4.42176
14	244	3.79888
14	257	4.02789
14	260	4.31015
14	279	4.85722
14	281	4.56912
14	290	4.90808
14	296	5.36156
14	298	5.00221
15	85	2.67403
15	91	2.88634
15	122	2.87121
15	141	3.08702
15	151	2.5212
15	152	3.18054
15	190	3.28843
15	207	4.12328
15	221	4.43543
15	239	3.77818
15	268	4.52778
15	284	4.7822
15	291	5.02605
15	298	5.21602
15	300	5.71322
16	43	2.50325
16	53	1.63111
16	69	3.15449
16	99	2.17785
16	100	3.15009
16	159	3.35967
16	214	4.02738
16	224	3.96495
16	253	4.71727
16	260	3.92663
16	274	4.52922
16	277	5.0147
16	284	5.21466
16	290	5.55434
16	298	5.17167
17	6	3.87414
17	21	3.63086
17	71	2.96571
17	122	2.90137
17	126	2.83359
17	156	3.34414
17	167	3.45583
17	174	3.74364
17	205	3.50275
17	207	3.88326
17	232	4.4162
17	245	3.85188
17	257	4.27186
17	267	4.45325
17	293	6.96842
18	8	2.29503
18	10	2.42984
18	42	2.58302
18	52	2.85999
18	107	3.14525
18	123	3.36176
18	207	3.64427
18	221	3.95642
18	238	4.33403
18	241	4.42142
18	245	4.25603
18	276	5.06238
18	283	4.84519
18	291	5.46036
18	293	5.46439
19	65	0.961632
19	104	3.29168
19	116	3.39152
19	134	3.24559
19	165	2.431
19	201	3.77089
19	206	4.15294
19	239	4.22018
19	240	3.7364
19	246	4.49006
19	256	4.69948
19	258	4.40021
19	268	5.21378
19	272	4.99643
19	297	5.08771
20	43	4.52248
20	67	2.3176
20	83	1.92146
20	87	2.34094
20	94	2.15987
20	114	5.70814
20	124	2.11927
20	208	3.42696
20	222	7.16025
20	259	4.13843
20	265	4.26239
20	276	4.29285
20	279	4.28714
20	288	4.48316
20	295	4.91269
21	17	3.63086
21	71	2.70675
21	94	2.38575
21	110	3.08414
21	129	2.79934
21	163	2.62056
21	208	3.65283
21	220	3.52053
21	225	3.37196
21	227	4.85382
21	268	4.41844
21	277	4.4729
21	287	5.3236
21	288	6.23476
21	290	5.01255
22	51	2.48254
22	57	3.27237
22	60	2.83262
22	70	3.2401
22	98	2.83847
22	129	3.69431
22	140	3.38956
22	185	3.83696
22	187	4.38077
22	204	4.01702
22	210	3.73804
22	233	4.57495
22	251	4.90027
22	271	5.9891
22	282	4.92583
23	34	3.21138
23	50	4.34195
23	78	2.74303
23	117	4.15392
23	118	2.57953
23	142	3.28709
23	155	2.89912
23	162	5.67452
23	193	3.45951
23	197	3.3554
23	219	3.71532
23	233	4.0838
23	237	4.03586
23	283	5.05736
23	287	5.44463
24	54	2.58876
24	112	2.24674
24	143	2.55374
24	144	3.03451
24	172	3.1045
24	193	4.08446
24	208	3.52124
24	235	4.62104
24	246	3.80712
24	262	3.94282
24	264	4.04916
24	275	4.37124
24	286	4.84554
24	290	6.14439
24	299	5.18628
25	3	3.23292
25	75	3.65367
25	81	3.1735
25	85	3.11613
25	86	2.6225
25	122	3.31694
25	156	3.28916
25	181	4.53853
25	187	3.86586
25	191	4.10296
25	216	4.244
25	234	4.43526
25	254	4.61064
25	258	4.51213
25	281	5.33685
26	40	2.67077
26	84	2.91873
26	107	3.12581
26	112	2.75185
26	143	3.05886
26	180	3.45941
26	208	4.02635
26	211	3.71507
26	239	4.04236
26	240	4.28692
26	241	4.19354
26	250	4.47314
26	263	4.85119
26	289	4.87881
26	293	5.65272
27	11	2.79466
27	57	3.02282
27	75	3.35303
27	84	2.99674
27	211	3.70418
27	212	4.4999
27	216	3.94337
27	219	3.95691
27	230	3.99664
27	233	4.32539
27	253	4.42227
27	255	4.48964
27	258	4.2115
27	260	4.77725
27	262	4.43705
27	288	5.07166
28	45	3.42984
28	58	3.29698
28	74	3.44544
28	78	2.99679
28	92	3.43755
28	94	3.2933
28	101	3.86874
28	140	4.16852
28	158	4.27239
28	164	3.93356
28	176	4.03661
28	181	4.89626
28	184	3.88226
28	203	3.80767
28	211	5.21353
28	286	5.99812
29	41	3.34234
29	133	2.80523
29	134	4.73756
29	153	2.87485
29	155	3.01483
29	157	3.4967
29	174	3.84088
29	189	3.32541
29	203	3.59838
29	224	4.85208
29	235	4.01211
29	240	4.15013
29	247	4.34441
29	259	4.60104
29	274	4.72858
29	286	6.30321
30	49	3.45465
30	78	2.68608
30	86	3.28183
30	88	3.7154
30	115	3.9701
30	127	3.90336
30	129	4.12193
30	130	3.85568
30	161	4.12769
30	176	4.33822
30	179	4.45053
30	183	3.93028
30	184	3.57155
30	226	4.77756
30	237	5.23742
30	287	4.55403
31	69	3.30799
31	71	3.57167
31	103	3.43737
31	106	2.57313
31	109	3.33888
31	135	3.5368
31	153	3.04853
31	168	2.99469
31	202	3.72596
31	203	4.05694
31	208	4.72136
31	216	4.27604
31	234	4.70174
31	257	4.82765
31	294	5.80796
31	299	6.01317
32	53	1.93439
32	82	3.15946
32	90	2.74811
32	100	3.4019
32	109	3.4372
32	134	3.48786
32	140	3.94115
32	160	3.47259
32	172	2.85064
32	260	4.22991
32	267	5.10736
32	268	5.21205
32	274	4.8325
32	279	5.30663
32	294	5.51594
32	295	5.36367
33	66	2.85177
33	77	1.91917
33	113	3.1843
33	121	3.23443
33	133	3.50589
33	140	3.70548
33	149	3.58687
33	173	3.83636
33	181	3.84299
33	208	4.79644
33	226	4.0129
33	242	4.34276
33	262	5.09372
33	279	5.07095
33	283	5.49426
33	291	5.47465
34	23	3.21138
34	44	2.80816
34	106	3.32235
34	123	3.27482
34	140	1.98438
34	181	4.33198
34	188	3.53544
34	204	3.86155
34	210	3.58258
34	213	3.95666
34	269	4.65971
34	271	4.58391
34	273	4.77961
34	280	4.74828
34	287	5.78031
34	295	5.59527
35	11	2.78545
35	12	2.17187
35	80	3.46754
35	89	3.96318
35	121	3.49066
35	142	3.98023
35	182	3.80536
35	194	4.15007
35	202	3.59885
35	215	4.03689
35	244	4.71751
35	249	4.05009
35	251	4.07443
35	252	4.99684
35	269	4.70804
35	295	5.95273
36	2	2.46535
36	11	2.51445
36	61	2.6997
36	83	2.6905
36	91	4.53916
36	95	3.47672
36	100	3.15146
36	112	4.30174
36	167	3.85949
36	169	3.90335
36	175	3.69619
36	184	5.22904
36	191	5.12576
36	286	5.5203
36	288	5.2522
36	290	5.55571
37	63	1.69877
37	67	2.83155
37	128	2.89067
37	181	4.16335
37	195	2.54602
37	201	3.50763
37	229	4.14571
37	251	4.57616
37	254	4.23546
37	255	4.2998
37	263	4.76575
37	268	5.04729
37	278	4.80287
37	280	4.57965
37	289	5.01199
37	297	4.92122
38	41	2.25544
38	77	2.72619
38	86	4.02606
38	139	3.44504
38	165	3.37543
38	195	3.65694
38	205	3.69658
38	212	4.0073
38	214	3.81892
38	223	3.65003
38	240	4.68083
38	259	4.69764
38	270	4.32341
38	281	5.00693
38	283	5.26967
38	290	5.34588
39	55	1.78626
39	71	3.04576
39	95	3.10295
39	156	3.37402
39	180	3.25528
39	194	3.32803
39	230	4.54418
39	232	4.44608
39	235	3.94475
39	264	4.35014
39	266	4.33343
39	269	4.06325
39	276	5.20362
39	283	5.10571
39	290	5.18193
39	292	4.92779
40	10	2.82499
40	26	2.67077
40	43	2.88512
40	68	3.23664
40	93	3.48767
40	94	2.28391
40	107	3.52526
40	179	3.75184
40	182	3.91486
40	211	4.20413
40	248	4.61286
40	266	4.04125
40	276	4.91144
40	283	5.85999
40	290	5.93621
40	291	5.84037
41	2	2.4707
41	29	3.34234
41	38	2.25544
41	66	2.84235
41	101	3.39627
41	176	3.56414
41	177	2.60828
41	209	3.47793
41	212	4.22247
41	245	4.26089
41	252	4.40774
41	254	5.33047
41	260	4.96313
41	268	4.96695
41	299	5.86639
41	300	5.98752
42	18	2.58302
42	65	3.34321
42	75	3.74808
42	103	3.49975
42	124	2.7868
42	134	3.45193
42	140	3.90522
42	161	3.56277
42	199	3.98558
42	206	3.76027
42	215	3.9804
42	235	4.82313
42	249	5.24248
42	260	5.17229
42	264	4.93843
42	272	5.20276
43	16	2.50325
43	20	4.52248
43	40	2.88512
43	95	3.52142
43	109	3.23145
43	151	2.99972
43	187	2.81777
43	206	4.18947
43	207	4.33162
43	222	2.60111
43	262	4.66229
43	273	4.6218
43	277	5.06077
43	284	4.64588
43	291	5.50458
43	299	5.90574
44	8	2.72923
44	34	2.80816
44	65	3.56339
44	77	3.3707
44	109	3.62144
44	125	3.69463
44	141	3.95554
44	150	2.82845
44	169	4.33805
44	178	4.29605
44	219	3.94737
44	223	3.91982
44	239	4.27505
44	277	4.26752
44	295	6.11642
44	299	6.29573
45	2	2.95745
45	28	3.42984
45	62	3.24426
45	85	3.59996
45	136	3.48871
45	174	4.63941
45	175	4.1883
45	184	4.15235
45	196	4.33912
45	215	3.2464
45	219	3.90313
45	223	3.87558
45	234	5.04171
45	267	3.98182
45	277	4.22327
45	281	5.70886
46	50	2.71596
46	64	3.60542
46	73	3.08327
46	104	3.43132
46	132	1.95773
46	158	3.94238
46	185	3.91576
46	198	3.74381
46	225	3.63764
46	230	4.32498
46	261	4.65404
46	263	3.90679
46	274	4.58292
46	284	5.36384
46	295	5.11409
46	299	6.00885
47	85	2.54077
47	92	2.39265
47	110	3.06022
47	118	4.02534
47	157	3.23605
47	178	3.75551
47	207	3.71984
47	208	5.16792
47	213	3.47603
47	236	3.97749
47	252	4.15876
47	259	4.34039
47	265	4.46435
47	285	4.53233
47	293	4.89683
47	294	6.25452
48	5	1.87868
48	85	2.88929
48	87	2.29122
48	115	3.082
48	123	3.14272
48	199	3.80699
48	205	3.68785
48	233	4.28737
48	258	4.87472
48	259	4.68891
48	260	4.73923
48	269	4.21848
48	279	5.1472
48	285	4.88085
48	286	5.30175
48	292	5.08301
49	2	2.68065
49	5	2.04776
49	30	3.45465
49	88	3.15128
49	103	3.50054
49	133	3.32696
49	205	4.12171
49	212	3.90986
49	213	4.25842
49	230	4.39248
49	257	3.94806
49	272	5.20356
49	275	4.33733
49	279	5.27149
49	284	5.43133
49	292	4.96717
50	23	4.34195
50	46	2.71596
50	62	2.71965
50	91	3.4284
50	92	2.37405
50	101	3.49915
50	119	3.20781
50	162	3.87268
50	171	3.46871
50	209	3.87619
50	229	4.50904
50	240	4.56479
50	270	4.64147
50	273	5.91018
50	277	5.1243
50	298	5.75808
51	12	3.43642
51	22	2.48254
51	65	3.08231
51	69	3.10946
51	106	3.36241
51	144	3.66288
51	145	3.26748
51	188	4.62951
51	193	3.83525
51	198	3.5496
51	225	3.86873
51	246	4.43549
51	269	4.39064
51	276	6.09979
51	287	5.0437
51	296	5.74697
52	18	2.85999
52	111	2.83434
52	128	3.54535
52	145	3.71346
52	154	2.43625
52	159	3.76061
52	163	3.56331
52	167	4.25907
52	184	4.05983
52	221	4.1313
52	234	4.94919
52	242	4.72757
52	261	4.29097
52	266	5.22214
52	291	4.74634
52	299	4.90835
53	12	2.05755
53	16	1.63111
53	32	1.93439
53	54	2.71746
53	70	3.32778
53	135	3.54136
53	146	3.5536
53	221	3.88841
53	225	4.73397
53	230	4.33386
53	232	4.97655
53	243	4.57656
53	273	5.00155
53	284	5.37271
53	287	6.02345
53	298	6.3217
54	24	2.58876
54	53	2.71746
54	57	3.30421
54	95	3.57758
54	106	3.50966
54	146	3.49776
54	161	3.44912
54	172	3.88011
54	185	3.8688
54	246	4.58274
54	251	4.22324
54	275	5.14685
54	280	4.81469
54	281	4.34496
54	283	5.05303
54	287	5.96761
54	291	5.56073
55	10	2.88251
55	39	1.78626
55	56	3.00806
55	91	2.32158
55	117	3.52771
55	172	4.21727
55	173	3.67554
55	188	3.57976
55	198	4.03401
55	218	4.65664
55	248	4.67038
55	263	5.45885
55	265	5.46944
55	272	4.61939
55	275	5.48401
55	276	5.05004
55	281	5.65477
56	55	3.00806
56	103	3.39536
56	106	3.51893
56	117	3.19982
56	119	3.26681
56	151	3.21978
56	153	3.2914
56	174	4.25742
56	178	3.97148
56	199	3.88119
56	237	3.41893
56	252	4.83596
56	263	5.13096
56	268	5.63023
56	285	5.20953
56	288	5.36232
56	297	5.50417
57	7	2.84503
57	22	3.27237
57	27	3.02282
57	54	3.30421
57	93	3.85061
57	150	3.69691
57	168	4.46077
57	170	4.36132
57	174	4.89074
57	176	4.30223
57	178	4.60479
57	192	4.56326
57	215	4.15911
57	224	3.72523
57	228	4.31959
57	239	5.14352
57	280	5.57817
58	6	2.36335
58	28	3.29698
58	90	2.8569
58	99	3.04598
58	101	3.75016
58	148	3.74862
58	158	4.15382
58	188	3.98114
58	197	3.95416
58	199	4.13031
58	221	4.09096
58	250	4.27806
58	255	4.91413
58	256	5.05055
58	288	4.98293
58	293	5.45763
58	295	6.04097
59	67	2.72121
59	130	2.71082
59	190	3.35682
59	195	3.65643
59	217	3.47483
59	220	3.26356
59	228	3.93151
59	235	3.9531
59	238	4.39596
59	258	4.55894
59	263	4.6554
59	265	4.66599
59	273	4.47943
59	282	4.49138
59	286	5.15487
59	296	5.33577
59	298	5.28441
60	22	2.83262
60	81	2.46402
60	93	3.41086
60	120	3.14982
60	124	3.192
60	164	3.75942
60	166	3.28197
60	176	3.86248
60	201	4.0664
60	216	4.38966
60	221	4.03541
60	234	4.85329
60	248	4.91499
60	262	4.92127
60	273	5.14855
60	286	5.82399
60	291	5.95724
61	36	2.6997
61	70	2.77554
61	79	3.10684
61	98	3.00923
61	101	3.6307
61	107	4.47325
61	147	3.84934
61	159	4.12619
61	187	3.98555
61	195	4.26165
61	223	4.09964
61	236	4.78435
61	238	4.57333
61	248	4.47214
61	252	4.96561
61	254	4.73033
61	288	6.52545
62	5	2.38948
62	45	3.24426
62	50	2.71965
62	78	3.45741
62	114	2.61693
62	129	3.59923
62	155	3.61349
62	161	3.6405
62	164	3.74798
62	180	3.92129
62	208	4.48824
62	252	5.01807
62	255	4.84713
62	269	5.96982
62	276	5.35413
62	284	6.11381
62	289	5.34069
63	37	1.69877
63	64	3.47535
63	70	3.18882
63	110	3.51287
63	125	3.27767
63	152	3.25132
63	178	3.87909
63	181	4.43617
63	196	3.86475
63	203	3.92254
63	219	4.15519
63	240	5.09013
63	247	4.1874
63	280	4.85247
63	288	5.26993
63	289	6.53221
63	293	5.48164
64	4	3.22526
64	46	3.60542
64	63	3.47535
64	80	3.51987
64	97	3.62435
64	98	1.87827
64	134	3.08597
64	135	3.59231
64	170	4.61558
64	194	4.87676
64	204	4.9457
64	205	4.04546
64	225	4.91282
64	228	3.79485
64	239	4.61877
64	260	5.95548
64	292	6.29926
65	19	0.961632
65	42	3.34321
65	44	3.56339
65	51	3.08231
65	86	3.53173
65	141	4.18963
65	146	2.16935
65	163	3.06292
65	179	4.01737
65	191	4.65165
65	217	4.75417
65	227	4.57152
65	243	5.07905
65	254	5.15933
65	268	5.66388
65	289	5.62858
65	300	6.65095
66	33	2.85177
66	41	2.84235
66	92	3.33681
66	100	3.52854
66	103	3.66232
66	104	2.86064
66	109	3.56383
66	137	3.13587
66	163	3.54081
66	184	4.03733
66	215	4.14297
66	216	4.1626
66	246	4.95896
66	274	5.41209
66	286	5.89739
66	287	6.24384
66	299	5.89219
67	20	2.3176
67	37	2.83155
67	59	2.72121
67	84	3.71509
67	88	3.23262
67	90	3.12438
67	137	3.70809
67	148	4.0161
67	176	4.20024
67	225	4.54185
67	240	5.08328
67	255	5.18161
67	256	4.07892
67	275	5.67272
67	281	4.40286
67	283	5.11094
67	286	6.14703
68	40	3.23664
68	80	2.9184
68	83	3.66514
68	87	3.50621
68	93	3.5034
68	108	2.95793
68	121	3.61588
68	135	3.7809
68	148	3.91308
68	161	4.43906
68	174	3.85734
68	189	4.02807
68	233	4.90216
68	251	5.22748
68	255	5.17586
68	264	5.12015
68	299	6.25727
69	16	3.15449
69	31	3.30799
69	51	3.10946
69	70	3.86703
69	76	3.20344
69	89	3.15694
69	100	2.45289
69	115	3.88662
69	120	3.54208
69	189	3.20472
69	211	4.58065
69	247	5.34678
69	253	5.41458
69	271	4.98961
69	273	5.18531
69	284	5.2094
69	296	6.4893
70	4	2.93873
70	11	3.22562
70	22	3.2401
70	53	3.32778
70	61	2.77554
70	63	3.18882
70	69	3.86703
70	72	3.09234
70	106	4.11998
70	173	4.53276
70	188	4.33306
70	210	4.70757
70	249	5.31871
70	250	4.64283
70	251	5.54242
70	253	5.42981
70	293	5.8224
71	17	2.96571
71	21	2.70675
71	31	3.57167
71	39	3.04576
71	73	3.89508
71	74	3.92725
71	79	2.151
71	115	4.1503
71	119	4.0592
71	141	4.48047
71	144	4.66889
71	162	3.95401
71	210	4.92947
71	241	4.58513
71	254	5.45017
71	270	5.49286
71	288	5.56961
71	296	6.75298
72	6	4.22268
72	70	3.09234
72	73	3.17917
72	89	2.70471
72	98	3.01317
72	99	2.93045
72	125	3.60443
72	137	3.32507
72	150	3.54637
72	172	4.02297
72	216	4.36762
72	232	5.06357
72	233	4.74964
72	241	5.85778
72	250	6.13738
72	272	5.23197
72	278	5.30168
72	297	6.01488
73	6	2.97916
73	46	3.08327
73	71	3.89508
73	72	3.17917
73	90	4.39058
73	126	4.18256
73	137	3.5569
73	142	4.18476
73	144	4.18481
73	158	4.27011
73	182	4.10542
73	193	4.35718
73	208	4.67154
73	222	4.50805
73	232	5.13669
73	250	5.07735
73	253	5.1399
73	274	5.51055
74	28	3.44544
74	71	3.92725
74	89	3.5145
74	91	3.82787
74	109	1.82241
74	120	3.35384
74	151	3.46273
74	183	4.21721
74	200	3.945
74	225	4.42283
74	231	3.78328
74	246	4.98959
74	280	4.21719
74	282	5.36452
74	290	4.70541
74	295	6.18944
74	296	6.30107
74	300	4.84455
75	9	3.01493
75	25	3.65367
75	27	3.35303
75	42	3.74808
75	115	4.26433
75	131	1.70382
75	135	3.81407
75	138	4.5238
75	160	4.2958
75	186	4.77239
75	190	4.79591
75	214	3.95329
75	226	5.07179
75	239	4.84053
75	252	3.99349
75	266	5.89621
75	267	4.59154
75	272	6.06191
76	1	2.26503
76	5	3.08304
76	69	3.20344
76	87	3.15756
76	135	3.43225
76	156	4.02703
76	157	3.85071
76	210	3.71661
76	238	4.38113
76	249	4.65512
76	252	4.77342
76	253	4.86752
76	255	4.93489
76	256	4.73889
76	260	5.00537
76	268	5.00919
76	281	5.26434
76	292	6.00246
77	33	1.91917
77	38	2.72619
77	44	3.3707
77	91	3.79626
77	135	3.86076
77	138	3.01164
77	149	4.04819
77	153	2.92882
77	191	4.45896
77	192	4.47349
77	214	4.50484
77	238	4.80964
77	241	4.89703
77	262	4.89893
77	272	5.46435
77	285	5.57551
77	293	5.94
77	294	5.68825
78	23	2.74303
78	28	2.99679
78	30	2.68608
78	62	3.45741
78	114	3.61627
78	120	3.60054
78	122	4.01028
78	145	4.01912
78	150	4.00791
78	155	3.92913
78	180	4.3343
78	199	4.47632
78	242	4.59466
78	253	5.42389
78	262	5.32284
78	272	5.11271
78	280	5.53999
78	296	6.49861
79	61	3.10684
79	71	2.151
79	107	3.6268
79	123	3.52237
79	126	3.39834
79	170	3.58091
79	178	4.02245
79	186	3.85982
79	189	3.79293
79	206	4.30586
79	218	4.37971
79	227	4.29807
79	232	4.98095
79	244	4.6076
79	257	4.83661
79	293	6.15371
79	297	5.93225
79	298	5.81093
80	35	3.46754
80	64	3.51987
80	68	2.9184
80	84	3.15062
80	128	3.20802
80	144	3.77152
80	147	4.81931
80	152	4.77844
80	159	3.42328
80	226	4.06039
80	241	4.48319
80	253	4.78089
80	256	5.89009
80	257	4.73777
80	259	5.9051
80	264	4.78617
80	266	4.88481
80	276	5.12415
80	278	5.12022
81	25	3.1735
81	60	2.46402
81	85	3.70133
81	95	4.07021
81	101	3.9844
81	111	3.3588
81	121	3.81314
81	132	3.42147
81	143	3.51359
81	146	3.99039
81	147	4.20304
81	215	4.35937
81	261	4.81543
81	273	5.43835
81	280	5.42822
81	284	5.80951
81	291	5.2708
81	299	5.43281
81	300	6.57565
82	32	3.15946
82	104	2.61149
82	107	3.59386
82	123	3.81037
82	132	3.27708
82	143	3.72382
82	170	4.06698
82	192	4.26893
82	203	4.35391
82	226	4.32206
82	230	4.62627
82	240	4.90566
82	246	4.7098
82	247	5.09994
82	248	4.43878
82	261	5.02566
82	272	5.43735
82	281	5.66585
82	288	5.7013
83	1	2.44803
83	3	4.0429
83	20	1.92146
83	36	2.6905
83	68	3.66514
83	136	3.93214
83	148	3.74422
83	170	3.84846
83	171	4.18628
83	186	3.92932
83	234	5.24523
83	246	4.71247
83	252	4.95642
83	267	5.08749
83	272	5.21884
83	279	5.28677
83	286	5.75088
83	295	5.91231
83	300	6.21275
84	26	2.91873
84	27	2.99674
84	67	3.71509
84	80	3.15062
84	96	2.98329
84	123	3.98973
84	161	4.28802
84	182	3.92296
84	191	4.61132
84	195	4.65032
84	196	4.47547
84	232	4.95423
84	235	4.94698
84	238	4.962
84	240	5.08501
84	248	4.86081
84	271	5.14124
84	278	5.70681
84	280	5.46319
85	4	2.87549
85	15	2.67403
85	25	3.11613
85	45	3.59996
85	47	2.54077
85	48	2.88929
85	81	3.70133
85	126	4.41211
85	147	4.25749
85	170	4.26581
85	179	3.99652
85	208	4.84393
85	229	5.04874
85	232	5.36625
85	235	4.96646
85	257	5.48529
85	274	5.68294
85	292	6.50439
85	300	6.6301
86	25	2.6225
86	30	3.28183
86	38	4.02606
86	65	3.53173
86	88	2.97845
86	98	2.81193
86	138	3.49263
86	144	4.36028
86	190	3.76474
86	195	5.28261
86	205	3.94888
86	211	3.92719
86	257	4.718
86	271	4.55527
86	274	5.07749
86	281	5.25924
86	293	5.50638
86	297	7.65781
86	300	6.02465
87	20	2.34094
87	48	2.29122
87	68	3.50621
87	76	3.15756
87	115	3.51189
87	133	3.76171
87	175	3.15102
87	177	3.94837
87	181	5.0685
87	199	4.23688
87	201	4.41278
87	230	4.82723
87	231	4.94619
87	267	5.50697
87	268	5.61166
87	270	5.18329
87	279	5.57709
87	289	5.69851
87	296	6.08144
88	1	2.6935
88	30	3.7154
88	49	3.15128
88	67	3.23262
88	86	2.97845
88	89	5.53943
88	132	3.30404
88	140	4.16676
88	148	3.86543
88	178	4.33741
88	207	5.27954
88	221	5.59169
88	222	4.50856
88	227	4.37879
88	234	5.02566
88	235	5.20699
88	266	5.29861
88	270	5.00929
88	278	5.53402
89	35	3.96318
89	69	3.15694
89	72	2.70471
89	74	3.5145
89	88	5.53943
89	122	3.30611
89	139	3.54334
89	143	3.22958
89	147	5.31496
89	150	3.30374
89	190	3.72334
89	194	3.88014
89	221	6.52897
89	263	5.02191
89	273	4.84595
89	276	5.06297
89	278	5.05904
89	294	5.26657
89	299	5.86212
90	3	4.73692
90	32	2.74811
90	58	2.8569
90	67	3.12438
90	73	4.39058
90	148	4.43824
90	149	3.60984
90	171	4.8803
90	186	3.73648
90	191	4.0206
90	192	3.85757
90	220	4.10143
90	237	4.49574
90	251	4.86899
90	267	4.89465
90	277	5.05381
90	278	6.38302
90	283	5.51723
90	289	5.0862
91	15	2.88634
91	36	4.53916
91	50	3.4284
91	55	2.32158
91	74	3.82787
91	77	3.79626
91	133	3.9719
91	149	4.43235
91	150	4.16291
91	152	4.09383
91	167	4.71973
91	183	4.0591
91	191	3.59709
91	211	5.03164
91	236	5.40481
91	249	5.46778
91	270	5.39348
91	272	5.3083
91	286	6.38055
92	28	3.43755
92	47	2.39265
92	50	2.37405
92	66	3.33681
92	95	3.97653
92	139	4.04207
92	147	4.10937
92	149	3.60736
92	162	3.70662
92	189	3.76352
92	221	4.23153
92	232	5.31967
92	251	5.33106
92	262	5.11739
92	269	5.62421
92	276	5.5617
92	277	5.51588
92	284	5.7682
92	285	5.59922
93	4	2.87482
93	10	3.51013
93	40	3.48767
93	57	3.85061
93	60	3.41086
93	68	3.5034
93	102	3.39128
93	136	3.64386
93	158	4.44183
93	176	5.01479
93	192	4.46708
93	194	4.52632
93	228	4.9442
93	231	5.25323
93	239	4.85926
93	243	5.05752
93	256	4.89347
93	282	5.50407
93	290	6.17536
94	20	2.15987
94	21	2.38575
94	28	3.2933
94	40	2.28391
94	101	3.85991
94	139	4.01126
94	155	4.22565
94	171	3.82947
94	199	4.24006
94	205	4.3754
94	230	5.18042
94	235	4.78753
94	242	4.89118
94	248	4.70135
94	266	4.96968
94	288	5.7212
94	289	5.51745
94	296	6.26236
94	298	6.11884
95	5	2.88301
95	36	3.47672
95	39	3.10295
95	43	3.52142
95	54	3.57758
95	81	4.07021
95	92	3.97653
95	122	3.85478
95	135	4.40147
95	147	4.62636
95	156	3.827
95	158	4.81138
95	160	3.72191
95	179	4.3654
95	212	4.74512
95	256	5.70811
95	274	6.05182
95	292	5.80242
95	294	6.2823
96	84	2.98329
96	109	3.2824
96	116	3.47899
96	149	3.66774
96	164	3.55138
96	182	3.37433
96	191	4.07851
96	201	4.08362
96	234	4.71442
96	238	4.42919
96	240	4.55221
96	250	4.69746
96	257	4.52464
96	265	5.12707
96	269	4.53268
96	271	4.60843
96	278	5.15818
96	296	5.88901
96	300	6.07781
97	64	3.62435
97	112	3.08824
97	119	3.26631
97	130	3.38823
97	142	3.87596
97	153	3.34801
97	170	3.78462
97	175	3.86293
97	185	3.93469
97	195	4.1886
97	198	4.34099
97	255	4.72163
97	259	5.12663
97	260	5.12452
97	270	4.69997
97	273	5.0116
97	281	5.43556
97	294	5.43223
97	300	6.53264
98	22	2.83847
98	61	3.00923
98	64	1.87827
98	72	3.01317
98	86	2.81193
98	123	3.8535
98	202	3.88337
98	214	4.55506
98	218	4.52816
98	220	4.37322
98	223	5.08706
98	251	5.14078
98	254	5.51798
98	256	5.00084
98	268	5.27114
98	270	5.97477
98	274	5.34454
98	275	5.35553
98	297	6.0807
98	298	5.95938
99	6	2.73044
99	16	2.17785
99	58	3.04598
99	72	2.93045
99	122	3.53185
99	144	3.93609
99	186	3.36411
99	212	4.44394
99	232	5.04668
99	234	4.77643
99	236	4.39909
99	243	5.12329
99	244	4.89946
99	247	4.87766
99	259	5.13429
99	261	4.73305
99	277	5.24289
99	287	6.09358
99	298	6.86843
99	299	6.08786
100	16	3.15009
100	32	3.4019
100	36	3.15146
100	66	3.52854
100	69	2.45289
100	128	2.88782
100	132	3.51952
100	140	3.75259
100	142	4.40076
100	168	4.40888
100	187	4.74379
100	200	4.12884
100	232	5.5114
100	244	5.13805
100	250	5.29335
100	262	5.30912
100	266	5.51409
100	269	6.42792
100	284	6.57191
100	291	6.15142
101	28	3.86874
101	41	3.39627
101	50	3.49915
101	58	3.75016
101	61	3.6307
101	81	3.9844
101	94	3.85991
101	147	3.49874
101	156	4.6788
101	157	3.70404
101	193	3.79148
101	195	4.95287
101	200	4.3683
101	204	4.879
101	250	5.53281
101	251	4.77174
101	266	5.75355
101	285	5.08375
101	286	6.4513
101	300	5.99054
102	93	3.39128
102	108	3.04917
102	129	3.62661
102	133	4.3073
102	149	3.8562
102	152	3.51768
102	166	3.48843
102	168	3.87118
102	171	3.64458
102	178	4.18543
102	192	5.46969
102	205	4.19051
102	238	4.61765
102	242	4.61209
102	249	4.89164
102	262	5.89513
102	278	5.34207
102	283	5.76359
102	292	5.58567
102	296	6.07746
103	31	3.43737
103	42	3.49975
103	49	3.50054
103	56	3.39536
103	66	3.66232
103	106	4.23413
103	128	3.97109
103	158	4.61989
103	172	3.52579
103	183	4.53482
103	196	4.67234
103	208	5.02132
103	234	5.37493
103	236	3.68076
103	260	4.90506
103	263	4.83152
103	264	4.38931
103	274	5.50765
103	283	6.30481
103	290	6.38103
104	10	3.26808
104	19	3.29168
104	46	3.43132
104	66	2.86064
104	82	2.61149
104	111	3.98248
104	141	4.34443
104	144	4.53286
104	157	4.62672
104	159	4.18462
104	162	3.81798
104	175	4.51978
104	204	4.77159
104	208	5.01959
104	261	5.43911
104	266	5.64614
104	271	5.33637
104	272	5.81184
104	291	5.89448
104	299	6.05649
105	4	3.00785
105	110	4.40759
105	116	4.16363
105	129	4.12279
105	131	3.86159
105	148	4.16966
105	160	4.00243
105	164	4.23602
105	170	3.09876
105	197	4.1681
105	198	4.37628
105	208	4.97628
105	220	4.84398
105	223	4.64015
105	240	5.23685
105	241	4.21239
105	250	4.49199
105	288	5.19687
105	293	5.67156
105	297	6.55145
106	9	3.58072
106	31	2.57313
106	34	3.32235
106	51	3.36241
106	54	3.50966
106	56	3.51893
106	70	4.11998
106	103	4.23413
106	116	4.33223
106	136	3.94549
106	138	3.74068
106	167	4.80837
106	185	4.71684
106	192	5.20253
106	208	5.33069
106	220	5.01258
106	234	5.49849
106	282	5.8057
106	293	6.41279
106	294	6.41729
107	13	3.12025
107	18	3.14525
107	26	3.12581
107	40	3.52526
107	61	4.47325
107	79	3.6268
107	82	3.59386
107	134	3.92226
107	143	3.91335
107	158	4.47942
107	169	3.6031
107	170	4.94731
107	209	4.4528
107	215	4.45073
107	217	4.77023
107	237	5.14284
107	268	5.64645
107	288	7.04541
107	292	5.98641
107	297	6.45601
108	68	2.95793
108	102	3.04917
108	118	3.78766
108	149	3.67388
108	150	3.40444
108	173	3.92338
108	174	4.24908
108	181	3.9768
108	187	3.84755
108	191	4.08465
108	192	4.80208
108	202	3.67561
108	242	4.42977
108	247	4.75262
108	262	5.22752
108	287	5.96854
108	294	6.01684
108	295	5.78351
108	296	5.89514
108	299	5.96282
109	31	3.33888
109	32	3.4372
109	43	3.23145
109	44	3.62144
109	66	3.56383
109	74	1.82241
109	96	3.2824
109	126	3.96408
109	134	3.96425
109	137	3.80819
109	147	3.62286
109	221	4.83688
109	249	4.87152
109	275	5.77283
109	283	5.72565
109	284	5.94286
109	289	5.77529
109	290	5.97553
109	295	6.40856
109	297	6.49799
110	3	3.0982
110	6	3.671
110	9	3.10867
110	21	3.08414
110	47	3.06022
110	63	3.51287
110	105	4.40759
110	138	4.61754
110	151	4.45093
110	183	4.87689
110	195	4.36012
110	208	5.36338
110	211	5.0521
110	213	5.2105
110	222	5.19989
110	233	4.64071
110	240	5.38401
110	247	4.48128
110	251	5.99863
110	256	5.85869
111	52	2.83434
111	81	3.3588
111	104	3.98248
111	126	3.57548
111	130	3.41449
111	147	3.94779
111	158	3.95257
111	161	3.6865
111	188	3.96013
111	190	4.06049
111	197	4.11577
111	226	5.69305
111	228	4.63518
111	231	4.63437
111	250	4.94004
111	268	5.29984
111	275	5.38423
111	279	5.39442
111	284	5.55426
111	299	7.01403
112	24	2.24674
112	26	2.75185
112	36	4.30174
112	97	3.08824
112	159	3.82261
112	173	4.12703
112	174	4.60888
112	187	4.20735
112	203	3.38837
112	217	4.54697
112	226	4.45971
112	234	5.01119
112	243	4.87185
112	271	4.97437
112	272	5.07088
112	276	5.50152
112	285	5.56099
112	287	4.44543
112	290	6.01729
112	300	6.44375
113	33	3.1843
113	119	3.80918
113	129	4.05211
113	131	3.79091
113	132	3.57542
113	136	3.70621
113	140	4.40031
113	151	3.66463
113	153	3.89088
113	159	4.07064
113	200	4.08373
113	218	4.0762
113	222	4.74211
113	228	5.00655
113	232	5.52947
113	244	4.87409
113	263	5.52448
113	267	5.56652
113	279	5.76579
113	291	6.16948
113	295	6.73178
114	20	5.70814
114	62	2.61693
114	78	3.61627
114	129	3.31696
114	154	3.65376
114	166	3.65543
114	177	3.74942
114	179	3.79969
114	204	4.3991
114	223	4.31096
114	226	4.44924
114	229	4.85191
114	241	4.87204
114	249	5.05864
114	256	5.14241
114	259	5.35857
114	261	4.95733
114	265	5.48253
114	271	5.61176
114	273	5.80745
114	284	5.83154
115	3	2.66157
115	30	3.9701
115	48	3.082
115	69	3.88662
115	71	4.1503
115	75	4.26433
115	87	3.51189
115	118	3.73242
115	139	4.27302
115	155	4.05201
115	174	4.87806
115	196	4.23753
115	205	4.63716
115	207	5.01767
115	216	4.85466
115	220	4.80001
115	253	5.4494
115	263	5.75159
115	275	5.77676
115	279	6.36787
115	296	6.87221
116	19	3.39152
116	96	3.47899
116	105	4.16363
116	106	4.33223
116	129	4.26593
116	137	4.00479
116	141	4.44427
116	162	3.91781
116	166	4.12775
116	173	4.74502
116	196	4.77044
116	206	5.06819
116	209	3.64058
116	217	5.00881
116	224	3.99914
116	242	5.25141
116	254	5.49312
116	267	5.16844
116	282	5.11064
116	286	5.45027
116	293	6.38733
117	23	4.15392
117	55	3.52771
117	56	3.19982
117	127	3.75371
117	130	3.70604
117	138	4.07993
117	144	4.33905
117	175	4.32597
117	187	3.91812
117	189	3.74156
117	191	4.61264
117	192	4.44961
117	201	4.3925
117	241	5.05071
117	246	5.11167
117	250	5.23159
117	269	5.60224
117	273	5.72215
117	284	5.74623
117	289	5.67824
117	294	5.89527
118	23	2.57953
118	47	4.02534
118	108	3.78766
118	115	3.73242
118	121	3.7614
118	142	3.62773
118	162	3.53613
118	168	4.60966
118	181	5.38289
118	184	4.20199
118	185	4.30969
118	188	4.16364
118	204	4.48974
118	218	4.76036
118	229	4.94255
118	239	4.75375
118	251	5.37299
118	258	4.93378
118	279	5.59793
118	294	7.42294
118	295	6.22347
119	1	2.62926
119	50	3.20781
119	56	3.26681
119	71	4.0592
119	97	3.26631
119	113	3.80918
119	127	3.76359
119	142	4.34888
119	154	3.84231
119	163	4.95164
119	200	4.07695
119	213	4.68277
119	218	4.85828
119	228	4.9366
119	233	5.33193
119	236	5.18422
119	247	5.17249
119	259	5.54712
119	277	5.65572
119	283	6.11915
119	289	7.5173
120	8	4.14799
120	60	3.14982
120	69	3.54208
120	74	3.35384
120	78	3.60054
120	142	4.09544
120	160	3.60836
120	163	3.54994
120	173	5.15009
120	203	4.41142
120	216	4.51012
120	229	4.78702
120	235	4.70475
120	245	5.89898
120	246	4.86811
120	249	4.99375
120	254	4.87676
120	259	5.29369
120	266	5.65439
120	293	5.85012
120	296	6.17958
121	33	3.23443
121	35	3.49066
121	68	3.61588
121	81	3.81314
121	118	3.7614
121	143	3.98824
121	148	4.14912
121	159	3.4724
121	165	3.72478
121	170	3.77357
121	181	5.17817
121	202	4.33357
121	210	5.23153
121	219	4.89719
121	241	4.88719
121	248	4.9921
121	249	5.36727
121	250	5.16679
121	286	6.28004
121	293	6.34637
121	297	6.5309
122	10	3.28961
122	15	2.87121
122	17	2.90137
122	25	3.31694
122	78	4.01028
122	89	3.30611
122	95	3.85478
122	99	3.53185
122	138	4.29527
122	145	4.48824
122	160	4.62469
122	173	4.66671
122	186	4.54385
122	198	4.44111
122	222	4.87762
122	234	5.87587
122	277	5.86118
122	283	6.32461
122	285	5.94452
122	292	6.7052
122	298	6.49496
123	3	2.83217
123	18	3.36176
123	34	3.27482
123	48	3.14272
123	79	3.52237
123	82	3.81037
123	84	3.98973
123	98	3.8535
123	131	3.4573
123	135	5.56755
123	169	4.80471
123	183	4.61086
123	185	4.45208
123	186	4.60009
123	228	5.77009
123	232	5.72122
123	233	5.40729
123	252	5.74697
123	276	5.96325
123	280	5.73609
123	295	6.58309
124	20	2.11927
124	42	2.7868
124	60	3.192
124	148	3.81777
124	165	3.39343
124	176	4.13828
124	187	4.17416
124	197	4.20593
124	202	3.74361
124	207	3.84805
124	231	4.37672
124	263	5.44923
124	264	5.15231
124	267	5.28531
124	285	4.5312
124	287	6.29515
124	293	5.8923
124	295	6.11012
124	297	6.19956
124	298	6.07824
124	300	5.43799
125	9	2.7413
125	44	3.69463
125	63	3.27767
125	72	3.60443
125	127	3.92395
125	134	4.03743
125	135	4.18468
125	170	3.76169
125	173	4.62161
125	177	4.09833
125	184	4.46026
125	194	4.67908
125	197	4.83102
125	227	4.47885
125	228	5.09696
125	237	5.25801
125	255	5.35491
125	270	5.33325
125	288	5.85979
125	293	6.33449
125	296	6.59338
126	6	3.28095
126	17	2.83359
126	73	4.18256
126	79	3.39834
126	85	4.41211
126	109	3.96408
126	111	3.57548
126	136	4.41814
126	142	4.48655
126	146	4.17424
126	160	4.48005
126	177	4.07564
126	180	4.40639
126	196	4.62435
126	219	4.91478
126	243	5.1876
126	253	5.42562
126	267	5.63424
126	275	5.93072
126	283	6.25682
126	297	6.54849
127	13	3.09942
127	30	3.90336
127	117	3.75371
127	119	3.76359
127	125	3.92395
127	130	3.28948
127	144	4.37329
127	147	3.94209
127	158	4.45859
127	182	4.19837
127	215	4.4299
127	217	4.7494
127	218	4.88264
127	231	5.37263
127	243	5.07428
127	246	5.1459
127	249	5.19075
127	259	5.02788
127	261	5.17025
127	283	6.04488
127	297	6.43518
128	37	2.89067
128	52	3.54535
128	80	3.20802
128	100	2.88782
128	103	3.97109
128	168	4.40319
128	179	4.03444
128	180	4.3149
128	187	3.81621
128	190	4.40811
128	199	4.45691
128	200	4.12314
128	255	5.24074
128	257	5.36136
128	269	5.50034
128	271	5.42455
128	273	5.62024
128	274	5.72086
128	278	5.74381
128	284	5.64433
128	288	5.93805
129	2	3.34794
129	21	2.79934
129	22	3.69431
129	30	4.12193
129	62	3.59923
129	102	3.62661
129	105	4.12279
129	113	4.05211
129	114	3.31696
129	116	4.26593
129	171	4.24306
129	207	5.1695
129	210	4.55162
129	214	4.91133
129	222	4.76907
129	232	5.70245
129	240	5.33915
129	261	5.38882
129	269	6.66985
129	280	5.71732
129	284	6.81384
130	30	3.85568
130	59	2.71082
130	97	3.38823
130	111	3.41449
130	117	3.70604
130	127	3.28948
130	141	4.13718
130	167	4.47583
130	173	4.43793
130	214	4.64508
130	216	4.74024
130	243	5.0266
130	244	5.06285
130	245	4.87188
130	247	5.26718
130	249	4.74925
130	253	5.33498
130	279	5.67252
130	283	5.60338
130	290	5.85326
130	300	5.9924
131	8	2.91593
131	75	1.70382
131	105	3.86159
131	113	3.79091
131	123	3.4573
131	150	3.59948
131	156	4.36918
131	168	4.33873
131	193	4.50303
131	205	4.47278
131	212	4.83851
131	239	5.04609
131	255	5.17628
131	263	5.64222
131	264	5.3453
131	268	5.58299
131	270	5.57857
131	274	5.6564
131	277	5.03855
131	280	5.45612
131	294	5.88688
132	46	1.95773
132	81	3.42147
132	82	3.27708
132	88	3.30404
132	100	3.51952
132	113	3.57542
132	190	4.12731
132	207	4.65498
132	230	4.54524
132	236	4.12527
132	244	4.62564
132	255	4.92296
132	259	5.27553
132	265	5.39949
132	269	4.8051
132	274	5.95216
132	281	5.58482
132	286	5.88837
132	291	5.82794
132	292	5.66963
132	297	6.13923
132	298	6.59461
133	6	3.15536
133	29	2.80523
133	33	3.50589
133	49	3.32696
133	87	3.76171
133	91	3.9719
133	102	4.3073
133	138	4.59835
133	169	4.55509
133	181	5.23492
133	185	4.41969
133	192	6.06021
133	196	4.49875
133	199	4.4228
133	223	4.5116
133	235	4.97027
133	236	5.1963
133	254	5.14228
133	268	5.61334
133	279	5.70792
133	286	6.17204
133	294	7.27497
134	19	3.24559
134	29	4.73756
134	32	3.48786
134	42	3.45193
134	64	3.08597
134	107	3.92226
134	109	3.96425
134	125	4.03743
134	137	3.85886
134	154	3.98015
134	156	4.52529
134	164	4.05377
134	172	4.55675
134	205	6.07668
134	218	4.99612
134	219	6.32231
134	225	4.69262
134	248	5.00986
134	263	5.79833
134	286	6.68284
134	293	6.2414
134	295	6.45923
135	8	3.21929
135	11	3.4392
135	31	3.5368
135	53	3.54136
135	64	3.59231
135	68	3.7809
135	75	3.81407
135	76	3.43225
135	77	3.86076
135	95	4.40147
135	123	5.56755
135	125	4.18468
135	167	4.20549
135	195	4.94662
135	203	4.82956
135	205	6.58302
135	217	5.01013
135	241	5.34568
135	276	5.98665
135	281	6.1415
135	286	7.18918
135	298	6.57459
136	45	3.48871
136	83	3.93214
136	93	3.64386
136	106	3.94549
136	113	3.70621
136	126	4.41814
136	145	4.29346
136	146	3.9336
136	149	4.10878
136	183	4.24619
136	193	4.41833
136	205	4.44309
136	230	4.71386
136	233	5.04262
136	234	5.68109
136	237	4.99468
136	250	5.1385
136	254	5.02723
136	270	5.06992
136	278	6.12486
136	292	6.51042
136	297	6.30785
137	66	3.13587
137	67	3.70809
137	72	3.32507
137	73	3.5569
137	109	3.80819
137	116	4.00479
137	134	3.85886
137	159	3.98247
137	161	3.9697
137	169	4.5248
137	192	4.44127
137	216	4.60213
137	220	4.68513
137	226	5.01074
137	230	4.79862
137	237	5.07944
137	261	5.71434
137	273	5.46631
137	291	6.16971
137	296	6.41481
137	299	6.33172
137	300	6.60361
138	75	4.5238
138	77	3.01164
138	86	3.49263
138	106	3.74068
138	110	4.61754
138	117	4.07993
138	122	4.29527
138	133	4.59835
138	142	3.1803
138	145	4.30411
138	154	4.19289
138	157	4.79336
138	178	4.47649
138	182	4.52459
138	192	5.76075
138	194	4.8693
138	227	4.89297
138	235	5.30876
138	251	5.82148
138	262	6.18618
138	276	6.05213
138	293	6.45414
139	14	2.89463
139	38	3.44504
139	89	3.54334
139	92	4.04207
139	94	4.01126
139	115	4.27302
139	144	3.77925
139	146	3.70832
139	149	4.65444
139	157	4.88547
139	158	4.87692
139	163	4.60189
139	195	4.70158
139	202	4.65618
139	210	4.75137
139	211	4.96706
139	218	5.30097
139	237	4.99155
139	240	5.72547
139	290	6.63805
139	292	6.38391
139	294	6.34784
140	2	3.69614
140	22	3.38956
140	28	4.16852
140	32	3.94115
140	33	3.70548
140	34	1.98438
140	42	3.90522
140	88	4.16676
140	100	3.75259
140	113	4.40031
140	162	4.44752
140	164	4.68652
140	173	5.05238
140	174	5.37809
140	189	4.50442
140	224	5.1971
140	229	5.63159
140	242	5.55877
140	265	6.26221
140	269	6.36511
140	284	6.5091
140	288	6.48299
141	15	3.08702
141	44	3.95554
141	65	4.18963
141	71	4.48047
141	104	4.34443
141	116	4.44427
141	130	4.13718
141	148	4.4503
141	174	5.20823
141	190	3.29404
141	193	4.94257
141	208	5.25692
141	243	4.01619
141	244	3.79237
141	250	5.66274
141	262	5.67851
141	263	4.44275
141	264	4.00054
141	278	6.11889
141	284	6.27695
141	295	5.65005
141	298	5.76133
142	23	3.28709
142	35	3.98023
142	73	4.18476
142	97	3.87596
142	100	4.40076
142	118	3.62773
142	119	4.34888
142	120	4.09544
142	126	4.48655
142	138	3.1803
142	144	4.95857
142	181	3.81687
142	192	4.64216
142	200	4.6866
142	201	5.01202
142	208	4.77031
142	239	5.46131
142	253	5.96794
142	262	5.06759
142	284	6.46533
142	294	5.85692
142	297	7.02047
143	24	2.55374
143	26	3.05886
143	81	3.51359
143	82	3.72382
143	89	3.22958
143	107	3.91335
143	121	3.98824
143	152	4.00217
143	158	4.10736
143	174	4.91588
143	179	4.11717
143	191	4.75145
143	193	4.65023
143	199	4.53965
143	206	4.91335
143	211	4.6533
143	216	5.43923
143	284	5.98461
143	291	7.00681
143	297	6.53975
143	298	6.41843
143	299	7.16882
144	24	3.03451
144	51	3.66288
144	71	4.66889
144	73	4.18481
144	80	3.77152
144	86	4.36028
144	99	3.93609
144	104	4.53286
144	117	4.33905
144	127	4.37329
144	139	3.77925
144	142	4.95857
144	165	3.70965
144	170	4.86723
144	174	5.39665
144	208	5.44535
144	232	6.06921
144	233	4.27175
144	247	4.11232
144	268	6.49243
144	295	6.93108
144	296	7.04271
144	297	6.36636
145	51	3.26748
145	52	3.71346
145	78	4.01912
145	122	4.48824
145	136	4.29346
145	138	4.30411
145	146	4.25087
145	148	4.10555
145	152	4.08754
145	155	4.17521
145	156	4.46047
145	157	4.65708
145	161	4.63152
145	169	4.75731
145	224	4.82027
145	232	5.29774
145	258	5.24599
145	262	5.47154
145	267	5.71087
145	274	5.88897
145	275	5.80605
145	283	6.33345
145	298	6.5038
146	53	3.5536
146	54	3.49776
146	65	2.16935
146	81	3.99039
146	126	4.17424
146	136	3.9336
146	139	3.70832
146	145	4.25087
146	195	3.92023
146	208	5.13299
146	212	5.15411
146	214	4.96573
146	217	5.02238
146	235	5.25552
146	237	4.21019
146	239	5.14899
146	245	5.19254
146	254	5.42754
146	260	5.89478
146	268	6.42149
146	289	6.3862
146	295	6.61872
146	297	6.29542
147	1	3.36709
147	61	3.84934
147	80	4.81931
147	81	4.20304
147	85	4.25749
147	89	5.31496
147	92	4.10937
147	95	4.62636
147	101	3.49874
147	109	3.62286
147	111	3.94779
147	127	3.94209
147	156	4.89743
147	171	4.51011
147	188	4.77153
147	195	5.17151
147	199	4.92071
147	218	5.36826
147	261	5.65587
147	265	5.24302
147	291	6.60951
